intersect_bp,f_orig_query,f_match,f_unique_to_query,f_unique_weighted,average_abund,median_abund,std_abund,filename,name,md5,f_match_orig,unique_intersect_bp,gather_result_rank,remaining_bp,query_filename,query_name,query_md5,query_bp,ksize,moltype,scaled,query_n_hashes,query_abundance,query_containment_ani,match_containment_ani,average_containment_ani,max_containment_ani,potential_false_negative,n_unique_weighted_found,sum_weighted_found,total_weighted_hashes,lineage
4090000,0.006237104519537082,0.7455340867663143,0.006237104519537082,0.05007966250401642,36.77359413202934,36.0,16.702183130119362,/tmp/nxf.XXXXzizwg1/sourmash_database/gtdb-rs214-reps.k51.zip,"GCF_013009555.1 Bacteroides dorei strain=DSM 17855, ASM1300955v1",92c62d3d608447418f79f40c554d2f69,0.7455340867663143,4090000,0,156286000,ERR1018280_2.fastq.gz,ERR1018280,efa08b97,655753000,51,DNA,1000,655753,True,0.9052413278097239,0.9942586152554997,0.9497499715326119,0.9942586152554997,False,150404,150404,3003295,d__Bacteria;p__Bacteroidota;c__Bacteroidia;o__Bacteroidales;f__Bacteroidaceae;g__Phocaeicola;s__Phocaeicola dorei
4007000,0.006110532471830094,0.6379722620755619,0.006102907649679071,0.014072543656217587,10.56071964017991,10.0,8.079962461866174,/tmp/nxf.XXXXzizwg1/sourmash_database/gtdb-rs214-reps.k51.zip,"GCF_000011065.1 Bacteroides thetaiotaomicron VPI-5482 strain=VPI-5482, ASM1106v1",36e5cf9f0e4c0a0411f3300c5364f87f,0.6387693288697592,4002000,1,152284000,ERR1018280_2.fastq.gz,ERR1018280,efa08b97,655753000,51,DNA,1000,655753,True,0.9048774914758521,0.9912500375164118,0.9480637644961319,0.9912500375164118,False,42264,192668,3003295,d__Bacteria;p__Bacteroidota;c__Bacteroidia;o__Bacteroidales;f__Bacteroidaceae;g__Bacteroides;s__Bacteroides thetaiotaomicron
3604000,0.005495971806457615,0.7847740236946029,0.005454797766842088,0.009809559167514347,8.236231478892927,8.0,4.292342701944391,/tmp/nxf.XXXXzizwg1/sourmash_database/gtdb-rs214-reps.k51.zip,"GCF_002222615.2 Bacteroides caccae strain=ATCC 43185, ASM222261v2",d7e7663bc3ede65000c2f57952616ae4,0.7906976744186046,3577000,2,148707000,ERR1018280_2.fastq.gz,ERR1018280,efa08b97,655753000,51,DNA,1000,655753,True,0.9029987455376564,0.9954058875032421,0.9492023165204493,0.9954058875032421,False,29461,222129,3003295,d__Bacteria;p__Bacteroidota;c__Bacteroidia;o__Bacteroidales;f__Bacteroidaceae;g__Bacteroides;s__Bacteroides caccae
3156000,0.004812787741725924,0.6006884681583476,0.004789913275272855,0.002523894589109628,2.4132441897484878,2.0,1.7328418451036265,/tmp/nxf.XXXXzizwg1/sourmash_database/gtdb-rs214-reps.k51.zip,"GCF_000025985.1 Bacteroides fragilis NCTC 9343, ASM2598v1",5ed7bd7e8a301425ed2ad891c3e399f5,0.6035570854847964,3141000,3,145566000,ERR1018280_2.fastq.gz,ERR1018280,efa08b97,655753000,51,DNA,1000,655753,True,0.9006515446880197,0.9901485592147424,0.945400051951381,0.9901485592147424,False,7580,229709,3003295,d__Bacteria;p__Bacteroidota;c__Bacteroidia;o__Bacteroidales;f__Bacteroidaceae;g__Bacteroides;s__Bacteroides fragilis
2982000,0.004547443930870312,0.4511930585683297,0.004440696420755986,0.012755989671344307,13.155906593406593,13.0,6.14732191775459,/tmp/nxf.XXXXzizwg1/sourmash_database/gtdb-rs214-reps.k51.zip,"GCF_001314995.1 Bacteroides ovatus strain=ATCC 8483, ASM131499v1",c28ea957513bf36bf9dc694cd077b880,0.46203904555314534,2912000,4,142654000,ERR1018280_2.fastq.gz,ERR1018280,efa08b97,655753000,51,DNA,1000,655753,True,0.899650591159431,0.9849746926047194,0.9423126418820752,0.9849746926047194,False,38310,268019,3003295,d__Bacteria;p__Bacteroidota;c__Bacteroidia;o__Bacteroidales;f__Bacteroidaceae;g__Bacteroides;s__Bacteroides ovatus
2736000,0.004172302681039965,0.614969656102495,0.004172302681039965,0.008094775904464929,8.885599415204679,5.0,21.52225144456408,/tmp/nxf.XXXXzizwg1/sourmash_database/gtdb-rs214-reps.k51.zip,"GCF_900537995.1 Roseburia intestinalis L1-82 strain=L1-82, Roseburia intestinalis strain L1-82",a0a31bbf8562bc7e5e4b2fd755c9aae9,0.614969656102495,2736000,5,139918000,ERR1018280_2.fastq.gz,ERR1018280,efa08b97,655753000,51,DNA,1000,655753,True,0.8981330996394888,0.9905123075819232,0.944322703610706,0.9905123075819232,False,24311,292330,3003295,d__Bacteria;p__Bacillota_A;c__Clostridia;o__Lachnospirales;f__Lachnospiraceae;g__Roseburia;s__Roseburia intestinalis
2644000,0.0040320059534611355,0.6988788040576615,0.003992356878275814,0.004601945529826407,5.279220779220779,3.0,17.81276108446982,/tmp/nxf.XXXXzizwg1/sourmash_database/gtdb-rs214-reps.k51.zip,"GCF_003473545.1 Clostridium sp. AM22-11AC strain=AM22-11AC, ASM347354v1",50efc7fa47c0997c24a73c521b04bdd3,0.7058195408435665,2618000,6,137300000,ERR1018280_2.fastq.gz,ERR1018280,efa08b97,655753000,51,DNA,1000,655753,True,0.8975309522808609,0.9931919923226543,0.9453614723017576,0.9931919923226543,False,13821,306151,3003295,d__Bacteria;p__Bacillota_A;c__Clostridia;o__Lachnospirales;f__Lachnospiraceae;g__Enterocloster;s__Enterocloster sp000431375
2554000,0.0038947591547427154,0.7627934978928357,0.0038642598661386223,0.005222597180763128,6.189818468823994,4.0,12.247862711872532,/tmp/nxf.XXXXzizwg1/sourmash_database/gtdb-rs214-reps.k51.zip,"GCF_013304445.1 Blautia hansenii strain=MSK.15.26, ASM1330444v1",6863e91bf03a789759f0f329d888ab72,0.7688139674894642,2534000,7,134766000,ERR1018280_2.fastq.gz,ERR1018280,efa08b97,655753000,51,DNA,1000,655753,True,0.8969216799657395,0.9948582397567468,0.9458899598612431,0.9948582397567468,False,15685,321836,3003295,d__Bacteria;p__Bacillota_A;c__Clostridia;o__Lachnospirales;f__Lachnospiraceae;g__Blautia;s__Blautia sp900541955
2403000,0.0036644895257818113,0.38153059594184374,0.003641615059328741,0.0014737147033508197,1.8534338358458962,1.0,10.973141830971075,/tmp/nxf.XXXXzizwg1/sourmash_database/gtdb-rs214-reps.k51.zip,"GCF_020215665.1 Blautia sp. NBRC 113351 strain=NBRC 113351, ASM2021566v1",8b38cce8c2d4b1af0b9e70afdd8fa62f,0.3839271449113277,2388000,8,132378000,ERR1018280_2.fastq.gz,ERR1018280,efa08b97,655753000,51,DNA,1000,655753,True,0.8958505373459453,0.9814044345997514,0.9386274859728483,0.9814044345997514,False,4426,326262,3003295,d__Bacteria;p__Bacillota_A;c__Clostridia;o__Lachnospirales;f__Lachnospiraceae;g__Blautia;s__Blautia sp001304935
2370000,0.0036141656995850573,0.50742034046268,0.0035455423002258473,0.0044074924374728425,5.693333333333333,5.0,5.130735832140597,/tmp/nxf.XXXXzizwg1/sourmash_database/gtdb-rs214-reps.k51.zip,"GCA_025147485.1 Bacteroides uniformis strain=ATCC 8492, ASM2514748v1",177d80c9d0f18e5195e47e20bdf54706,0.5172413793103449,2325000,9,130053000,ERR1018280_2.fastq.gz,ERR1018280,efa08b97,655753000,51,DNA,1000,655753,True,0.8956076717886556,0.9871568020119165,0.941382236900286,0.9871568020119165,False,13237,339499,3003295,d__Bacteria;p__Bacteroidota;c__Bacteroidia;o__Bacteroidales;f__Bacteroidaceae;g__Bacteroides;s__Bacteroides uniformis
2258000,0.0034433696834021347,0.6063944116066631,0.00344184471897193,0.018146735502173446,24.147097917589722,25.0,11.786032967121074,/tmp/nxf.XXXXzizwg1/sourmash_database/gtdb-rs214-reps.k51.zip,"GCF_000239295.1 Flavonifractor plautii ATCC 29863 strain=ATCC 29863, ASM23929v1",1ed22d796c79d0337723a67a4b313636,0.6066630843632456,2257000,10,127796000,ERR1018280_2.fastq.gz,ERR1018280,efa08b97,655753000,51,DNA,1000,655753,True,0.8947579416996255,0.9902482189883005,0.942503080343963,0.9902482189883005,False,54500,393999,3003295,d__Bacteria;p__Bacillota_A;c__Clostridia;o__Oscillospirales;f__Oscillospiraceae;g__Flavonifractor;s__Flavonifractor plautii
2246000,0.0034250701102396786,0.5515361744301288,0.0033945708216355855,0.0025415418731759617,3.4290206648697215,2.0,17.393977193753692,/tmp/nxf.XXXXzizwg1/sourmash_database/gtdb-rs214-reps.k51.zip,"GCF_000949455.1 Ruthenibacterium lactatiformans strain=585-1, ASM94945v1",1562c71162861a5c6e3bb1e6d2a266f2,0.5564915758176412,2226000,11,125570000,ERR1018280_2.fastq.gz,ERR1018280,efa08b97,655753000,51,DNA,1000,655753,True,0.8946644600031384,0.9885735628129443,0.9416190114080414,0.9885735628129443,False,7633,401632,3003295,d__Bacteria;p__Bacillota_A;c__Clostridia;o__Oscillospirales;f__Ruminococcaceae;g__Ruthenibacterium;s__Ruthenibacterium lactatiformans
2236000,0.003409820465937632,0.8541266794625719,0.003393045857205381,0.006942374958170942,9.370786516853933,8.0,20.733397051954015,/tmp/nxf.XXXXzizwg1/sourmash_database/gtdb-rs214-reps.k51.zip,"GCF_000153925.1 [Ruminococcus] torques ATCC 27756 strain=ATCC 27756, ASM15392v1",4abf9d69f1e69e10e84c4f7510c75164,0.8583493282149712,2225000,12,123345000,ERR1018280_2.fastq.gz,ERR1018280,efa08b97,655753000,51,DNA,1000,655753,True,0.8945861837779054,0.997009497743325,0.9457978407606152,0.997009497743325,False,20850,422482,3003295,d__Bacteria;p__Bacillota_A;c__Clostridia;o__Lachnospirales;f__Lachnospiraceae;g__Mediterraneibacter;s__Mediterraneibacter torques
2251000,0.003432694932390702,0.5501497005988024,0.0033625465686012873,0.00757234970257667,10.313832199546486,9.0,8.143743424836973,/tmp/nxf.XXXXzizwg1/sourmash_database/gtdb-rs214-reps.k51.zip,"GCF_003437535.1 Bacteroides plebeius strain=TF10-3AC, ASM343753v1",a7ecbd3721b16f24d500d3be2e3d8b6f,0.5616267465069861,2205000,13,121140000,ERR1018280_2.fastq.gz,ERR1018280,efa08b97,655753000,51,DNA,1000,655753,True,0.8947034700766765,0.9887516276206356,0.9417275488486561,0.9887516276206356,False,22742,445224,3003295,d__Bacteria;p__Bacteroidota;c__Bacteroidia;o__Bacteroidales;f__Bacteroidaceae;g__Phocaeicola;s__Phocaeicola plebeius_A
2202000,0.0033579716753106732,0.3569433032046015,0.0033122227424045333,0.0012376406580106184,1.7113259668508287,1.0,7.097583479160604,/tmp/nxf.XXXXzizwg1/sourmash_database/gtdb-rs214-reps.k51.zip,"GCF_003434055.1 Enterocloster aldensis strain=AF19-9LB, ASM343405v1",eecb9a883e1e8956a099f9d7e63aac1a,0.361873459326212,2172000,14,118968000,ERR1018280_2.fastq.gz,ERR1018280,efa08b97,655753000,51,DNA,1000,655753,True,0.8943174533252483,0.9802666997611199,0.937292076543184,0.9802666997611199,False,3717,448941,3003295,d__Bacteria;p__Bacillota_A;c__Clostridia;o__Lachnospirales;f__Lachnospiraceae;g__Enterocloster;s__Enterocloster aldenensis
2233000,0.003405245572647018,0.3885558583106267,0.0032618989162077794,0.001555291771204627,2.1837307152875174,1.0,3.7811071537983305,/tmp/nxf.XXXXzizwg1/sourmash_database/gtdb-rs214-reps.k51.zip,"GCA_000613465.1 Bacteroides nordii WAL 11050 = JCM 12987 strain=JCM 12987, ASM61346v1",2622449679f676b2a7b48fe066bdf236,0.4056312443233424,2139000,15,116829000,ERR1018280_2.fastq.gz,ERR1018280,efa08b97,655753000,51,DNA,1000,655753,True,0.8945626339761811,0.9824632224356248,0.9385129282059029,0.9824632224356248,False,4671,453612,3003295,d__Bacteria;p__Bacteroidota;c__Bacteroidia;o__Bacteroidales;f__Bacteroidaceae;g__Bacteroides;s__Bacteroides nordii
2127000,0.0032435993430453233,0.5991452991452991,0.0032070001967204114,0.0024696208664150543,3.526866381359962,2.0,16.8677583154779,/tmp/nxf.XXXXzizwg1/sourmash_database/gtdb-rs214-reps.k51.zip,"GCF_004295125.1 [Clostridium] scindens ATCC 35704 strain=ATCC 35704, ASM429512v1",7cfec14eb0600804ba54be1adb1b9af4,0.6059829059829059,2103000,16,114726000,ERR1018280_2.fastq.gz,ERR1018280,efa08b97,655753000,51,DNA,1000,655753,True,0.893709988518431,0.9902264374801384,0.9419682129992847,0.9902264374801384,False,7417,461029,3003295,d__Bacteria;p__Bacillota_A;c__Clostridia;o__Lachnospirales;f__Lachnospiraceae;g__Clostridium_AP;s__Clostridium_AP scindens
2054000,0.0031322769396403827,0.6363069245165315,0.0031109274376175176,0.004042892889309908,5.951960784313726,5.0,8.560433725407234,/tmp/nxf.XXXXzizwg1/sourmash_database/gtdb-rs214-reps.k51.zip,"GCA_003460745.1 Firmicutes bacterium AM55-24TS strain=AM55-24TS, ASM346074v1",80420d374bef48c7644cd7f87f70f8f9,0.6406737367436057,2040000,17,112686000,ERR1018280_2.fastq.gz,ERR1018280,efa08b97,655753000,51,DNA,1000,655753,True,0.8930982095072579,0.9913078997289049,0.9422030546180814,0.9913078997289049,False,12142,473171,3003295,d__Bacteria;p__Bacillota_A;c__Clostridia;o__UBA1381;f__UBA1381;g__CAG-41;s__CAG-41 sp900066215
2005000,0.0030575536825603543,0.5291455948895395,0.003031629287246875,0.0018353175428987162,2.772635814889336,2.0,5.406384155048246,/tmp/nxf.XXXXzizwg1/sourmash_database/gtdb-rs214-reps.k51.zip,"GCF_000327285.1 Holdemania massiliensis AP2 strain=AP2, ASM32728v1",7542785f6d8cc6fe92e6cf536f73c15b,0.5336704817673675,1988000,18,110698000,ERR1018280_2.fastq.gz,ERR1018280,efa08b97,655753000,51,DNA,1000,655753,True,0.8926754879803498,0.98776222935789,0.9402188586691199,0.98776222935789,False,5512,478683,3003295,d__Bacteria;p__Bacillota;c__Bacilli;o__Erysipelotrichales;f__Erysipelotrichaceae;g__Holdemania;s__Holdemania massiliensis
2032000,0.00309872772217588,0.5716340621403913,0.00303010432281667,0.0022501952022695075,3.401107196779064,2.0,7.364590999226762,/tmp/nxf.XXXXzizwg1/sourmash_database/gtdb-rs214-reps.k51.zip,"GCF_008121495.1 [Ruminococcus] gnavus ATCC 29149 strain=JCM6515, ASM812149v1",c0af2b4fd1a1fb3c5fc7e5a29e4fe5d1,0.5845799769850403,1987000,19,108711000,ERR1018280_2.fastq.gz,ERR1018280,efa08b97,655753000,51,DNA,1000,655753,True,0.8929096529222291,0.9895285122368486,0.9412190825795388,0.9895285122368486,False,6758,485441,3003295,d__Bacteria;p__Bacillota_A;c__Clostridia;o__Lachnospirales;f__Lachnospiraceae;g__Ruminococcus_B;s__Ruminococcus_B gnavus
2060000,0.0031414267262216107,0.5609963204075856,0.003022479500665647,0.002862189694985008,4.337033299697276,3.0,10.62912202361214,/tmp/nxf.XXXXzizwg1/sourmash_database/gtdb-rs214-reps.k51.zip,"GCA_003573975.1 Clostridiales bacterium CCNA10 strain=CCNA10, ASM357397v1",00fa92bb3e4b24b2703f629c0d80feb8,0.5830738748938579,1982000,20,106729000,ERR1018280_2.fastq.gz,ERR1018280,efa08b97,655753000,51,DNA,1000,655753,True,0.8931492904293866,0.989478460669216,0.9413138755493013,0.989478460669216,False,8596,494037,3003295,d__Bacteria;p__Bacillota_A;c__Clostridia;o__Oscillospirales;f__Oscillospiraceae;g__Lawsonibacter;s__Lawsonibacter sp900066825
1973000,0.003008754820793805,0.40865584685809403,0.002995030140921963,0.0020427563725841117,3.1237270875763747,3.0,2.7176100601000686,/tmp/nxf.XXXXzizwg1/sourmash_database/gtdb-rs214-reps.k51.zip,"GCF_000012845.1 Parabacteroides distasonis ATCC 8503 strain=ATCC 8503, ASM1284v1",85c74583c59734abc0e8f1a3e909b79d,0.410528506034124,1964000,21,104765000,ERR1018280_2.fastq.gz,ERR1018280,efa08b97,655753000,51,DNA,1000,655753,True,0.8923939224442584,0.9826944345430162,0.9375441784936374,0.9826944345430162,False,6135,500172,3003295,d__Bacteria;p__Bacteroidota;c__Bacteroidia;o__Bacteroidales;f__Tannerellaceae;g__Parabacteroides;s__Parabacteroides distasonis
1872000,0.002854733413343134,0.3937994722955145,0.002731211294496556,0.009529200428196364,15.979341150195422,15.0,11.568846565000861,/tmp/nxf.XXXXzizwg1/sourmash_database/gtdb-rs214-reps.k51.zip,"GCA_025148125.1 Blautia wexlerae DSM 19850 strain=DSM 19850, ASM2514812v1",7f2073ec6218c72ec98b02ac15cb9880,0.41160949868073876,1791000,22,102974000,ERR1018280_2.fastq.gz,ERR1018280,efa08b97,655753000,51,DNA,1000,655753,True,0.8914749179134799,0.9827451065117595,0.9371100122126197,0.9827451065117595,False,28619,528791,3003295,d__Bacteria;p__Bacillota_A;c__Clostridia;o__Lachnospirales;f__Lachnospiraceae;g__Blautia_A;s__Blautia_A wexlerae
1810000,0.0027601856186704444,0.48336541105306574,0.002680887468299802,0.002957751403042325,5.052901023890785,3.0,14.164081545666736,/tmp/nxf.XXXXzizwg1/sourmash_database/gtdb-rs214-reps.k51.zip,"GCF_015557635.1 Fusicatenibacter saccharivorans strain=D41t1_190614_C8, ASM1555763v1",d2fdc17cdae8aecf1aac02f627d3979a,0.4976629089909266,1758000,23,101216000,ERR1018280_2.fastq.gz,ERR1018280,efa08b97,655753000,51,DNA,1000,655753,True,0.8908863799141529,0.9864101998736795,0.9386482898939161,0.9864101998736795,False,8883,537674,3003295,d__Bacteria;p__Bacillota_A;c__Clostridia;o__Lachnospirales;f__Lachnospiraceae;g__Fusicatenibacter;s__Fusicatenibacter saccharivorans
1808000,0.002757135689810035,0.4083294555607259,0.002676312575009188,0.0015110070772268458,2.5857549857549857,2.0,1.6140133967261006,/tmp/nxf.XXXXzizwg1/sourmash_database/gtdb-rs214-reps.k51.zip,"GCA_025151215.1 Parabacteroides merdae ATCC 43184 strain=ATCC 43184, ASM2515121v1",04366d02afc93cbeed4bfc2d3a9aa9a9,0.4206607724523034,1755000,24,99461000,ERR1018280_2.fastq.gz,ERR1018280,efa08b97,655753000,51,DNA,1000,655753,True,0.8908670673958216,0.9831643398091134,0.9370157036024676,0.9831643398091134,False,4538,542212,3003295,d__Bacteria;p__Bacteroidota;c__Bacteroidia;o__Bacteroidales;f__Tannerellaceae;g__Parabacteroides;s__Parabacteroides merdae
1770000,0.0026991870414622577,0.7213930348258707,0.002653438108556118,0.0012279845969177187,2.1195402298850574,2.0,3.3279671431450186,/tmp/nxf.XXXXzizwg1/sourmash_database/gtdb-rs214-reps.k51.zip,"GCF_003425665.1 Evtepia gabavorous strain=KLE1738, ASM342566v1",825783787e9721103d4e3c056974af66,0.7338308457711443,1740000,25,97721000,ERR1018280_2.fastq.gz,ERR1018280,efa08b97,655753000,51,DNA,1000,655753,True,0.8904960947611206,0.9939502029451749,0.9422231488531477,0.9939502029451749,False,3688,545900,3003295,d__Bacteria;p__Bacillota_A;c__Clostridia;o__Oscillospirales;f__Oscillospiraceae;g__Evtepia;s__Evtepia gabavorous
1743000,0.002658013001846732,0.6196319018404908,0.0026183639266614107,0.0029431008275910293,5.147932440302854,4.0,6.259502975135238,/tmp/nxf.XXXXzizwg1/sourmash_database/gtdb-rs214-reps.k51.zip,"GCF_003024685.1 Faecalibacillus intestinalis strain=SNUG30099, ASM302468v1",4a3ada76144d96da9058de1efa570bf0,0.6290147961024901,1717000,26,96004000,ERR1018280_2.fastq.gz,ERR1018280,efa08b97,655753000,51,DNA,1000,655753,True,0.8902277330473969,0.9909509851458124,0.9405893590966046,0.9909509851458124,False,8839,554739,3003295,d__Bacteria;p__Bacillota;c__Bacilli;o__Erysipelotrichales;f__Coprobacillaceae;g__Faecalibacillus;s__Faecalibacillus intestinalis
1802000,0.0027479859032288074,0.4662125340599455,0.0026092141400801826,0.0029347766369937018,5.151373465809468,3.0,14.720894358906968,/tmp/nxf.XXXXzizwg1/sourmash_database/gtdb-rs214-reps.k51.zip,"GCA_025147765.1 Blautia obeum ATCC 29174 strain=ATCC 29174, ASM2514776v1",aa800a95b7aa246d998085e9b2fb3124,0.49100817438692096,1711000,27,94293000,ERR1018280_2.fastq.gz,ERR1018280,efa08b97,655753000,51,DNA,1000,655753,True,0.8908090039214445,0.9861498571026895,0.938479430512067,0.9861498571026895,False,8814,563553,3003295,d__Bacteria;p__Bacillota_A;c__Clostridia;o__Lachnospirales;f__Lachnospiraceae;g__Blautia_A;s__Blautia_A obeum
1769000,0.002697662077032053,0.5102657004830918,0.002577189887045885,0.002296144734366754,4.080473372781065,2.0,8.309937574844453,/tmp/nxf.XXXXzizwg1/sourmash_database/gtdb-rs214-reps.k51.zip,"GCF_001406815.1 Roseburia faecis strain=M72, M72",a0f3a6070b93943510064cfd96143d45,0.5341183574879227,1690000,28,92603000,ERR1018280_2.fastq.gz,ERR1018280,efa08b97,655753000,51,DNA,1000,655753,True,0.8904862272214402,0.987778476911358,0.9391323520663991,0.987778476911358,False,6896,570449,3003295,d__Bacteria;p__Bacillota_A;c__Clostridia;o__Lachnospirales;f__Lachnospiraceae;g__Agathobacter;s__Agathobacter faecis
1745000,0.002661062930707141,0.5599055011812353,0.0025299159897095402,0.0036839537907531563,6.669077757685352,5.0,17.71955740702928,/tmp/nxf.XXXXzizwg1/sourmash_database/gtdb-rs214-reps.k51.zip,"GCF_014287955.1 Lachnospira sp. NSJ-43 strain=NSJ-43, ASM1428795v1",b29b0d93212345cbbc98d9dd00407b7c,0.5889301383732704,1659000,29,90944000,ERR1018280_2.fastq.gz,ERR1018280,efa08b97,655753000,51,DNA,1000,655753,True,0.8902477509876636,0.9896723722914071,0.9399600616395354,0.9896723722914071,False,11064,581513,3003295,d__Bacteria;p__Bacillota_A;c__Clostridia;o__Lachnospirales;f__Lachnospiraceae;g__Lachnospira;s__Lachnospira sp900316325
1650000,0.002516191309837698,0.7009345794392523,0.002516191309837698,0.006663348089348532,12.128484848484849,11.0,6.578788744189885,/tmp/nxf.XXXXzizwg1/sourmash_database/gtdb-rs214-reps.k51.zip,"GCF_000196555.1 Bifidobacterium longum subsp. longum JCM 1217 strain=JCM 1217, ASM19655v1",4e5724ba16e37517faabf3d6eac4a812,0.7009345794392523,1650000,30,89294000,ERR1018280_2.fastq.gz,ERR1018280,efa08b97,655753000,51,DNA,1000,655753,True,0.889271122032339,0.9930567513936814,0.9411639367130102,0.9930567513936814,False,20012,601525,3003295,d__Bacteria;p__Actinomycetota;c__Actinomycetia;o__Actinomycetales;f__Bifidobacteriaceae;g__Bifidobacterium;s__Bifidobacterium longum
1739000,0.002651913144125913,0.5501672240802675,0.0025085664876866747,0.016460920422402728,30.05288753799392,29.0,11.285421070752797,/tmp/nxf.XXXXzizwg1/sourmash_database/gtdb-rs214-reps.k51.zip,"GCF_003479605.1 Roseburia sp. AF12-17LB strain=AF12-17LB, ASM347960v1",eff3b6e1f36602de5c0b298cebd0503e,0.5816053511705686,1645000,31,87649000,ERR1018280_2.fastq.gz,ERR1018280,efa08b97,655753000,51,DNA,1000,655753,True,0.8901876295201149,0.9894295357299836,0.9398085826250493,0.9894295357299836,False,49437,650962,3003295,d__Bacteria;p__Bacillota_A;c__Clostridia;o__Lachnospirales;f__Lachnospiraceae;g__RUG115;s__RUG115 sp900066395
1661000,0.002532965918569949,0.8439425051334702,0.00250704152325647,0.0016761590186778188,3.062043795620438,3.0,1.8811511483266836,/tmp/nxf.XXXXzizwg1/sourmash_database/gtdb-rs214-reps.k51.zip,"GCA_900542375.1 uncultured Ruminococcaceae bacterium, UMGS454",38170bd3035dc8b739c9c5b75fc80b2d,0.8526694045174538,1644000,32,86005000,ERR1018280_2.fastq.gz,ERR1018280,efa08b97,655753000,51,DNA,1000,655753,True,0.8893869884027309,0.9968797140349384,0.9431333512188347,0.9968797140349384,False,5034,655996,3003295,d__Bacteria;p__Bacillota_A;c__Clostridia;o__Oscillospirales;f__Acutalibacteraceae;g__UMGS1071;s__UMGS1071 sp900542375
1765000,0.0026915622193112347,0.38969711423801573,0.0024917918789544233,0.00220524457304394,4.0532435740514074,2.0,13.514495771813888,/tmp/nxf.XXXXzizwg1/sourmash_database/gtdb-rs214-reps.k51.zip,"GCA_003478935.1 Firmicutes bacterium AF25-13AC strain=AF25-13AC, ASM347893v1",d970ffa55acdde4220eb605bb1fa656e,0.4209396613403291,1634000,33,84371000,ERR1018280_2.fastq.gz,ERR1018280,efa08b97,655753000,51,DNA,1000,655753,True,0.8904467022996219,0.9831771163719536,0.9368119093357877,0.9831771163719536,False,6623,662619,3003295,d__Bacteria;p__Bacillota_A;c__Clostridia;o__Lachnospirales;f__Lachnospiraceae;g__KLE1615;s__KLE1615 sp900066985
1615000,0.002462817554780535,0.5908753709198813,0.002429268337316032,0.0041867349028317236,7.893283113622097,7.0,4.860506002433905,/tmp/nxf.XXXXzizwg1/sourmash_database/gtdb-rs214-reps.k51.zip,"GCF_000332875.2 Anaerostipes hadrus DSM 3319 strain=DSM 3319, ASM33287v2",11a8e5e9f5fa6b11c020b08a3ba744de,0.5990356083086054,1593000,34,82778000,ERR1018280_2.fastq.gz,ERR1018280,efa08b97,655753000,51,DNA,1000,655753,True,0.8888973522232873,0.9900025796745688,0.939449965948928,0.9900025796745688,False,12574,675193,3003295,d__Bacteria;p__Bacillota_A;c__Clostridia;o__Lachnospirales;f__Lachnospiraceae;g__Anaerostipes;s__Anaerostipes hadrus
1796000,0.0027388361166475793,0.3900394477317554,0.002412493728583781,0.0018373153486420748,3.4879898862199745,2.0,12.00356225592037,/tmp/nxf.XXXXzizwg1/sourmash_database/gtdb-rs214-reps.k51.zip,"GCF_000174195.1 Roseburia inulinivorans DSM 16841 strain=DSM 16841, ASM17419v1",e3692c21f5a57009b8f3ea43032066c2,0.4428007889546351,1582000,35,81196000,ERR1018280_2.fastq.gz,ERR1018280,efa08b97,655753000,51,DNA,1000,655753,True,0.8907507505975287,0.9841536545662092,0.937452202581869,0.9841536545662092,False,5518,680711,3003295,d__Bacteria;p__Bacillota_A;c__Clostridia;o__Lachnospirales;f__Lachnospiraceae;g__Roseburia;s__Roseburia inulinivorans
1570000,0.0023941941554213248,0.8459051724137931,0.0023941941554213248,0.040165218534975754,76.83312101910828,76.0,19.57032521734738,/tmp/nxf.XXXXzizwg1/sourmash_database/gtdb-rs214-reps.k51.zip,"GCA_000432435.1 Eubacterium sp. CAG:180, MGS180",6aaa52329b08c80e1697031516b7eac0,0.8459051724137931,1570000,36,79626000,ERR1018280_2.fastq.gz,ERR1018280,efa08b97,655753000,51,DNA,1000,655753,True,0.8884049464989324,0.9967240440640541,0.9425644952814933,0.9967240440640541,False,120628,801339,3003295,d__Bacteria;p__Bacillota_A;c__Clostridia;o__Oscillospirales;f__Acutalibacteraceae;g__Fimenecus;s__Fimenecus sp000432435
1697000,0.002587864638057317,0.48350292938637063,0.0023911442265609154,0.0033439938467583106,6.404974489795919,3.0,19.056371818557288,/tmp/nxf.XXXXzizwg1/sourmash_database/gtdb-rs214-reps.k51.zip,"GCF_003024715.1 Lachnoclostridium sp. SNUG30386 strain=SNUG30386, ASM302471v1",f96d0bd7faefddb572480835d902e5a6,0.5232809127351218,1568000,37,78058000,ERR1018280_2.fastq.gz,ERR1018280,efa08b97,655753000,51,DNA,1000,655753,True,0.8897609959261692,0.9873815274667496,0.9385712616964594,0.9873815274667496,False,10043,811382,3003295,d__Bacteria;p__Bacillota_A;c__Clostridia;o__Lachnospirales;f__Lachnospiraceae;g__Clostridium_Q;s__Clostridium_Q fessum
1516000,0.002311846076190273,0.7154549831487723,0.0022660971432841327,0.0017627306008900225,3.5625841184387617,3.0,3.0903487671591092,/tmp/nxf.XXXXzizwg1/sourmash_database/gtdb-rs214-reps.k51.zip,"GCF_004843545.1 Streptococcus pasteurianus strain=WUSP067, ASM484354v1",6736e580373f561321cc539b496daf3e,0.7298988926336062,1486000,38,76572000,ERR1018280_2.fastq.gz,ERR1018280,efa08b97,655753000,51,DNA,1000,655753,True,0.8877954602073441,0.9938455021324797,0.9408204811699119,0.9938455021324797,False,5294,816676,3003295,d__Bacteria;p__Bacillota;c__Bacilli;o__Lactobacillales;f__Streptococcaceae;g__Streptococcus;s__Streptococcus pasteurianus
1506000,0.0022965964318882263,0.4775577557755776,0.0022066235305061507,0.02440386309037241,50.65100207325501,48.0,28.142675737796996,/tmp/nxf.XXXXzizwg1/sourmash_database/gtdb-rs214-reps.k51.zip,"GCF_023347255.1 Faecalibacterium sp. I4384 strain=I4384, ASM2334725v1",1ea2dc0eabe05329a021ee2c38093f28,0.497029702970297,1447000,39,75125000,ERR1018280_2.fastq.gz,ERR1018280,efa08b97,655753000,51,DNA,1000,655753,True,0.887680260417657,0.9863855753320542,0.9370329178748555,0.9863855753320542,False,73292,889968,3003295,d__Bacteria;p__Bacillota_A;c__Clostridia;o__Oscillospirales;f__Ruminococcaceae;g__Faecalibacterium;s__Faecalibacterium prausnitzii_D
1495000,0.002279821823155975,0.5,0.002133425237856327,0.0014037915023332706,3.013581129378127,2.0,4.883982218937499,/tmp/nxf.XXXXzizwg1/sourmash_database/gtdb-rs214-reps.k51.zip,"GCF_003479405.1 Eubacterium sp. AF16-48 strain=AF16-48, ASM347940v1",2a7c495f035e6766fd2f9682f7c82bc3,0.5343102215868477,1399000,40,73726000,ERR1018280_2.fastq.gz,ERR1018280,efa08b97,655753000,51,DNA,1000,655753,True,0.887552671250193,0.9877854330644972,0.9376690521573451,0.9877854330644972,False,4216,894184,3003295,d__Bacteria;p__Bacillota_A;c__Clostridia;o__Lachnospirales;f__Lachnospiraceae;g__Eubacterium_G;s__Eubacterium_G sp000432355
1381000,0.002105975878112643,0.46725483542585683,0.002099876020391824,0.0025255594272290934,5.508351488743646,5.0,2.8868964921667546,/tmp/nxf.XXXXzizwg1/sourmash_database/gtdb-rs214-reps.k51.zip,"GCF_014982975.1 Sellimonas monacensis strain=DSM 108991, ASM1498297v1",94730f0c21494ad32d860575c2efa323,0.4686121479470648,1377000,41,72349000,ERR1018280_2.fastq.gz,ERR1018280,efa08b97,655753000,51,DNA,1000,655753,True,0.8861733676892913,0.9852475499940385,0.9357104588416649,0.9852475499940385,False,7585,901769,3003295,d__Bacteria;p__Bacillota_A;c__Clostridia;o__Lachnospirales;f__Lachnospiraceae;g__Lachnoclostridium_B;s__Lachnoclostridium_B monacensis
1371000,0.0020907262338105965,0.47105719237435006,0.0020724266606481404,0.000884362009060049,1.9543782192788814,2.0,1.6816482177254026,/tmp/nxf.XXXXzizwg1/sourmash_database/gtdb-rs214-reps.k51.zip,"GCF_015560805.1 Mediterraneibacter glycyrrhizinilyticus strain=BSD2780061687b_171204_B1, ASM1556080v1",cf9239adc869fdb33e75fe12f966af18,0.4752166377816291,1359000,42,70990000,ERR1018280_2.fastq.gz,ERR1018280,efa08b97,655753000,51,DNA,1000,655753,True,0.886047097435766,0.9855179569876491,0.9357825272117075,0.9855179569876491,False,2656,904425,3003295,d__Bacteria;p__Bacillota_A;c__Clostridia;o__Lachnospirales;f__Lachnospiraceae;g__Schaedlerella;s__Schaedlerella glycyrrhizinilytica_A
1483000,0.0022615222499935187,0.41498916073087644,0.0020434523364742515,0.001896916553318938,4.251492537313433,4.0,3.042270241134663,/tmp/nxf.XXXXzizwg1/sourmash_database/gtdb-rs214-reps.k51.zip,"GCA_025150245.1 Dorea formicigenerans strain=ATCC 27755, ASM2515024v1",7b7bf80b0639b07bda378c4de7e251f0,0.45927531743573863,1340000,43,69650000,ERR1018280_2.fastq.gz,ERR1018280,efa08b97,655753000,51,DNA,1000,655753,True,0.8874124291055543,0.9848588287094723,0.9361356289075133,0.9848588287094723,False,5697,910122,3003295,d__Bacteria;p__Bacillota_A;c__Clostridia;o__Lachnospirales;f__Lachnospiraceae;g__Dorea;s__Dorea formicigenerans
1390000,0.002119700557984485,0.5388035569927243,0.0020327775854628192,0.02788803630678971,62.83270817704426,63.0,21.031175621672176,/tmp/nxf.XXXXzizwg1/sourmash_database/gtdb-rs214-reps.k51.zip,"GCA_900539945.1 uncultured Faecalibacterium sp., UMGS183",3bb5b6dd2b10e5252389d662c26718aa,0.5618431689571544,1333000,44,68317000,ERR1018280_2.fastq.gz,ERR1018280,efa08b97,655753000,51,DNA,1000,655753,True,0.8862862468268756,0.9887590970863643,0.93752267195662,0.9887590970863643,False,83756,993878,3003295,d__Bacteria;p__Bacillota_A;c__Clostridia;o__Oscillospirales;f__Ruminococcaceae;g__Faecalibacterium;s__Faecalibacterium sp900539945
1314000,0.0020038032612889303,0.5384615384615384,0.001996178439137907,0.0006682660211534331,1.533231474407945,1.0,0.8226196908290551,/tmp/nxf.XXXXzizwg1/sourmash_database/gtdb-rs214-reps.k51.zip,"GCA_900546215.1 uncultured Clostridiales bacterium, UMGS863",9136f0e76c890ad3c93ce31bc8505530,0.5405183052241875,1309000,45,67008000,ERR1018280_2.fastq.gz,ERR1018280,efa08b97,655753000,51,DNA,1000,655753,True,0.8853096490072992,0.9880091994401629,0.936659424223731,0.9880091994401629,False,2007,995885,3003295,d__Bacteria;p__Bacillota_A;c__Clostridia;o__Lachnospirales;f__Anaerotignaceae;g__Metalachnospira;s__Metalachnospira sp900546215
1362000,0.0020770015539387544,0.3692699490662139,0.0019900785814170882,0.000928313735413937,2.1363984674329504,2.0,5.644630654719305,/tmp/nxf.XXXXzizwg1/sourmash_database/gtdb-rs214-reps.k51.zip,"GCF_005121165.3 Dysosmobacter welbionis strain=J115, ASM512116v3",09a34dca3e142e3d9e58ce200e89b31c,0.3853989813242784,1305000,46,65703000,ERR1018280_2.fastq.gz,ERR1018280,efa08b97,655753000,51,DNA,1000,655753,True,0.8859326797835316,0.9814780678072541,0.9337053737953929,0.9814780678072541,False,2788,998673,3003295,d__Bacteria;p__Bacillota_A;c__Clostridia;o__Oscillospirales;f__Oscillospiraceae;g__Dysosmobacter;s__Dysosmobacter welbionis
1321000,0.002014478012300363,0.41982984293193715,0.0019565293639525858,0.001026872152086292,2.4037412314886986,2.0,3.2556518446876783,/tmp/nxf.XXXXzizwg1/sourmash_database/gtdb-rs214-reps.k51.zip,"GCF_001244995.1 Intestinimonas massiliensis strain=GD2, Intestinimonas massiliensis",28e4f470ebd97e14ad1addd5f21664e4,0.43226439790575916,1283000,47,64420000,ERR1018280_2.fastq.gz,ERR1018280,efa08b97,655753000,51,DNA,1000,655753,True,0.8854018840772745,0.9836890401746523,0.9345454621259635,0.9836890401746523,False,3084,1001757,3003295,d__Bacteria;p__Bacillota_A;c__Clostridia;o__Oscillospirales;f__Oscillospiraceae;g__Intestinimonas;s__Intestinimonas massiliensis
1359000,0.0020724266606481404,0.4265640682502509,0.0019443296485109486,0.007951266858567008,18.729411764705883,18.0,8.826415214362633,/tmp/nxf.XXXXzizwg1/sourmash_database/gtdb-rs214-reps.k51.zip,"GCF_009680455.1 Lachnospira eligens strain=BIOML-A1, ASM968045v1",93a7d0e658bdfb8b86a54dc8bf8c1937,0.45466711274673804,1275000,48,63145000,ERR1018280_2.fastq.gz,ERR1018280,efa08b97,655753000,51,DNA,1000,655753,True,0.8858943757912011,0.9846641100963615,0.9352792429437813,0.9846641100963615,False,23880,1025637,3003295,d__Bacteria;p__Bacillota_A;c__Clostridia;o__Lachnospirales;f__Lachnospiraceae;g__Lachnospira;s__Lachnospira eligens_A
1282000,0.001955004399522381,0.4137139107611549,0.001922980146488083,0.0010664952993295698,2.5400475812846945,1.0,8.343689300760008,/tmp/nxf.XXXXzizwg1/sourmash_database/gtdb-rs214-reps.k51.zip,"GCF_009557455.1 Alistipes sp. dk3624 strain=dk3624, ASM955745v1",45e0b7879ab717fa12f717dd8813a4e6,0.4206036745406824,1261000,49,61884000,ERR1018280_2.fastq.gz,ERR1018280,efa08b97,655753000,51,DNA,1000,655753,True,0.8848817735900597,0.9831617229939431,0.9340217482920015,0.9831617229939431,False,3203,1028840,3003295,d__Bacteria;p__Bacteroidota;c__Bacteroidia;o__Bacteroidales;f__Rikenellaceae;g__Alistipes_A;s__Alistipes_A pullistercoris
1452000,0.002214248352657174,0.35538592027141647,0.0019168802887672646,0.0009263159296705785,2.213206046141607,1.0,4.482695516403901,/tmp/nxf.XXXXzizwg1/sourmash_database/gtdb-rs214-reps.k51.zip,"GCF_900104635.1 Coprococcus phoceensis strain=Marseille-P3062, PRJEB16356",3c1093b123c8877409b70557b1c6bbf4,0.41051738761662426,1257000,50,60627000,ERR1018280_2.fastq.gz,ERR1018280,efa08b97,655753000,51,DNA,1000,655753,True,0.8870449225229615,0.9826939126833342,0.9348694176031478,0.9826939126833342,False,2782,1031622,3003295,d__Bacteria;p__Bacillota_A;c__Clostridia;o__Lachnospirales;f__Lachnospiraceae;g__Faecalimonas;s__Faecalimonas phoceensis
1256000,0.00191535532433706,0.3317934782608696,0.0018619815692798966,0.0005806955360695503,1.4283374283374284,1.0,1.4391790375747324,/tmp/nxf.XXXXzizwg1/sourmash_database/gtdb-rs214-reps.k51.zip,"GCF_009767585.1 Coprobacillus cateniformis strain=RCA1-24, ASM976758v1",de87416613bb46c39ff2def37c865c30,0.34130434782608693,1221000,51,59406000,ERR1018280_2.fastq.gz,ERR1018280,efa08b97,655753000,51,DNA,1000,655753,True,0.8845263430376781,0.979142536936564,0.931834439987121,0.979142536936564,False,1744,1033366,3003295,d__Bacteria;p__Bacillota;c__Bacilli;o__Erysipelotrichales;f__Coprobacillaceae;g__Coprobacillus;s__Coprobacillus cateniformis
1374000,0.0020953011271012106,0.4218207088255733,0.0018513068182684639,0.006114950412796612,15.127677100494234,11.0,21.931810040184423,/tmp/nxf.XXXXzizwg1/sourmash_database/gtdb-rs214-reps.k51.zip,"GCF_020687245.1 Faecalibacterium longum CLA-AA-H243 strain=CLA-AA-H243, ASM2068724v1",e1ff3e2f54ab82a776eb959bb6aa8673,0.477414871438499,1214000,52,58192000,ERR1018280_2.fastq.gz,ERR1018280,efa08b97,655753000,51,DNA,1000,655753,True,0.8860850730679485,0.9856071423730505,0.9358461077204995,0.9856071423730505,False,18365,1051731,3003295,d__Bacteria;p__Bacillota_A;c__Clostridia;o__Oscillospirales;f__Ruminococcaceae;g__Faecalibacterium;s__Faecalibacterium longum
1232000,0.0018787561780121479,0.21973012399708242,0.001837582138396622,0.0005344130363484107,1.3319502074688796,1.0,0.8020823091901009,/tmp/nxf.XXXXzizwg1/sourmash_database/gtdb-rs214-reps.k51.zip,"GCF_020297485.1 Enterocloster clostridioformis strain=FDAARGOS_1529, ASM2029748v1",dd34132a65d34f2b7d61732ca67b1c02,0.22465353756382203,1205000,53,56987000,ERR1018280_2.fastq.gz,ERR1018280,efa08b97,655753000,51,DNA,1000,655753,True,0.8841917916896331,0.971146107435136,0.9276689495623845,0.971146107435136,False,1605,1053336,3003295,d__Bacteria;p__Bacillota_A;c__Clostridia;o__Lachnospirales;f__Lachnospiraceae;g__Enterocloster;s__Enterocloster clostridioformis
1276000,0.0019458546129411532,0.21950315164998146,0.001805557885362324,0.0005424042593218448,1.3758445945945945,1.0,1.088852124405391,/tmp/nxf.XXXXzizwg1/sourmash_database/gtdb-rs214-reps.k51.zip,"GCF_001404335.1 Faecalicatena contorta strain=2789STDY5834876, 13470_2#95",02779be69eceab00d050ea56978d493a,0.23655913978494625,1184000,54,55803000,ERR1018280_2.fastq.gz,ERR1018280,efa08b97,655753000,51,DNA,1000,655753,True,0.8848003825492485,0.9721299166875604,0.9284651496184044,0.9721299166875604,False,1629,1054965,3003295,d__Bacteria;p__Bacillota_A;c__Clostridia;o__Lachnospirales;f__Lachnospiraceae;g__Muricomes;s__Muricomes contortus_B
1221000,0.0018619815692798966,0.46162881754111196,0.0017979330632113006,0.08180182099993508,208.3757421543681,206.0,87.37965938256497,/tmp/nxf.XXXXzizwg1/sourmash_database/gtdb-rs214-reps.k51.zip,"GCF_003438075.1 Eubacterium sp. OM08-24 strain=OM08-24, ASM343807v1",d2b493590326b197c03613ce8b35beb2,0.4780736100234926,1179000,55,54624000,ERR1018280_2.fastq.gz,ERR1018280,efa08b97,655753000,51,DNA,1000,655753,True,0.8840363146866973,0.985633789920727,0.9348350523037121,0.985633789920727,False,245675,1300640,3003295,d__Bacteria;p__Bacillota_A;c__Clostridia;o__Oscillospirales;f__Acutalibacteraceae;g__Ruminococcus_E;s__Ruminococcus_E sp003438075
1151000,0.00175523405916557,0.5277650298301974,0.0017537090947353654,0.006063673398717076,15.835652173913044,16.0,6.049788947872448,/tmp/nxf.XXXXzizwg1/sourmash_database/gtdb-rs214-reps.k51.zip,"GCA_003525905.1 Clostridiales bacterium, ASM352590v1",68d740a918028a84a485245895b6166f,0.5282239559430931,1150000,56,53474000,ERR1018280_2.fastq.gz,ERR1018280,efa08b97,655753000,51,DNA,1000,655753,True,0.8830135209696179,0.9875635692861732,0.9352885451278956,0.9875635692861732,False,18211,1318851,3003295,d__Bacteria;p__Bacillota_A;c__Clostridia;o__Oscillospirales;f__Oscillospiraceae;g__Faecousia;s__Faecousia sp003525905
1140000,0.0017384594504333186,0.39337474120082816,0.0017384594504333186,0.0006249802300473314,1.6464912280701753,1.0,2.3242686012216422,/tmp/nxf.XXXXzizwg1/sourmash_database/gtdb-rs214-reps.k51.zip,"GCF_015667935.1 Clostridium sp. 1001270J_160509_D11 strain=1001270J_160509_D11, ASM1566793v1",c45f5446d55770ed85cdda538b360888,0.39337474120082816,1140000,57,52334000,ERR1018280_2.fastq.gz,ERR1018280,efa08b97,655753000,51,DNA,1000,655753,True,0.8828472726668695,0.9818723467673433,0.9323598097171064,0.9818723467673433,False,1877,1320728,3003295,d__Bacteria;p__Bacillota_A;c__Clostridia;o__Peptostreptococcales;f__Peptostreptococcaceae;g__Intestinibacter;s__Intestinibacter sp900540355
1240000,0.0018909558934537853,0.341991341991342,0.00168661065980636,0.001041855695161481,2.829113924050633,1.0,9.827936641849476,/tmp/nxf.XXXXzizwg1/sourmash_database/gtdb-rs214-reps.k51.zip,"GCF_003480315.1 Clostridium sp. AM33-3 strain=AM33-3, ASM348031v1",56cbdfd921f10b7afe2f0fc75404eaa1,0.383426097711812,1106000,58,51228000,ERR1018280_2.fastq.gz,ERR1018280,efa08b97,655753000,51,DNA,1000,655753,True,0.8843040134027333,0.9813793049958328,0.9328416591992831,0.9813793049958328,False,3129,1323857,3003295,d__Bacteria;p__Bacillota_A;c__Clostridia;o__Lachnospirales;f__Lachnospiraceae;g__Ventrimonas;s__Ventrimonas sp003480315
1092000,0.0016652611577834947,0.4791575252303642,0.0016652611577834947,0.0007198760028568623,1.97985347985348,2.0,1.1965903852030644,/tmp/nxf.XXXXzizwg1/sourmash_database/gtdb-rs214-reps.k51.zip,"GCF_003269275.1 Phascolarctobacterium faecium DSM 14760 strain=DSM 14760, ASM326927v1",7c43b2da8075c4100917842aa30c8367,0.4791575252303642,1092000,59,50136000,ERR1018280_2.fastq.gz,ERR1018280,efa08b97,655753000,51,DNA,1000,655753,True,0.8821029242573276,0.9856775586284945,0.9338902414429111,0.9856775586284945,False,2162,1326019,3003295,d__Bacteria;p__Bacillota_C;c__Negativicutes;o__Acidaminococcales;f__Acidaminococcaceae;g__Phascolarctobacterium;s__Phascolarctobacterium faecium
1121000,0.00170948512625943,0.30620608899297425,0.00159511279399408,0.001323879272598929,3.801147227533461,3.0,5.773003584408192,/tmp/nxf.XXXXzizwg1/sourmash_database/gtdb-rs214-reps.k51.zip,"GCF_900209925.1 Anaerobutyricum hallii, EH1",84b0ba7d93d1acab2a2022439c432f48,0.3281615925058548,1046000,60,49090000,ERR1018280_2.fastq.gz,ERR1018280,efa08b97,655753000,51,DNA,1000,655753,True,0.8825563771007001,0.9783889171548846,0.9304726471277924,0.9783889171548846,False,3976,1329995,3003295,d__Bacteria;p__Bacillota_A;c__Clostridia;o__Lachnospirales;f__Lachnospiraceae;g__Anaerobutyricum;s__Anaerobutyricum soehngenii
997000,0.0015203895369140514,0.3453136011275546,0.0014944651416005721,0.0045266948468265684,13.872448979591837,13.5,5.379198039998096,/tmp/nxf.XXXXzizwg1/sourmash_database/gtdb-rs214-reps.k51.zip,"GCF_000723465.1 Ruminococcus bicirculans strain=80/3, Rb803",70a947f02b8a53314791d97d0ad7467e,0.3513037350246653,980000,61,48110000,ERR1018280_2.fastq.gz,ERR1018280,efa08b97,655753000,51,DNA,1000,655753,True,0.8805301136264844,0.9796970920328505,0.9301136028296675,0.9796970920328505,False,13595,1343590,3003295,d__Bacteria;p__Bacillota_A;c__Clostridia;o__Oscillospirales;f__Ruminococcaceae;g__Ruminococcus_D;s__Ruminococcus_D bicirculans
1156000,0.0017628588813165932,0.1483231707317073,0.0014837903905891396,0.00046282499721139617,1.4285714285714286,1.0,1.3685221000106609,/tmp/nxf.XXXXzizwg1/sourmash_database/gtdb-rs214-reps.k51.zip,"GCF_002234575.2 Enterocloster bolteae strain=ATCC BAA-613, ASM223457v2",b5edd45c572fe04753d4848d8e14e842,0.17621951219512194,973000,62,47137000,ERR1018280_2.fastq.gz,ERR1018280,efa08b97,655753000,51,DNA,1000,655753,True,0.8830885740841492,0.9665331299954728,0.9248108520398111,0.9665331299954728,False,1390,1344980,3003295,d__Bacteria;p__Bacillota_A;c__Clostridia;o__Lachnospirales;f__Lachnospiraceae;g__Enterocloster;s__Enterocloster bolteae
1166000,0.00177810852561864,0.2453306410903584,0.001482265426158935,0.0007268683229586171,2.2458847736625516,1.0,7.057395031362366,/tmp/nxf.XXXXzizwg1/sourmash_database/gtdb-rs214-reps.k51.zip,"GCA_003584705.1 Lachnospiraceae bacterium GAM79 strain=GAM79, ASM358470v1",70a12b75803f82aa8bff2c80aad9821b,0.2942958101968703,972000,63,46165000,ERR1018280_2.fastq.gz,ERR1018280,efa08b97,655753000,51,DNA,1000,655753,True,0.883237730256172,0.9763016011319349,0.9297696656940535,0.9763016011319349,False,2183,1347163,3003295,d__Bacteria;p__Bacillota_A;c__Clostridia;o__Lachnospirales;f__Lachnospiraceae;g__Acetatifactor;s__Acetatifactor sp900066565
964000,0.0014700657107172975,0.45769961977186313,0.0014685407462870928,0.0018736088196464216,5.843198338525442,5.0,3.2779389323084165,/tmp/nxf.XXXXzizwg1/sourmash_database/gtdb-rs214-reps.k51.zip,"GCF_009696325.1 Collinsella sp. WCA1-178-WT-3 (M1) strain=WCA1-178-WT-3 (M1), ASM969632v1",0bba676288ab21e93f3582b8249493c7,0.45817490494296575,963000,64,45202000,ERR1018280_2.fastq.gz,ERR1018280,efa08b97,655753000,51,DNA,1000,655753,True,0.879949164541004,0.9848125056965891,0.9323808351187965,0.9848125056965891,False,5627,1352790,3003295,d__Bacteria;p__Actinomycetota;c__Coriobacteriia;o__Coriobacteriales;f__Coriobacteriaceae;g__Collinsella;s__Collinsella sp002391315
2116000,0.0032268247343130723,0.14076727869831318,0.0014380414576829995,0.0017950284604076523,5.716861081654295,1.0,7.725088372263499,/tmp/nxf.XXXXzizwg1/sourmash_database/gtdb-rs214-reps.k51.zip,"GCF_014334015.1 Bacteroides sp. M10 strain=M10, ASM1433401v1",e43d5d90afd8ffb683d480ea8b36d926,0.315868040005971,943000,65,44259000,ERR1018280_2.fastq.gz,ERR1018280,efa08b97,655753000,51,DNA,1000,655753,True,0.8936191322321444,0.9776567114785746,0.9356379218553594,0.9776567114785746,False,5391,1358181,3003295,d__Bacteria;p__Bacteroidota;c__Bacteroidia;o__Bacteroidales;f__Bacteroidaceae;g__Bacteroides;s__Bacteroides intestinigallinarum
1091000,0.00166373619335329,0.2813995215311005,0.0014349915288225901,0.007138492888643972,22.783209351753452,22.0,11.244258173778954,/tmp/nxf.XXXXzizwg1/sourmash_database/gtdb-rs214-reps.k51.zip,"GCA_001312505.1 [Ruminococcus] faecis JCM 15917 strain=JCM 15917, ASM131250v1",74084a0ba33e0aad9e3ea50a89ace6e7,0.326255980861244,941000,66,43318000,ERR1018280_2.fastq.gz,ERR1018280,efa08b97,655753000,51,DNA,1000,655753,True,0.8820870781907902,0.9782771981085098,0.93018213814965,0.9782771981085098,False,21439,1379620,3003295,d__Bacteria;p__Bacillota_A;c__Clostridia;o__Lachnospirales;f__Lachnospiraceae;g__Mediterraneibacter;s__Mediterraneibacter faecis
1021000,0.0015569886832389635,0.30254350736278446,0.0013785678449050175,0.00048746460137948485,1.6194690265486726,1.0,1.6746077816885878,/tmp/nxf.XXXXzizwg1/sourmash_database/gtdb-rs214-reps.k51.zip,"GCA_025148965.1 Intestinibacter bartlettii strain=DSM 16795, ASM2514896v1",7dae968335e10707e04076acaf75f7a9,0.34170013386880854,904000,67,42414000,ERR1018280_2.fastq.gz,ERR1018280,efa08b97,655753000,51,DNA,1000,655753,True,0.8809408998534054,0.9791647878396563,0.9300528438465309,0.9791647878396563,False,1464,1381084,3003295,d__Bacteria;p__Bacillota_A;c__Clostridia;o__Peptostreptococcales;f__Peptostreptococcaceae;g__Intestinibacter;s__Intestinibacter bartlettii
901000,0.0013739929516144037,0.27637260950030845,0.0013663681294633803,0.0005104393674281081,1.7109375,1.0,0.94616991811772,/tmp/nxf.XXXXzizwg1/sourmash_database/gtdb-rs214-reps.k51.zip,"GCF_900199375.1 Gordonibacter urolithinfaciens strain=DSM 27213T, G142160_polished_assembly_ID17483",d7eaa3023b4605cf120952272bc556e5,0.27791486736582355,896000,68,41518000,ERR1018280_2.fastq.gz,ERR1018280,efa08b97,655753000,51,DNA,1000,655753,True,0.8787838138081049,0.9752058760161124,0.9269948449121086,0.9752058760161124,False,1533,1382617,3003295,d__Bacteria;p__Actinomycetota;c__Coriobacteriia;o__Coriobacteriales;f__Eggerthellaceae;g__Gordonibacter;s__Gordonibacter urolithinfaciens
866000,0.0013206191965572404,0.34258524980174465,0.001317569267696831,0.0004535019037423896,1.5763888888888888,1.0,1.227085494873277,/tmp/nxf.XXXXzizwg1/sourmash_database/gtdb-rs214-reps.k51.zip,"GCF_000297775.1 Sutterella wadsworthensis 2_1_59BFAA strain=2_1_59BFAA, Sutt_wads_2_1_59BFAA_V1",3734ccb9f3bdf4dec767943ba7d441a9,0.34337827121332276,864000,69,40654000,ERR1018280_2.fastq.gz,ERR1018280,efa08b97,655753000,51,DNA,1000,655753,True,0.8781013785036726,0.9792588520814351,0.9286801152925539,0.9792588520814351,False,1362,1383979,3003295,d__Bacteria;p__Pseudomonadota;c__Gammaproteobacteria;o__Burkholderiales;f__Burkholderiaceae_A;g__Sutterella;s__Sutterella wadsworthensis_A
861000,0.001312994374406217,0.15797207935341662,0.0013114694099760123,0.00033663026775591475,1.1755813953488372,1.0,0.43467069773314654,/tmp/nxf.XXXXzizwg1/sourmash_database/gtdb-rs214-reps.k51.zip,"GCF_000742135.1 Klebsiella pneumoniae strain=ATCC 13883, ASM74213v1",8ff128bf2d890d4208a034d2790eae21,0.15815576781778104,860000,70,39794000,ERR1018280_2.fastq.gz,ERR1018280,efa08b97,655753000,51,DNA,1000,655753,True,0.8780016868719099,0.9644856823706233,0.9212436846212666,0.9644856823706233,False,1011,1384990,3003295,d__Bacteria;p__Pseudomonadota;c__Gammaproteobacteria;o__Enterobacterales;f__Enterobacteriaceae;g__Klebsiella;s__Klebsiella pneumoniae
914000,0.0013938174892070643,0.2809540512101017,0.001221496508593937,0.00245197358234872,9.19350811485643,9.0,5.850083628007229,/tmp/nxf.XXXXzizwg1/sourmash_database/gtdb-rs214-reps.k51.zip,"GCA_003096535.1 Agathobaculum butyriciproducens strain=DSM 100391, ASM309653v1",f95593bb2ec2b82c10cb0d4ba8cefe38,0.32058926692388634,801000,71,38993000,ERR1018280_2.fastq.gz,ERR1018280,efa08b97,655753000,51,DNA,1000,655753,True,0.8790306887518925,0.9779411595152109,0.9284859241335517,0.9779411595152109,False,7364,1392354,3003295,d__Bacteria;p__Bacillota_A;c__Clostridia;o__Oscillospirales;f__Butyricicoccaceae;g__Agathobaculum;s__Agathobaculum butyriciproducens
801000,0.001221496508593937,0.25713348638898,0.0011955721132804577,0.0004321919758132318,1.655612244897959,1.0,7.735174703029059,/tmp/nxf.XXXXzizwg1/sourmash_database/gtdb-rs214-reps.k51.zip,"GCF_003268275.1 Ruminococcaceae bacterium strain=ASD2818, ASM326827v1",735f9dac160e746e3248004fe75c66cc,0.2627090849458839,784000,72,38209000,ERR1018280_2.fastq.gz,ERR1018280,efa08b97,655753000,51,DNA,1000,655753,True,0.8767590144544384,0.9741305389252433,0.9254447766898408,0.9741305389252433,False,1298,1393652,3003295,d__Bacteria;p__Bacillota_A;c__Clostridia;o__Oscillospirales;f__Acutalibacteraceae;g__Hydrogeniiclostridium;s__Hydrogeniiclostridium mannosilyticum
1560000,0.002378944511119278,0.12985896112831097,0.0011513481448045225,0.0034032620838112806,13.537748344370861,13.0,5.814081350472701,/tmp/nxf.XXXXzizwg1/sourmash_database/gtdb-rs214-reps.k51.zip,"GCF_000210075.1 Bacteroides xylanisolvens XB1A strain=XB1A, ASM21007v1",6bf3ff1d807c2ab1988e6b3c386a7cec,0.26831785345717235,755000,73,37454000,ERR1018280_2.fastq.gz,ERR1018280,efa08b97,655753000,51,DNA,1000,655753,True,0.8882936450747395,0.9745341230184456,0.9314138840465925,0.9745341230184456,False,10221,1403873,3003295,d__Bacteria;p__Bacteroidota;c__Bacteroidia;o__Bacteroidales;f__Bacteroidaceae;g__Bacteroides;s__Bacteroides xylanisolvens
758000,0.0011559230380951365,0.23433070866141734,0.001134573536072271,0.00031032582546836057,1.2526881720430108,1.0,0.508654433649066,/tmp/nxf.XXXXzizwg1/sourmash_database/gtdb-rs214-reps.k51.zip,"GCF_001280875.1 Sellimonas intestinalis strain=BR72, ASM128087v1",bd7b21c08b7d787a76e4a76498e91d07,0.23874015748031496,744000,74,36710000,ERR1018280_2.fastq.gz,ERR1018280,efa08b97,655753000,51,DNA,1000,655753,True,0.8758109504597367,0.9723048684290236,0.9240579094443802,0.9723048684290236,False,932,1404805,3003295,d__Bacteria;p__Bacillota_A;c__Clostridia;o__Lachnospirales;f__Lachnospiraceae;g__Sellimonas;s__Sellimonas intestinalis
1086000,0.0016561113712022667,0.1927710843373494,0.0010491755279808097,0.00034295665260988345,1.497093023255814,1.0,1.6955800038589182,/tmp/nxf.XXXXzizwg1/sourmash_database/gtdb-rs214-reps.k51.zip,"GCF_003478505.1 Clostridium sp. AF27-2AA strain=AF27-2AA, ASM347850v1",b10dd0b114052058cb5fbad68d74b337,0.3042869151022695,688000,75,36022000,ERR1018280_2.fastq.gz,ERR1018280,efa08b97,655753000,51,DNA,1000,655753,True,0.8820076336497089,0.9769409172500729,0.9294742754498909,0.9769409172500729,False,1030,1405835,3003295,d__Bacteria;p__Bacillota_A;c__Clostridia;o__Lachnospirales;f__Lachnospiraceae;g__Ventrimonas;s__Ventrimonas sp003478505
699000,0.0010659501367130612,0.16214919644998801,0.0010308759548183538,0.0002810246745657686,1.2485207100591715,1.0,0.6461635996402827,/tmp/nxf.XXXXzizwg1/sourmash_database/gtdb-rs214-reps.k51.zip,"GCF_009834925.2 Eggerthella sp. HF-1101 strain=HF-1101, ASM983492v2",2d8de2ebf83b7179da3733d0acc19755,0.16766610698009116,676000,76,35346000,ERR1018280_2.fastq.gz,ERR1018280,efa08b97,655753000,51,DNA,1000,655753,True,0.8744205009377108,0.9655906343595468,0.9200055676486288,0.9655906343595468,False,844,1406679,3003295,d__Bacteria;p__Actinomycetota;c__Coriobacteriia;o__Coriobacteriales;f__Eggerthellaceae;g__Eggerthella;s__Eggerthella guodeyinii
675000,0.0010293509903881492,0.5754475703324808,0.0010293509903881492,0.0030979307727013166,13.783703703703704,13.0,5.618543470244163,/tmp/nxf.XXXXzizwg1/sourmash_database/gtdb-rs214-reps.k51.zip,"GCA_900547225.1 uncultured Tenericutes bacterium, UMGS957",2cbb4277c20532b9892eb733d365b599,0.5754475703324808,675000,77,34671000,ERR1018280_2.fastq.gz,ERR1018280,efa08b97,655753000,51,DNA,1000,655753,True,0.8738216757164253,0.989223057401522,0.9315223665589737,0.989223057401522,False,9304,1415983,3003295,d__Bacteria;p__Bacillota;c__Bacilli;o__RF39;f__UBA660;g__Aphodocola;s__Aphodocola sp900547225
640000,0.0009759772353309859,0.3506350082827167,0.0009683524131799626,0.000275031257335693,1.300787401574803,1.0,0.59333517011319,/tmp/nxf.XXXXzizwg1/sourmash_database/gtdb-rs214-reps.k51.zip,"GCA_934717555.1 uncultured Clostridium sp., ERR7738620_bin.164",b16d22a0f28f9add60a690c75da69ed7,0.353395913859746,635000,78,34036000,ERR1018280_2.fastq.gz,ERR1018280,efa08b97,655753000,51,DNA,1000,655753,True,0.8729098731197101,0.9798111624279966,0.9263605177738534,0.9798111624279966,False,826,1416809,3003295,d__Bacteria;p__Bacillota_A;c__Clostridia;o__Oscillospirales;f__Acutalibacteraceae;g__CAJFUH01;s__CAJFUH01 sp934717555
612000,0.0009332782312852552,0.12795316746811625,0.0009332782312852552,0.0002703697106011897,1.326797385620915,1.0,0.6296597832222923,/tmp/nxf.XXXXzizwg1/sourmash_database/gtdb-rs214-reps.k51.zip,"GCF_000701705.1 Bilophila wadsworthia ATCC 49260 strain=ATCC 49260, ASM70170v1",b1bd0a4998658b6084d0785f2a2c686c,0.12795316746811625,612000,79,33424000,ERR1018280_2.fastq.gz,ERR1018280,efa08b97,655753000,51,DNA,1000,655753,True,0.8721445146605572,0.9604863492126459,0.9163154319366016,0.9604863492126459,False,812,1417621,3003295,d__Bacteria;p__Desulfobacterota;c__Desulfovibrionia;o__Desulfovibrionales;f__Desulfovibrionaceae;g__Bilophila;s__Bilophila wadsworthia
693000,0.0010568003501318331,0.16156507852009583,0.0009256534091342319,0.0003030005377427126,1.4991762767710048,1.0,3.0193635353138317,/tmp/nxf.XXXXzizwg1/sourmash_database/gtdb-rs214-reps.k51.zip,"GCF_014337235.1 Eubacterium sp. NSJ-61 strain=NSJ-61, ASM1433723v1",d375eb9fb9c2c0ae5708a39f05e86c8d,0.1844556827255789,607000,80,32817000,ERR1018280_2.fastq.gz,ERR1018280,efa08b97,655753000,51,DNA,1000,655753,True,0.8742727064792023,0.9673992052503436,0.920835955864773,0.9673992052503436,False,910,1418531,3003295,d__Bacteria;p__Bacillota;c__Bacilli;o__Erysipelotrichales;f__Erysipelotrichaceae;g__NSJ-61;s__NSJ-61 sp003433845
668000,0.0010186762393767166,0.19464469618949537,0.0008646548319260454,0.0002980060233843162,1.5784832451499118,1.0,0.9087634247929,/tmp/nxf.XXXXzizwg1/sourmash_database/gtdb-rs214-reps.k51.zip,"GCF_009695995.1 Lachnospiraceae bacterium WCA3-601-WT-6H strain=WCA3-601-WT-6H, ASM969599v1",5d6c5014a4cd18c2fe5be407fbfab795,0.22931685547545486,567000,81,32250000,ERR1018280_2.fastq.gz,ERR1018280,efa08b97,655753000,51,DNA,1000,655753,True,0.8736430828085266,0.9715374117561588,0.9225902472823427,0.9715374117561588,False,895,1419426,3003295,d__Bacteria;p__Bacillota_A;c__Clostridia;o__Lachnospirales;f__Lachnospiraceae;g__Acetatifactor;s__Acetatifactor intestinalis
570000,0.0008692297252166593,0.300531914893617,0.000861604903065636,0.0007501760566311335,3.9876106194690264,4.0,2.0415651094614673,/tmp/nxf.XXXXzizwg1/sourmash_database/gtdb-rs214-reps.k51.zip,"GCA_000436335.1 Clostridium sp. CAG:217, MGS217",652326cbc9a7d4826b1c7880ac5dc725,0.30319148936170215,565000,82,31685000,ERR1018280_2.fastq.gz,ERR1018280,efa08b97,655753000,51,DNA,1000,655753,True,0.870929559388122,0.9768718351816393,0.9239006972848807,0.9768718351816393,False,2253,1421679,3003295,d__Bacteria;p__Bacillota_A;c__Clostridia;o__Oscillospirales;f__Acutalibacteraceae;g__CAG-217;s__CAG-217 sp000436335
625000,0.0009531027688779159,0.19713386927647675,0.0008600799386354313,0.0002983389910082093,1.5886524822695036,1.0,2.1298983493402233,/tmp/nxf.XXXXzizwg1/sourmash_database/gtdb-rs214-reps.k51.zip,"GCF_020564355.1 Lachnospira pectinoschiza strain=SL.1.13, ASM2056435v1",3bf2c0fcdedffa7ce0c88a9624ebba72,0.21845508563439356,564000,83,31121000,ERR1018280_2.fastq.gz,ERR1018280,efa08b97,655753000,51,DNA,1000,655753,True,0.8725040382693012,0.9706134761941511,0.9215587572317261,0.9706134761941511,False,896,1422575,3003295,d__Bacteria;p__Bacillota_A;c__Clostridia;o__Lachnospirales;f__Lachnospiraceae;g__Lachnospira;s__Lachnospira sp000437735
558000,0.0008509301520542034,0.4720812182741117,0.0008509301520542034,0.0002886829299153097,1.553763440860215,1.0,0.8570674941680421,/tmp/nxf.XXXXzizwg1/sourmash_database/gtdb-rs214-reps.k51.zip,"GCF_001717505.1 Dialister pneumosintes strain=F0677, ASM171750v1",48b5ae79a121c8e5e7a7b80e3fd690ff,0.4720812182741117,558000,84,30563000,ERR1018280_2.fastq.gz,ERR1018280,efa08b97,655753000,51,DNA,1000,655753,True,0.8705662799731131,0.9853900462911058,0.9279781631321095,0.9853900462911058,False,867,1423442,3003295,d__Bacteria;p__Bacillota_C;c__Negativicutes;o__Veillonellales;f__Dialisteraceae;g__Allisonella;s__Allisonella pneumosinta
589000,0.000898204049390548,0.17322097378277154,0.0008463552587635894,0.0002234212756322639,1.209009009009009,1.0,0.6945799883952879,/tmp/nxf.XXXXzizwg1/sourmash_database/gtdb-rs214-reps.k51.zip,"GCF_004154955.1 Intestinimonas butyriciproducens strain=SRB-521-5-I, ASM415495v1",bde4f24a65f826eaf81252d96e91f9cf,0.183832709113608,555000,85,30008000,ERR1018280_2.fastq.gz,ERR1018280,efa08b97,655753000,51,DNA,1000,655753,True,0.8714896928841737,0.9673350350823323,0.919412363983253,0.9673350350823323,False,671,1424113,3003295,d__Bacteria;p__Bacillota_A;c__Clostridia;o__Oscillospirales;f__Oscillospiraceae;g__Intestinimonas;s__Intestinimonas butyriciproducens
647000,0.0009866519863424186,0.21606425702811244,0.00082043086345011,0.0007598321177240331,4.241635687732342,1.0,19.529435764124013,/tmp/nxf.XXXXzizwg1/sourmash_database/gtdb-rs214-reps.k51.zip,"GCF_003865035.1 Anaerotignum faecicola strain=KCTC 15736, ASM386503v1",d775a586ddd3ad1c0d4170f8396a304f,0.25983935742971886,538000,86,29470000,ERR1018280_2.fastq.gz,ERR1018280,efa08b97,655753000,51,DNA,1000,655753,True,0.8730960815411658,0.9739207663627641,0.923508423951965,0.9739207663627641,False,2282,1426395,3003295,d__Bacteria;p__Bacillota_A;c__Clostridia;o__Lachnospirales;f__Anaerotignaceae;g__Anaerotignum;s__Anaerotignum faecicola
568000,0.00086617979635625,0.1408690712865663,0.000756382357381514,0.000275031257335693,1.6653225806451613,1.0,2.928738150467919,/tmp/nxf.XXXXzizwg1/sourmash_database/gtdb-rs214-reps.k51.zip,"GCF_900142265.1 Anaerotignum lactatifermentans DSM 14214 strain=DSM 14214, IMG-taxon 2585428190 annotated assembly",00cab793116387c76bf9dc97330f3ba2,0.16131780744106788,496000,87,28974000,ERR1018280_2.fastq.gz,ERR1018280,efa08b97,655753000,51,DNA,1000,655753,True,0.8708695366137806,0.9648601259967562,0.9178648313052684,0.9648601259967562,False,826,1427221,3003295,d__Bacteria;p__Bacillota_A;c__Clostridia;o__Lachnospirales;f__Anaerotignaceae;g__Anaerotignum;s__Anaerotignum lactatifermentans
1986000,0.0030285793583864655,0.08451190065539842,0.0007472325708002861,0.0017897009784253628,10.96938775510204,11.0,6.470425784230727,/tmp/nxf.XXXXzizwg1/sourmash_database/gtdb-rs214-reps.k51.zip,"GCA_019412865.1 Bacteroides sp., ASM1941286v1",ea887218e0141cf6c988447e4d85d9a1,0.34253190755432905,490000,88,28484000,ERR1018280_2.fastq.gz,ERR1018280,efa08b97,655753000,51,DNA,1000,655753,True,0.8925088446088847,0.9792114675273345,0.9358601560681096,0.9792114675273345,False,5375,1432596,3003295,d__Bacteria;p__Bacteroidota;c__Bacteroidia;o__Bacteroidales;f__Bacteroidaceae;g__Bacteroides;s__Bacteroides sp019412865
576000,0.0008783795117978873,0.13983414355161566,0.0007457076063700814,0.00020277728295089228,1.2453987730061349,1.0,0.5322947721100334,/tmp/nxf.XXXXzizwg1/sourmash_database/gtdb-rs214-reps.k51.zip,"GCF_000024265.1 Eggerthella lenta DSM 2243 strain=DSM 2243, ASM2426v1",9c03bee3a8ea07d1dca079c2919284a2,0.16471261080926508,489000,89,27995000,ERR1018280_2.fastq.gz,ERR1018280,efa08b97,655753000,51,DNA,1000,655753,True,0.8711083966602192,0.9652542065944038,0.9181813016273115,0.9652542065944038,False,609,1433205,3003295,d__Bacteria;p__Actinomycetota;c__Coriobacteriia;o__Coriobacteriales;f__Eggerthellaceae;g__Eggerthella;s__Eggerthella lenta
473000,0.0007213081754868068,0.2252773757838881,0.0007121583889055788,0.00026404332574722096,1.6980728051391862,1.0,1.1320030810150046,/tmp/nxf.XXXXzizwg1/sourmash_database/gtdb-rs214-reps.k51.zip,"GCF_000785515.1 Streptococcus salivarius strain=NCTC 8618, ASM78551v1",60ed22ecb89c02b71ce7854e0188c722,0.22817173178967678,467000,90,27528000,ERR1018280_2.fastq.gz,ERR1018280,efa08b97,655753000,51,DNA,1000,655753,True,0.8677498086205042,0.9714420506952691,0.9195959296578866,0.9714420506952691,False,793,1433998,3003295,d__Bacteria;p__Bacillota;c__Bacilli;o__Lactobacillales;f__Streptococcaceae;g__Streptococcus;s__Streptococcus salivarius
496000,0.000756382357381514,0.09792477302204929,0.0006908088868827134,0.00018845967512348937,1.249448123620309,1.0,1.682799859971959,/tmp/nxf.XXXXzizwg1/sourmash_database/gtdb-rs214-reps.k51.zip,"GCF_012317185.1 [Clostridium] innocuum strain=ATCC 14501, ASM1231718v1",91693cab416177f5c43d8f522dba510f,0.10722006052745352,453000,91,27075000,ERR1018280_2.fastq.gz,ERR1018280,efa08b97,655753000,51,DNA,1000,655753,True,0.8685580520107626,0.9571627854307831,0.912860418720773,0.9571627854307831,False,566,1434564,3003295,d__Bacteria;p__Bacillota;c__Bacilli;o__Erysipelotrichales;f__Erysipelotrichaceae;g__Clostridium_AQ;s__Clostridium_AQ innocuum
514000,0.000783831717125198,0.10565404887398179,0.0006725093137202575,0.00020444212107035772,1.3922902494331066,1.0,2.006301742558974,/tmp/nxf.XXXXzizwg1/sourmash_database/gtdb-rs214-reps.k51.zip,"GCF_000169255.2 Pseudoflavonifractor capillosus ATCC 29799 strain=ATCC 29799, ASM16925v2",d4725743bf7377b9b1586882d9ae2d62,0.1231432678485865,441000,92,26634000,ERR1018280_2.fastq.gz,ERR1018280,efa08b97,655753000,51,DNA,1000,655753,True,0.8691653580156127,0.9597650150859237,0.9144651865507682,0.9597650150859237,False,614,1435178,3003295,d__Bacteria;p__Bacillota_A;c__Clostridia;o__Oscillospirales;f__Oscillospiraceae;g__Pseudoflavonifractor;s__Pseudoflavonifractor capillosus
424000,0.0006465849184067782,0.06118881118881119,0.0006404850606859595,0.00016315413570761446,1.1666666666666667,1.0,0.4481000455184655,/tmp/nxf.XXXXzizwg1/sourmash_database/gtdb-rs214-reps.k51.zip,"GCF_003201875.1 Hungatella effluvii strain=DSM 24995, ASM320187v1",cf2a3220056f7a2960a252f7e48a83b8,0.06177156177156177,420000,93,26214000,ERR1018280_2.fastq.gz,ERR1018280,efa08b97,655753000,51,DNA,1000,655753,True,0.8658910415391132,0.9468691613002517,0.9063801014196824,0.9468691613002517,False,490,1435668,3003295,d__Bacteria;p__Bacillota_A;c__Clostridia;o__Lachnospirales;f__Lachnospiraceae;g__Hungatella;s__Hungatella effluvii
402000,0.0006130357009422755,0.21294810058855002,0.0006069358432214568,0.0001658178766987592,1.2512562814070352,1.0,0.8340648960978727,/tmp/nxf.XXXXzizwg1/sourmash_database/gtdb-rs214-reps.k51.zip,"GCA_900542115.1 uncultured Oscillibacter sp., UMGS426",062de0db9f16c73110a83fa436f5d9e3,0.21508828250401285,398000,94,25816000,ERR1018280_2.fastq.gz,ERR1018280,efa08b97,655753000,51,DNA,1000,655753,True,0.8649868892527944,0.9703179241875227,0.9176524067201586,0.9703179241875227,False,498,1436166,3003295,d__Bacteria;p__Bacillota_A;c__Clostridia;o__Oscillospirales;f__Oscillospiraceae;g__Dysosmobacter;s__Dysosmobacter sp900542115
475000,0.0007243581043472161,0.11467756054858477,0.0005993110210704335,0.0002024443153269992,1.5470737913486006,1.0,4.0704293072341855,/tmp/nxf.XXXXzizwg1/sourmash_database/gtdb-rs214-reps.k51.zip,"GCF_001517625.2 Clostridium sp. AT4 strain=AT5, Clostridium bouchedurhonense",cc83538e580742ca11ee9ed5266d8f53,0.13860519404727167,393000,95,25423000,ERR1018280_2.fastq.gz,ERR1018280,efa08b97,655753000,51,DNA,1000,655753,True,0.867821603689018,0.9619935211649279,0.9149075624269729,0.9619935211649279,False,608,1436774,3003295,d__Bacteria;p__Bacillota_A;c__Clostridia;o__Lachnospirales;f__Lachnospiraceae;g__Enterocloster;s__Enterocloster sp001517625
2071000,0.003158201334953862,0.10793562708102108,0.0005932111633496148,0.001552295062589589,11.984575835475578,12.0,4.855735604912455,/tmp/nxf.XXXXzizwg1/sourmash_database/gtdb-rs214-reps.k51.zip,"GCA_900755095.1 uncultured Bacteroides sp., ERS473029_19",157ba610ccdcf1ff58761725bd879825,0.5746392896781354,389000,96,25034000,ERR1018280_2.fastq.gz,ERR1018280,efa08b97,655753000,51,DNA,1000,655753,True,0.8932425610935301,0.989195794022596,0.9412191775580631,0.989195794022596,False,4662,1441436,3003295,d__Bacteria;p__Bacteroidota;c__Bacteroidia;o__Bacteroidales;f__Bacteroidaceae;g__Bacteroides;s__Bacteroides sp900755095
389000,0.0005932111633496148,0.07859078590785908,0.0005749115901871589,0.00013784859629173958,1.0981432360742707,1.0,0.4099838266372427,/tmp/nxf.XXXXzizwg1/sourmash_database/gtdb-rs214-reps.k51.zip,"GCF_000466485.1 [Clostridium] symbiosum ATCC 14940 strain=ATCC 14940, ASM46648v1",b4c4f74940c0804547cf8948c2c84da3,0.0810923493850323,377000,97,24657000,ERR1018280_2.fastq.gz,ERR1018280,efa08b97,655753000,51,DNA,1000,655753,True,0.8644295298118587,0.9519353370519459,0.9081824334319023,0.9519353370519459,False,414,1441850,3003295,d__Bacteria;p__Bacillota_A;c__Clostridia;o__Lachnospirales;f__Lachnospiraceae;g__Clostridium_Q;s__Clostridium_Q symbiosum
1509000,0.0023011713251788403,0.12144420131291028,0.0005078131552581536,0.00041521062699468415,3.744744744744745,2.0,3.107340579238989,/tmp/nxf.XXXXzizwg1/sourmash_database/gtdb-rs214-reps.k51.zip,"GCA_019411365.1 Roseburia sp., ASM1941136v1",9223753a32795157af72a9c5b19f4369,0.550328227571116,333000,98,24324000,ERR1018280_2.fastq.gz,ERR1018280,efa08b97,655753000,51,DNA,1000,655753,True,0.8877148989064878,0.9883577060459581,0.9380363024762229,0.9883577060459581,False,1247,1443097,3003295,d__Bacteria;p__Bacillota_A;c__Clostridia;o__Lachnospirales;f__Lachnospiraceae;g__Roseburia;s__Roseburia sp019411365
439000,0.0006694593848598482,0.0460429538099441,0.0004773138666540603,0.00017380909967219338,1.6677316293929711,1.0,1.8415198000520134,/tmp/nxf.XXXXzizwg1/sourmash_database/gtdb-rs214-reps.k51.zip,"GCA_025149285.1 Hungatella hathewayi strain=DSM 13479, ASM2514928v1",b55d263853c99ee47710856fc84fd988,0.06457781700500147,313000,99,24011000,ERR1018280_2.fastq.gz,ERR1018280,efa08b97,655753000,51,DNA,1000,655753,True,0.8664815080949665,0.9476943712477908,0.9070879396713787,0.9476943712477908,False,522,1443619,3003295,d__Bacteria;p__Bacillota_A;c__Clostridia;o__Lachnospirales;f__Lachnospiraceae;g__Hungatella;s__Hungatella hathewayi
314000,0.000478838831084265,0.14792060491493383,0.0004773138666540603,0.00013618375817227413,1.3067092651757188,1.0,0.6653349838336163,/tmp/nxf.XXXXzizwg1/sourmash_database/gtdb-rs214-reps.k51.zip,"GCF_000191405.1 Haemophilus parainfluenzae ATCC 33392 strain=ATCC 33392, ASM19140v1",b1e22ace646ab35a4d62e77d146363fc,0.14839319470699433,313000,100,23698000,ERR1018280_2.fastq.gz,ERR1018280,efa08b97,655753000,51,DNA,1000,655753,True,0.8608067696545566,0.9632814905208812,0.9120441300877189,0.9632814905208812,False,409,1444028,3003295,d__Bacteria;p__Pseudomonadota;c__Gammaproteobacteria;o__Enterobacterales_A;f__Pasteurellaceae;g__Haemophilus_D;s__Haemophilus_D parainfluenzae
723000,0.0011025492830379732,0.06879889553612517,0.000455964364631195,0.0010002347421748446,10.046822742474916,2.0,15.925132582323025,/tmp/nxf.XXXXzizwg1/sourmash_database/gtdb-rs214-reps.k51.zip,"GCA_900754605.1 uncultured Oscillospiraceae bacterium, ERS396504_64",f167964a7b0f7c95cf930e6cf86141da,0.16635987114588127,299000,101,23399000,ERR1018280_2.fastq.gz,ERR1018280,efa08b97,655753000,51,DNA,1000,655753,True,0.8749994985629765,0.9654425657061314,0.920221032134554,0.9654425657061314,False,3004,1447032,3003295,d__Bacteria;p__Bacillota_A;c__Clostridia;o__Oscillospirales;f__Oscillospiraceae;g__Lawsonibacter;s__Lawsonibacter sp900754605
287000,0.000437664791468739,0.056220824030850415,0.00042241514716669234,9.789248142456868e-05,1.0613718411552346,1.0,0.24001112113494097,/tmp/nxf.XXXXzizwg1/sourmash_database/gtdb-rs214-reps.k51.zip,"GCF_003697165.2 Escherichia coli DSM 30083 = JCM 1649 = ATCC 11775 strain=ATCC 11775, ASM369716v2",84efa859553c7c5d22f6f6377fa345fd,0.05825045666734321,277000,102,23122000,ERR1018280_2.fastq.gz,ERR1018280,efa08b97,655753000,51,DNA,1000,655753,True,0.8592905418706945,0.945780124325809,0.9025353330982517,0.945780124325809,False,294,1447326,3003295,d__Bacteria;p__Pseudomonadota;c__Gammaproteobacteria;o__Enterobacterales;f__Enterobacteriaceae;g__Escherichia;s__Escherichia coli
1305000,0.0019900785814170882,0.08728841686027215,0.000401065645143827,0.0007488441861355611,8.551330798479087,8.0,3.692071988379756,/tmp/nxf.XXXXzizwg1/sourmash_database/gtdb-rs214-reps.k51.zip,"GCA_900556625.1 uncultured Bacteroides sp., UMGS1954",3e976c2c91de63410d32068a21a57d4d,0.4331231330899436,263000,103,22859000,ERR1018280_2.fastq.gz,ERR1018280,efa08b97,655753000,51,DNA,1000,655753,True,0.8851903506469249,0.9837273204337702,0.9344588355403476,0.9837273204337702,False,2249,1449575,3003295,d__Bacteria;p__Bacteroidota;c__Bacteroidia;o__Bacteroidales;f__Bacteroidaceae;g__Bacteroides;s__Bacteroides sp900556625
580000,0.000884479369518706,0.05934718100890208,0.00039649075185321304,0.0017310986766201789,19.996153846153845,10.0,26.49956430366401,/tmp/nxf.XXXXzizwg1/sourmash_database/gtdb-rs214-reps.k51.zip,"GCA_019417795.1 Clostridiales bacterium, ASM1941779v1",5a199efdf60fbe8e0dc767e0c79a1bc4,0.1323898653275508,260000,104,22599000,ERR1018280_2.fastq.gz,ERR1018280,efa08b97,655753000,51,DNA,1000,655753,True,0.8712266096975633,0.9611285223005293,0.9161775659990463,0.9611285223005293,False,5199,1454774,3003295,d__Bacteria;p__Bacillota_A;c__Clostridia;o__Oscillospirales;f__Oscillospiraceae;g__Dysosmobacter;s__Dysosmobacter sp019417795
261000,0.0003980157162834177,0.07588482303539291,0.00038581600084178035,9.156609657059996e-05,1.0869565217391304,1.0,0.3085536610478062,/tmp/nxf.XXXXzizwg1/sourmash_database/gtdb-rs214-reps.k51.zip,"GCF_014131695.1 Erysipelatoclostridium ramosum DSM 1402 strain=DSM 1402, ASM1413169v1",7067e76f1f8fb6fb2a7b6a18482cbfb2,0.07828434313137372,253000,105,22346000,ERR1018280_2.fastq.gz,ERR1018280,efa08b97,655753000,51,DNA,1000,655753,True,0.8576920347782859,0.9512777769825808,0.9044849058804334,0.9512777769825808,False,275,1455049,3003295,d__Bacteria;p__Bacillota;c__Bacilli;o__Erysipelotrichales;f__Coprobacillaceae;g__Thomasclavelia;s__Thomasclavelia ramosa
782000,0.0011925221844200484,0.09040590405904059,0.00037361628540014303,0.0014647245775057062,17.955102040816328,18.0,8.61619408438504,/tmp/nxf.XXXXzizwg1/sourmash_database/gtdb-rs214-reps.k51.zip,"GCF_003464165.1 Eubacterium sp. AM49-13BH strain=AM49-13BH, ASM346416v1",da82fc00386d73af7dc3628b35cb8147,0.28856088560885607,245000,106,22101000,ERR1018280_2.fastq.gz,ERR1018280,efa08b97,655753000,51,DNA,1000,655753,True,0.8763464123940802,0.9759249493984075,0.9261356808962438,0.9759249493984075,False,4399,1459448,3003295,d__Bacteria;p__Bacillota_A;c__Clostridia;o__Lachnospirales;f__Lachnospiraceae;g__Lachnospira;s__Lachnospira sp003451515
665000,0.0010141013460861026,0.05856515373352855,0.0003659914632491197,0.0012393054961300839,15.508333333333333,14.0,11.45425381923919,/tmp/nxf.XXXXzizwg1/sourmash_database/gtdb-rs214-reps.k51.zip,"GCF_003471165.1 Ruminococcus sp. AM22-13 strain=AM22-13, ASM347116v1",eb25a624fa651d73118847d8c54261dd,0.16227428013665202,240000,107,21861000,ERR1018280_2.fastq.gz,ERR1018280,efa08b97,655753000,51,DNA,1000,655753,True,0.8735659806500948,0.9649719732432708,0.9192689769466829,0.9649719732432708,False,3722,1463170,3003295,d__Bacteria;p__Bacillota_A;c__Clostridia;o__Lachnospirales;f__Lachnospiraceae;g__Blautia_A;s__Blautia_A sp003471165
773000,0.0011787975045482065,0.028640192539109505,0.0003629415343887104,0.0005893526942907706,7.436974789915967,6.5,5.578528247013346,/tmp/nxf.XXXXzizwg1/sourmash_database/gtdb-rs214-reps.k51.zip,"GCA_900761785.1 uncultured Bacteroides sp., SRS098827_17",45fd8f7382853829c2c562be7916791a,0.09302045728038508,238000,108,21623000,ERR1018280_2.fastq.gz,ERR1018280,efa08b97,655753000,51,DNA,1000,655753,True,0.8761475268067158,0.9545002542970068,0.9153238905518613,0.9545002542970068,False,1770,1464940,3003295,d__Bacteria;p__Bacteroidota;c__Bacteroidia;o__Bacteroidales;f__Bacteroidaceae;g__Bacteroides;s__Bacteroides sp900761785
771000,0.0011757475756877971,0.032590051457975985,0.00034769189008666373,0.000935306055515692,12.320175438596491,11.0,13.69076189891308,/tmp/nxf.XXXXzizwg1/sourmash_database/gtdb-rs214-reps.k51.zip,"GCA_900557355.1 uncultured Bacteroides sp., UMGS2042",26cd6f99620cbd40a9534fcb50c2c063,0.11020583190394512,228000,109,21395000,ERR1018280_2.fastq.gz,ERR1018280,efa08b97,655753000,51,DNA,1000,655753,True,0.8761030217897431,0.9576784118564429,0.916890716823093,0.9576784118564429,False,2809,1467749,3003295,d__Bacteria;p__Bacteroidota;c__Bacteroidia;o__Bacteroidales;f__Bacteroidaceae;g__Bacteroides;s__Bacteroides sp900557355
236000,0.00035989160552830104,0.09769865392965697,0.00034311699679604975,8.623861458831051e-05,1.1511111111111112,1.0,0.4047617802676435,/tmp/nxf.XXXXzizwg1/sourmash_database/gtdb-rs214-reps.k51.zip,"GCF_900104615.1 Phocea massiliensis strain=Marseille-P2769, PRJEB16353",1289625c0b95442b0f86edbca3d5ba8c,0.10247503256621798,225000,110,21170000,ERR1018280_2.fastq.gz,ERR1018280,efa08b97,655753000,51,DNA,1000,655753,True,0.856000375586915,0.9563136488265894,0.9061570122067522,0.9563136488265894,False,259,1468008,3003295,d__Bacteria;p__Bacillota_A;c__Clostridia;o__Oscillospirales;f__Ruminococcaceae;g__Phocea;s__Phocea massiliensis
282000,0.0004300399693177157,0.04467912266450041,0.0003354921746450264,0.0007844717218921218,10.709090909090909,8.0,13.445070373760485,/tmp/nxf.XXXXzizwg1/sourmash_database/gtdb-rs214-reps.k51.zip,"GCF_003991565.1 Butyricimonas faecalis strain=H184, ASM399156v1",581503195c7853767e6bbb31d66720f7,0.05727051177904143,220000,111,20950000,ERR1018280_2.fastq.gz,ERR1018280,efa08b97,655753000,51,DNA,1000,655753,True,0.8589944721876764,0.9454655458420776,0.902230009014877,0.9454655458420776,False,2356,1470364,3003295,d__Bacteria;p__Bacteroidota;c__Bacteroidia;o__Bacteroidales;f__Marinifilaceae;g__Butyricimonas;s__Butyricimonas faecalis
266000,0.000405640538434441,0.1019202363367799,0.0003156676370523658,8.823642033166905e-05,1.2801932367149758,1.0,0.5635840805058892,/tmp/nxf.XXXXzizwg1/sourmash_database/gtdb-rs214-reps.k51.zip,"GCA_905205995.1 uncultured Haemophilus sp., ERR1430443-mag-bin.35",6a353724ccba7baa79fff240a36fc2a4,0.1309699655342196,207000,112,20743000,ERR1018280_2.fastq.gz,ERR1018280,efa08b97,655753000,51,DNA,1000,655753,True,0.8580112212051765,0.9609253297679914,0.9094682754865839,0.9609253297679914,False,265,1470629,3003295,d__Bacteria;p__Pseudomonadota;c__Gammaproteobacteria;o__Enterobacterales_A;f__Pasteurellaceae;g__Haemophilus_D;s__Haemophilus_D sp905205995
307000,0.0004681640800728323,0.08340080971659919,0.0003141426726221611,0.0005154338817865045,7.514563106796117,1.0,15.025133686089202,/tmp/nxf.XXXXzizwg1/sourmash_database/gtdb-rs214-reps.k51.zip,"GCA_900757715.1 uncultured Veillonella sp., ERS537359_13",7997bdf6c6348469a32cdb3a09e8cc01,0.1242914979757085,206000,113,20537000,ERR1018280_2.fastq.gz,ERR1018280,efa08b97,655753000,51,DNA,1000,655753,True,0.8604263225012547,0.9599396920308132,0.910183007266034,0.9599396920308132,False,1548,1472177,3003295,d__Bacteria;p__Bacillota_C;c__Negativicutes;o__Veillonellales;f__Veillonellaceae;g__Veillonella;s__Veillonella sp900757715
206000,0.0003141426726221611,0.08346839546191248,0.0003141426726221611,8.157706785380723e-05,1.1893203883495145,1.0,0.4705734203641842,/tmp/nxf.XXXXzizwg1/sourmash_database/gtdb-rs214-reps.k51.zip,"GCA_905215645.1 uncultured bacterium, ERR1600592-mag-bin.44",935497bc423a64628bc6c8932118f3df,0.08346839546191248,206000,114,20331000,ERR1018280_2.fastq.gz,ERR1018280,efa08b97,655753000,51,DNA,1000,655753,True,0.8537214914049785,0.9524745359963851,0.9030980137006819,0.9524745359963851,False,245,1472422,3003295,d__Bacteria;p__Bacillota_C;c__Negativicutes;o__Acidaminococcales;f__Acidaminococcaceae;g__Acidaminococcus;s__Acidaminococcus sp905215645
925000,0.0014105920979393155,0.05378973105134474,0.0003019429571805238,0.0009519544367103465,14.43939393939394,15.0,6.538453747673706,/tmp/nxf.XXXXzizwg1/sourmash_database/gtdb-rs214-reps.k51.zip,"GCF_013300825.1 Blautia wexlerae strain=MSK.20.46, ASM1330082v1",f0cfb5d5e2d9fea502197382ec21bc76,0.25129041021461557,198000,115,20133000,ERR1018280_2.fastq.gz,ERR1018280,efa08b97,655753000,51,DNA,1000,655753,True,0.8792369088219729,0.9732821162761923,0.9262595125490827,0.9732821162761923,False,2859,1475281,3003295,d__Bacteria;p__Bacillota_A;c__Clostridia;o__Lachnospirales;f__Lachnospiraceae;g__Blautia_A;s__Blautia_A wexlerae_B
570000,0.0008692297252166593,0.11361014994232987,0.0003004179927503191,0.0010841425833959036,16.527918781725887,17.0,8.221889949928395,/tmp/nxf.XXXXzizwg1/sourmash_database/gtdb-rs214-reps.k51.zip,"GCA_019424245.1 Clostridiales bacterium, ASM1942424v1",7d1b9c3f89392909132b61c986f59de4,0.328719723183391,197000,116,19936000,ERR1018280_2.fastq.gz,ERR1018280,efa08b97,655753000,51,DNA,1000,655753,True,0.870929559388122,0.9784215179107196,0.9246755386494208,0.9784215179107196,False,3256,1478537,3003295,d__Bacteria;p__Bacillota_A;c__Clostridia;o__Lachnospirales;f__Lachnospiraceae;g__Lachnospira;s__Lachnospira sp019424245
470000,0.0007167332821961927,0.06789250353606789,0.00029279317059929577,0.001721109647903386,26.921875,13.0,29.159567123290913,/tmp/nxf.XXXXzizwg1/sourmash_database/gtdb-rs214-reps.k51.zip,"GCA_900765705.1 uncultured Faecalibacterium sp., SRS294968_37",4d091449c88adab74bc019ab4d12afb5,0.1661951909476662,192000,117,19744000,ERR1018280_2.fastq.gz,ERR1018280,efa08b97,655753000,51,DNA,1000,655753,True,0.8676415560338276,0.9654238174922685,0.9165326867630481,0.9654238174922685,False,5169,1483706,3003295,d__Bacteria;p__Bacillota_A;c__Clostridia;o__Oscillospirales;f__Ruminococcaceae;g__Faecalibacterium;s__Faecalibacterium sp900765705
916000,0.0013968674180674736,0.038008130081300814,0.00028516834844827244,0.0003456203936010282,5.550802139037433,4.0,6.121002408067459,/tmp/nxf.XXXXzizwg1/sourmash_database/gtdb-rs214-reps.k51.zip,"GCF_000614125.1 Bacteroides rodentium JCM 16496 strain=JCM 16496, ASM61412v1",d114cb268bdc0e58bd5266fb76f6ef04,0.1861788617886179,187000,118,19557000,ERR1018280_2.fastq.gz,ERR1018280,efa08b97,655753000,51,DNA,1000,655753,True,0.8790683636635418,0.9675756028948794,0.9233219832792106,0.9675756028948794,False,1038,1484744,3003295,d__Bacteria;p__Bacteroidota;c__Bacteroidia;o__Bacteroidales;f__Bacteroidaceae;g__Bacteroides;s__Bacteroides rodentium
187000,0.00028516834844827244,0.06264896152536602,0.00028059345515765846,6.659352477861815e-05,1.0869565217391304,1.0,0.31801606170277813,/tmp/nxf.XXXXzizwg1/sourmash_database/gtdb-rs214-reps.k51.zip,"GCF_900106845.1 Romboutsia timonensis strain=Marseille-P326, PRJEB14233",d234ad6970f6218b0a838933dea2f71b,0.06367041198501873,184000,119,19373000,ERR1018280_2.fastq.gz,ERR1018280,efa08b97,655753000,51,DNA,1000,655753,True,0.8521031734899807,0.9474314504639204,0.8997673119769505,0.9474314504639204,False,200,1484944,3003295,d__Bacteria;p__Bacillota_A;c__Clostridia;o__Peptostreptococcales;f__Peptostreptococcaceae;g__Romboutsia;s__Romboutsia timonensis
185000,0.00028211841958786314,0.10685249709639953,0.00028059345515765846,7.858035923876942e-05,1.2826086956521738,1.0,0.5772138281457284,/tmp/nxf.XXXXzizwg1/sourmash_database/gtdb-rs214-reps.k51.zip,"GCF_900476045.1 Gemella morbillorum strain=NCTC11323, 50279_D01",47a17916debdab89e1ae10cc5f790ea5,0.10743321718931476,184000,120,19189000,ERR1018280_2.fastq.gz,ERR1018280,efa08b97,655753000,51,DNA,1000,655753,True,0.8519235358005854,0.9572000602554511,0.9045617980280183,0.9572000602554511,False,236,1485180,3003295,d__Bacteria;p__Bacillota;c__Bacilli;o__Staphylococcales;f__Gemellaceae;g__Gemella;s__Gemella morbillorum
183000,0.0002790684907274538,0.05682172962847331,0.0002775435262972491,6.692649240251124e-05,1.1043956043956045,1.0,0.37074682215027127,/tmp/nxf.XXXXzizwg1/sourmash_database/gtdb-rs214-reps.k51.zip,"GCF_000013285.1 Clostridium perfringens ATCC 13124 strain=ATCC 13124, ASM1328v1",328fbcebb6767cef03080972c4e6c94e,0.05713393693412426,182000,121,19007000,ERR1018280_2.fastq.gz,ERR1018280,efa08b97,655753000,51,DNA,1000,655753,True,0.851741983979691,0.9454212846230868,0.8985816343013889,0.9454212846230868,False,201,1485381,3003295,d__Bacteria;p__Bacillota_A;c__Clostridia;o__Clostridiales;f__Clostridiaceae;g__Sarcina;s__Sarcina perfringens
676000,0.0010308759548183538,0.0422798411586078,0.0002760185618670444,0.0002483938474242457,4.121546961325967,3.0,5.166469651186815,/tmp/nxf.XXXXzizwg1/sourmash_database/gtdb-rs214-reps.k51.zip,"GCF_004793765.1 Parabacteroides distasonis strain=NM39_I3, ASM479376v1",ff3b738a89ace1278481c115431047ce,0.15790703106750759,181000,122,18826000,ERR1018280_2.fastq.gz,ERR1018280,efa08b97,655753000,51,DNA,1000,655753,True,0.8738470406463308,0.9644559167071793,0.9191514786767551,0.9644559167071793,False,746,1486127,3003295,d__Bacteria;p__Bacteroidota;c__Bacteroidia;o__Bacteroidales;f__Tannerellaceae;g__Parabacteroides;s__Parabacteroides distasonis_A
187000,0.00028516834844827244,0.08349056603773584,0.00026991870414622577,7.358584488037305e-05,1.2485875706214689,1.0,0.6062860305218672,/tmp/nxf.XXXXzizwg1/sourmash_database/gtdb-rs214-reps.k51.zip,"GCF_000507765.1 Streptococcus parasanguinis CC87K strain=CC87K, Stre_para_CC87K_V1",7bcb9e13b959c512503a1b5337e8b3dd,0.08820754716981132,177000,123,18649000,ERR1018280_2.fastq.gz,ERR1018280,efa08b97,655753000,51,DNA,1000,655753,True,0.8521031734899807,0.9535064651298285,0.9028048193099045,0.9535064651298285,False,221,1486348,3003295,d__Bacteria;p__Bacillota;c__Bacilli;o__Lactobacillales;f__Streptococcaceae;g__Streptococcus;s__Streptococcus parasanguinis_J
495000,0.0007548573929513095,0.06151695211464523,0.00026839373971602115,0.0008057816498212797,13.75,13.0,5.813874470921811,/tmp/nxf.XXXXzizwg1/sourmash_database/gtdb-rs214-reps.k51.zip,"GCA_934435205.1 uncultured Ruminococcus sp., ERR7738659_bin.122",9b1edd776ea58df3e37e2d014efe6eaf,0.1730164278224397,176000,124,18473000,ERR1018280_2.fastq.gz,ERR1018280,efa08b97,655753000,51,DNA,1000,655753,True,0.8685236822451541,0.9661855457461141,0.9173546139956341,0.9661855457461141,False,2420,1488768,3003295,d__Bacteria;p__Bacillota_A;c__Clostridia;o__Oscillospirales;f__Ruminococcaceae;g__Ruminococcus_D;s__Ruminococcus_D sp934435205
830000,0.0012657204770698724,0.0825381679389313,0.0002638188464254071,0.0005147679465387183,8.936416184971097,9.0,5.262090717287519,/tmp/nxf.XXXXzizwg1/sourmash_database/gtdb-rs214-reps.k51.zip,"GCA_019423795.1 Clostridiales bacterium, ASM1942379v1",9d815b2ed0b1a060cf10e8f16abcf956,0.39599236641221375,173000,125,18300000,ERR1018280_2.fastq.gz,ERR1018280,efa08b97,655753000,51,DNA,1000,655753,True,0.8773706339290814,0.9820000415397743,0.9296853377344279,0.9820000415397743,False,1546,1490314,3003295,d__Bacteria;p__Bacillota_A;c__Clostridia;o__Lachnospirales;f__Lachnospiraceae;g__Anaerostipes;s__Anaerostipes sp019423795
176000,0.00026839373971602115,0.08834103749357987,0.00026229388199520244,6.359681616358033e-05,1.1104651162790697,1.0,0.33149733232903333,/tmp/nxf.XXXXzizwg1/sourmash_database/gtdb-rs214-reps.k51.zip,"GCF_006739205.1 Streptococcus mutans strain=NBRC 13955, ASM673920v1",c9c4fa710b7c7000bcadb4e255212b1f,0.0903954802259887,172000,126,18128000,ERR1018280_2.fastq.gz,ERR1018280,efa08b97,655753000,51,DNA,1000,655753,True,0.8510908648400297,0.9539646647542762,0.902527764797153,0.9539646647542762,False,191,1490505,3003295,d__Bacteria;p__Bacillota;c__Bacilli;o__Lactobacillales;f__Streptococcaceae;g__Streptococcus;s__Streptococcus mutans
714000,0.0010888246031661311,0.042579681274900395,0.0002607689175649978,0.0004281963643265147,7.52046783625731,6.0,9.469149156394227,/tmp/nxf.XXXXzizwg1/sourmash_database/gtdb-rs214-reps.k51.zip,"GCF_014287515.2 Roseburia sp. NSJ-69 strain=NSJ-69, ASM1428751v2",bdfe3843830bc5a0201ffceb3183fb4d,0.17778884462151395,171000,127,17957000,ERR1018280_2.fastq.gz,ERR1018280,efa08b97,655753000,51,DNA,1000,655753,True,0.8747846137560334,0.9667011722866856,0.9207428930213595,0.9667011722866856,False,1286,1491791,3003295,d__Bacteria;p__Bacillota_A;c__Clostridia;o__Lachnospirales;f__Lachnospiraceae;g__Roseburia;s__Roseburia sp003470905
481000,0.0007335078909284441,0.039133473095737246,0.0002561940242743838,0.0005457339355607757,9.755952380952381,4.0,20.13983763110458,/tmp/nxf.XXXXzizwg1/sourmash_database/gtdb-rs214-reps.k51.zip,"GCA_003478355.1 Lachnospiraceae bacterium AM48-27BH strain=AM48-27BH, ASM347835v1",433e1a68da6bde78326b87e03c84a2e5,0.11204286047053343,168000,128,17789000,ERR1018280_2.fastq.gz,ERR1018280,efa08b97,655753000,51,DNA,1000,655753,True,0.8680352241186786,0.957988893903811,0.9130120590112448,0.957988893903811,False,1639,1493430,3003295,d__Bacteria;p__Bacillota_A;c__Clostridia;o__Lachnospirales;f__Lachnospiraceae;g__UBA3402;s__UBA3402 sp003478355
451000,0.0006877589580223041,0.05194401244167963,0.00025466905984417916,0.001192690028785051,21.449101796407184,21.0,11.272168408534183,/tmp/nxf.XXXXzizwg1/sourmash_database/gtdb-rs214-reps.k51.zip,"GCA_934309345.1 uncultured Mediterraneibacter sp., ERR7738595_bin.190",136dc434e251d95d4ae62e9116676515,0.14027993779160186,167000,129,17622000,ERR1018280_2.fastq.gz,ERR1018280,efa08b97,655753000,51,DNA,1000,655753,True,0.866939809834972,0.9622200958207506,0.9145799528278613,0.9622200958207506,False,3582,1497012,3003295,d__Bacteria;p__Bacillota_A;c__Clostridia;o__Lachnospirales;f__Lachnospiraceae;g__Mediterraneibacter;s__Mediterraneibacter sp934309345
1196000,0.00182385745852478,0.0328740157480315,0.00025466905984417916,0.0012775967728777893,22.976047904191617,24.0,20.534752810873893,/tmp/nxf.XXXXzizwg1/sourmash_database/gtdb-rs214-reps.k51.zip,"GCF_000012825.1 Bacteroides vulgatus ATCC 8482 strain=ATCC 8482, ASM1282v1",63b92dc09e7b5ffbd878d8e5fce5cfec,0.23543307086614174,167000,130,17455000,ERR1018280_2.fastq.gz,ERR1018280,efa08b97,655753000,51,DNA,1000,655753,True,0.8836777886571562,0.9720389683477326,0.9278583785024443,0.9720389683477326,False,3837,1500849,3003295,d__Bacteria;p__Bacteroidota;c__Bacteroidia;o__Bacteroidales;f__Bacteroidaceae;g__Phocaeicola;s__Phocaeicola vulgatus
339000,0.0005169629418393816,0.04549237170596394,0.0002500941665535651,0.0002547202322782144,4.664634146341464,1.0,12.62077141887985,/tmp/nxf.XXXXzizwg1/sourmash_database/gtdb-rs214-reps.k51.zip,"GCF_003478035.1 Clostridium sp. OF03-18AA strain=OF03-18AA, ASM347803v1",86ff0e7697688dce4a633d3f845b8f4e,0.09403606102635229,164000,131,17291000,ERR1018280_2.fastq.gz,ERR1018280,efa08b97,655753000,51,DNA,1000,655753,True,0.8621007594736976,0.9547035076968017,0.9084021335852497,0.9547035076968017,False,765,1501614,3003295,d__Bacteria;p__Bacillota_A;c__Clostridia;o__Lachnospirales;f__Lachnospiraceae;g__Copromonas;s__Copromonas sp900066785
599000,0.0009134536936925946,0.05942398833394094,0.00024856920212336045,0.0004857997632600194,8.950920245398773,9.0,4.852175125407876,/tmp/nxf.XXXXzizwg1/sourmash_database/gtdb-rs214-reps.k51.zip,"GCF_000269965.1 Bifidobacterium longum subsp. infantis ATCC 15697 = JCM 1222 = DSM 20088 strain=JCM 1222, ASM26996v1",9e122949c1d8c7291ae948248c84e820,0.21837404301859278,163000,132,17128000,ERR1018280_2.fastq.gz,ERR1018280,efa08b97,655753000,51,DNA,1000,655753,True,0.8717774244937401,0.9706064145403643,0.9211919195170521,0.9706064145403643,False,1459,1503073,3003295,d__Bacteria;p__Actinomycetota;c__Actinomycetia;o__Actinomycetales;f__Bifidobacteriaceae;g__Bifidobacterium;s__Bifidobacterium infantis
494000,0.0007533324285211048,0.051388445579316946,0.00024551927326295114,0.0001584925889731112,2.9565217391304346,2.0,5.328171730402263,/tmp/nxf.XXXXzizwg1/sourmash_database/gtdb-rs214-reps.k51.zip,"GCA_900542495.1 uncultured Roseburia sp., UMGS472",fe149b60c845ed9371f2578172f1c768,0.15767634854771784,161000,133,16967000,ERR1018280_2.fastq.gz,ERR1018280,efa08b97,655753000,51,DNA,1000,655753,True,0.8684892443395986,0.9644282704325472,0.916458757386073,0.9644282704325472,False,476,1503549,3003295,d__Bacteria;p__Bacillota_A;c__Clostridia;o__Lachnospirales;f__Lachnospiraceae;g__Roseburia;s__Roseburia sp900542495
264000,0.0004025906095740317,0.02423411065386374,0.00024246934440254182,5.693746368571852e-05,1.0754716981132075,1.0,0.3081119173312174,/tmp/nxf.XXXXzizwg1/sourmash_database/gtdb-rs214-reps.k51.zip,"GCF_000233455.1 [Clostridium] citroniae WAL-17108 strain=WAL-17108, Clos_citr_WAL_17108_V1",b21b2b7d4e277071b4f076512801b2ed,0.040237768632830365,159000,134,16808000,ERR1018280_2.fastq.gz,ERR1018280,efa08b97,655753000,51,DNA,1000,655753,True,0.8578842583031271,0.9389444088368217,0.8984143335699744,0.9389444088368217,False,171,1503720,3003295,d__Bacteria;p__Bacillota_A;c__Clostridia;o__Lachnospirales;f__Lachnospiraceae;g__Enterocloster;s__Enterocloster citroniae
348000,0.0005306876217112236,0.06426524764633647,0.0002394194155421325,8.091113260602105e-05,1.5477707006369428,1.0,0.8554498192656743,/tmp/nxf.XXXXzizwg1/sourmash_database/gtdb-rs214-reps.k51.zip,"GCF_009738225.1 Streptococcus salivarius strain=ICDC2, ASM973822v1",5ae9afeb0726da98b9ad23f621cd14d6,0.14244781006958657,157000,135,16651000,ERR1018280_2.fastq.gz,ERR1018280,efa08b97,655753000,51,DNA,1000,655753,True,0.8625437965120234,0.962509479017437,0.9125266377647302,0.962509479017437,False,243,1503963,3003295,d__Bacteria;p__Bacillota;c__Bacilli;o__Lactobacillales;f__Streptococcaceae;g__Streptococcus;s__Streptococcus sp001556435
746000,0.0011376234649326804,0.035278154681139755,0.0002378944511119278,0.0009030081959980621,17.384615384615383,9.0,39.26593446573576,/tmp/nxf.XXXXzizwg1/sourmash_database/gtdb-rs214-reps.k51.zip,"GCF_000187895.1 Bacteroides plebeius DSM 17135 strain=DSM 17135, ASM18789v1",445be8a2ad46e0a3565070ebf52be3d7,0.16870194482134782,156000,136,16495000,ERR1018280_2.fastq.gz,ERR1018280,efa08b97,655753000,51,DNA,1000,655753,True,0.8755369540493396,0.9657072501858179,0.9206221021175788,0.9657072501858179,False,2712,1506675,3003295,d__Bacteria;p__Bacteroidota;c__Bacteroidia;o__Bacteroidales;f__Bacteroidaceae;g__Phocaeicola;s__Phocaeicola plebeius
154000,0.00023484452225151848,0.0779746835443038,0.00023484452225151848,5.793636655739779e-05,1.12987012987013,1.0,0.4061427473016075,/tmp/nxf.XXXXzizwg1/sourmash_database/gtdb-rs214-reps.k51.zip,"GCF_000147675.1 Peptostreptococcus stomatis DSM 17678 strain=DSM 17678, ASM14767v1",6c2b8df880df15109c392f7d85a167b1,0.0779746835443038,154000,137,16341000,ERR1018280_2.fastq.gz,ERR1018280,efa08b97,655753000,51,DNA,1000,655753,True,0.8488654001558358,0.9512038521619348,0.9000346261588853,0.9512038521619348,False,174,1506849,3003295,d__Bacteria;p__Bacillota_A;c__Clostridia;o__Peptostreptococcales;f__Peptostreptococcaceae;g__Peptostreptococcus;s__Peptostreptococcus stomatis
323000,0.000492563510956107,0.04365192582025677,0.0002333195578213138,0.0006169890070738972,12.11111111111111,7.0,13.51520835708302,/tmp/nxf.XXXXzizwg1/sourmash_database/gtdb-rs214-reps.k51.zip,"GCA_022728415.1 Collinsella sp., ASM2272841v1",f6aa1a5c3b6ba84a8235617fbaa0eb23,0.09215406562054208,153000,138,16188000,ERR1018280_2.fastq.gz,ERR1018280,efa08b97,655753000,51,DNA,1000,655753,True,0.8612838788631575,0.9543251357184243,0.9078045072907909,0.9543251357184243,False,1853,1508702,3003295,d__Bacteria;p__Actinomycetota;c__Coriobacteriia;o__Coriobacteriales;f__Coriobacteriaceae;g__Collinsella;s__Collinsella sp022728415
254000,0.000387340965271985,0.03449841125737631,0.00023179459339110915,0.0005307503924855866,10.486842105263158,7.0,24.29884847880907,/tmp/nxf.XXXXzizwg1/sourmash_database/gtdb-rs214-reps.k51.zip,"GCF_000382445.1 Bacteroides massiliensis B84634 = Timone 84634 = DSM 17679 = JCM 13223 strain=DSM 17679, Bact_mass_DSM_17679_V1",61edb0d0d8fa658bb8f1cd38bd81ed44,0.05764866091693146,152000,139,16036000,ERR1018280_2.fastq.gz,ERR1018280,efa08b97,655753000,51,DNA,1000,655753,True,0.8572349539486495,0.945587558739242,0.9014112563439458,0.945587558739242,False,1594,1510296,3003295,d__Bacteria;p__Bacteroidota;c__Bacteroidia;o__Bacteroidales;f__Bacteroidaceae;g__Phocaeicola;s__Phocaeicola massiliensis
153000,0.0002333195578213138,0.07262845849802371,0.00022416977124008582,5.660449606182543e-05,1.1564625850340136,1.0,0.39898988567660354,/tmp/nxf.XXXXzizwg1/sourmash_database/gtdb-rs214-reps.k51.zip,"GCA_902406135.1 uncultured Clostridiales bacterium, UHGG_MGYG-HGUT-04273",6bc32db8c8d823e56500ad0ef2fb1bd0,0.07559288537549406,147000,140,15889000,ERR1018280_2.fastq.gz,ERR1018280,efa08b97,655753000,51,DNA,1000,655753,True,0.8487569739965515,0.9506254344055772,0.8996912042010643,0.9506254344055772,False,170,1510466,3003295,d__Bacteria;p__Bacillota_A;c__Clostridia;o__Lachnospirales;f__Anaerotignaceae;g__Metalachnospira;s__Metalachnospira sp902406135
378000,0.0005764365546173636,0.030542503203759078,0.00021806991351926716,0.00022841578999066025,4.7972027972027975,2.0,9.249123519661211,/tmp/nxf.XXXXzizwg1/sourmash_database/gtdb-rs214-reps.k51.zip,"GCA_025151045.1 Parabacteroides johnsonii DSM 18315 strain=DSM 18315, ASM2515104v1",1d0aa75f91e7779806d6956efe7c1c15,0.08073472874839813,143000,141,15746000,ERR1018280_2.fastq.gz,ERR1018280,efa08b97,655753000,51,DNA,1000,655753,True,0.8639434647742126,0.9518528433988619,0.9078981540865372,0.9518528433988619,False,686,1511152,3003295,d__Bacteria;p__Bacteroidota;c__Bacteroidia;o__Bacteroidales;f__Tannerellaceae;g__Parabacteroides;s__Parabacteroides johnsonii
359000,0.0005474622304434749,0.041210374639769454,0.00021806991351926716,0.00026204552000386243,5.503496503496503,5.0,2.752936450980049,/tmp/nxf.XXXXzizwg1/sourmash_database/gtdb-rs214-reps.k51.zip,"GCF_002160985.1 Lachnoclostridium sp. An118 strain=An118, ASM216098v1",d8b3b68c889d39122cf899fb9c904e23,0.10345821325648415,143000,142,15603000,ERR1018280_2.fastq.gz,ERR1018280,efa08b97,655753000,51,DNA,1000,655753,True,0.8630702764214224,0.9564927139497792,0.9097814951856008,0.9564927139497792,False,787,1511939,3003295,d__Bacteria;p__Bacillota_A;c__Clostridia;o__Lachnospirales;f__Lachnospiraceae;g__Lachnoclostridium_B;s__Lachnoclostridium_B sp002160985
170000,0.00025924395313479314,0.03897581792318634,0.00020892012693803918,5.0944046455642886e-05,1.1167883211678833,1.0,0.3833333140292228,/tmp/nxf.XXXXzizwg1/sourmash_database/gtdb-rs214-reps.k51.zip,"GCF_014467075.1 Anaerostipes caccae strain=JCM 13470, ASM1446707v1",cd3c43f45300d7a0715be968dfa0cbde,0.04836415362731152,137000,143,15466000,ERR1018280_2.fastq.gz,ERR1018280,efa08b97,655753000,51,DNA,1000,655753,True,0.8505122270905932,0.942337219830642,0.8964247234606175,0.942337219830642,False,153,1512092,3003295,d__Bacteria;p__Bacillota_A;c__Clostridia;o__Lachnospirales;f__Lachnospiraceae;g__Anaerostipes;s__Anaerostipes caccae
143000,0.00021806991351926716,0.06311360448807854,0.00020587019807762985,4.861327308839125e-05,1.0814814814814815,1.0,0.29942789528011465,/tmp/nxf.XXXXzizwg1/sourmash_database/gtdb-rs214-reps.k51.zip,"GCF_000186445.1 Streptococcus agalactiae ATCC 13813 strain=ATCC 13813, ASM18644v1",4eb9a33f5ee67f92b81a2aecac93f7b5,0.06685366993922394,135000,144,15331000,ERR1018280_2.fastq.gz,ERR1018280,efa08b97,655753000,51,DNA,1000,655753,True,0.8476328117232607,0.9483381902397364,0.8979855009814985,0.9483381902397364,False,146,1512238,3003295,d__Bacteria;p__Bacillota;c__Bacilli;o__Lactobacillales;f__Streptococcaceae;g__Streptococcus;s__Streptococcus agalactiae
439000,0.0006694593848598482,0.03043282236248873,0.00020587019807762985,0.00021376521453936426,4.7555555555555555,4.0,2.924903712670737,/tmp/nxf.XXXXzizwg1/sourmash_database/gtdb-rs214-reps.k51.zip,"GCF_004793475.1 Bacteroides sp. NM69_E16B strain=NM69_E16B, ASM479347v1",730b8c4779b5e70a64aaf299d1e2f789,0.09896302975653742,135000,145,15196000,ERR1018280_2.fastq.gz,ERR1018280,efa08b97,655753000,51,DNA,1000,655753,True,0.8664815080949665,0.9556599630579543,0.9110707355764605,0.9556599630579543,False,642,1512880,3003295,d__Bacteria;p__Bacteroidota;c__Bacteroidia;o__Bacteroidales;f__Bacteroidaceae;g__Bacteroides;s__Bacteroides sp002491635
131000,0.00019977034035681117,0.05173775671406003,0.00019977034035681117,4.661546734503271e-05,1.0687022900763359,1.0,0.30743558115423314,/tmp/nxf.XXXXzizwg1/sourmash_database/gtdb-rs214-reps.k51.zip,"GCF_000158275.2 Fusobacterium nucleatum subsp. animalis 7_1 strain=7_1, ASM15827v2",c60b6ab4acec09f792e97cb3d0860ed1,0.05173775671406003,131000,146,15065000,ERR1018280_2.fastq.gz,ERR1018280,efa08b97,655753000,51,DNA,1000,655753,True,0.8461773424865343,0.9435839412453818,0.8948806418659581,0.9435839412453818,False,140,1513020,3003295,d__Bacteria;p__Fusobacteriota;c__Fusobacteriia;o__Fusobacteriales;f__Fusobacteriaceae;g__Fusobacterium;s__Fusobacterium animalis
213000,0.00032481742363359373,0.06501240694789082,0.00019977034035681117,5.1942949327322155e-05,1.1908396946564885,1.0,0.6067621969232871,/tmp/nxf.XXXXzizwg1/sourmash_database/gtdb-rs214-reps.k51.zip,"GCF_900638025.1 Haemophilus parainfluenzae strain=NCTC10665, 55312_D01",609855aa216b23bbc11803b52eb0516e,0.10570719602977667,131000,147,14934000,ERR1018280_2.fastq.gz,ERR1018280,efa08b97,655753000,51,DNA,1000,655753,True,0.854281046360853,0.956896123387771,0.9055885848743119,0.956896123387771,False,156,1513176,3003295,d__Bacteria;p__Pseudomonadota;c__Gammaproteobacteria;o__Enterobacterales_A;f__Pasteurellaceae;g__Haemophilus_D;s__Haemophilus_D parainfluenzae_J
168000,0.0002561940242743838,0.044193216855087356,0.00019672041149640184,4.794733784060507e-05,1.1162790697674418,1.0,0.36574034456078913,/tmp/nxf.XXXXzizwg1/sourmash_database/gtdb-rs214-reps.k51.zip,"GCA_905212515.1 uncultured Ruminococcaceae bacterium, SRR5558303-mag-bin.50",2ddb10fe87f3e27d5b156e5d8f79e6d2,0.05755395683453238,129000,148,14805000,ERR1018280_2.fastq.gz,ERR1018280,efa08b97,655753000,51,DNA,1000,655753,True,0.8503148901651646,0.945557075506684,0.8979359828359244,0.945557075506684,False,144,1513320,3003295,d__Bacteria;p__Bacillota_A;c__Clostridia;o__Oscillospirales;f__Ruminococcaceae;g__Ruthenibacterium;s__Ruthenibacterium sp905212515
398000,0.0006069358432214568,0.04539007092198582,0.0001951954470661972,0.0011350866298515463,26.6328125,13.0,30.700384538957223,/tmp/nxf.XXXXzizwg1/sourmash_database/gtdb-rs214-reps.k51.zip,"GCF_023347275.1 Faecalibacterium sp. I3389 strain=I3389, ASM2334727v1",105d513d0b8d24a4f97fa1ab6cc3e404,0.14113475177304965,128000,149,14677000,ERR1018280_2.fastq.gz,ERR1018280,efa08b97,655753000,51,DNA,1000,655753,True,0.8648172991941516,0.9623347226550671,0.9135760109246094,0.9623347226550671,False,3409,1516729,3003295,d__Bacteria;p__Bacillota_A;c__Clostridia;o__Oscillospirales;f__Ruminococcaceae;g__Faecalibacterium;s__Faecalibacterium sp900758465
293000,0.00044681457804996696,0.053361344537815124,0.0001936704826359925,7.358584488037305e-05,1.7401574803149606,1.0,0.9408707512063179,/tmp/nxf.XXXXzizwg1/sourmash_database/gtdb-rs214-reps.k51.zip,"GCA_003447295.1 Lachnospiraceae bacterium, ASM344729v1",2ea778b1d90b2a80e3eed8d1fdad1ce8,0.123109243697479,127000,150,14550000,ERR1018280_2.fastq.gz,ERR1018280,efa08b97,655753000,51,DNA,1000,655753,True,0.859639221599129,0.9597598147644604,0.9096995181817946,0.9597598147644604,False,221,1516950,3003295,d__Bacteria;p__Bacillota_A;c__Clostridia;o__Lachnospirales;f__Lachnospiraceae;g__Acetatifactor;s__Acetatifactor sp003447295
797000,0.0012153966508731183,0.04468684025334271,0.0001936704826359925,0.0008503993114229538,20.11023622047244,20.0,9.225289058447784,/tmp/nxf.XXXXzizwg1/sourmash_database/gtdb-rs214-reps.k51.zip,"GCA_003458705.1 Eubacterium sp. AF22-9 strain=AF22-9, ASM345870v1",3c08fda7e2d5d877b90f3728c63b587d,0.2804363124560169,127000,151,14423000,ERR1018280_2.fastq.gz,ERR1018280,efa08b97,655753000,51,DNA,1000,655753,True,0.8766729541521319,0.9753785948169572,0.9260257744845446,0.9753785948169572,False,2554,1519504,3003295,d__Bacteria;p__Bacillota_A;c__Clostridia;o__Lachnospirales;f__Lachnospiraceae;g__Lachnospira;s__Lachnospira sp003537285
129000,0.00019672041149640184,0.04403606102635229,0.0001936704826359925,4.761437021671198e-05,1.125984251968504,1.0,0.3763087604834179,/tmp/nxf.XXXXzizwg1/sourmash_database/gtdb-rs214-reps.k51.zip,"GCF_004341945.1 Longicatena caecimuris strain=DSM 29481, ASM434194v1",ec474f39efdf2c5b28f7b0fd2429ad0d,0.04472954230235784,127000,152,14296000,ERR1018280_2.fastq.gz,ERR1018280,efa08b97,655753000,51,DNA,1000,655753,True,0.8459221188327763,0.9408947986711558,0.8934084587519661,0.9408947986711558,False,143,1519647,3003295,d__Bacteria;p__Bacillota;c__Bacilli;o__Erysipelotrichales;f__Erysipelotrichaceae;g__Longicatena;s__Longicatena caecimuris
457000,0.0006969087446035321,0.0338123415046492,0.00018299573162455985,8.457377646884505e-05,2.1166666666666667,2.0,1.5393902111622713,/tmp/nxf.XXXXzizwg1/sourmash_database/gtdb-rs214-reps.k51.zip,"GCA_934292725.1 uncultured Lachnospiraceae bacterium, ERR7738588_bin.131",ca1411c0b167b687b3aba2c99d7cc8a4,0.1287686672302057,120000,153,14176000,ERR1018280_2.fastq.gz,ERR1018280,efa08b97,655753000,51,DNA,1000,655753,True,0.8671644962222158,0.9606060068873367,0.9138852515547762,0.9606060068873367,False,254,1519901,3003295,d__Bacteria;p__Bacillota_A;c__Clostridia;o__Lachnospirales;f__Lachnospiraceae;g__KLE1615;s__KLE1615 sp934292725
153000,0.0002333195578213138,0.01857682619647355,0.00017994580276415052,5.693746368571852e-05,1.4491525423728813,1.0,2.842168716073895,/tmp/nxf.XXXXzizwg1/sourmash_database/gtdb-rs214-reps.k51.zip,"GCA_025149125.1 [Clostridium] asparagiforme DSM 15981 strain=DSM 15981, ASM2514912v1",e521dfe7385306788110be8c24c20c64,0.024086901763224183,118000,154,14058000,ERR1018280_2.fastq.gz,ERR1018280,efa08b97,655753000,51,DNA,1000,655753,True,0.8487569739965515,0.9295445620512031,0.8891507680238773,0.9295445620512031,False,171,1520072,3003295,d__Bacteria;p__Bacillota_A;c__Clostridia;o__Lachnospirales;f__Lachnospiraceae;g__Enterocloster;s__Enterocloster asparagiformis
128000,0.0001951954470661972,0.05608365019011407,0.00017994580276415052,4.5616564473353434e-05,1.1610169491525424,1.0,0.46886698961434076,/tmp/nxf.XXXXzizwg1/sourmash_database/gtdb-rs214-reps.k51.zip,"GCF_002959775.1 Veillonella rogosae JCM 15642 strain=JCM 15642, ASM295977v1",e30e2af4a8960abd49eaf2e4a6d4c29e,0.060836501901140684,118000,155,13940000,ERR1018280_2.fastq.gz,ERR1018280,efa08b97,655753000,51,DNA,1000,655753,True,0.8457930485877246,0.9465860131987434,0.8961895308932339,0.9465860131987434,False,137,1520209,3003295,d__Bacteria;p__Bacillota_C;c__Negativicutes;o__Veillonellales;f__Veillonellaceae;g__Veillonella;s__Veillonella rogosae
381000,0.0005810114479079775,0.021843761569788966,0.00017994580276415052,0.00044617661601674164,11.35593220338983,2.0,33.72710156629533,/tmp/nxf.XXXXzizwg1/sourmash_database/gtdb-rs214-reps.k51.zip,"GCF_003865075.1 Bacteroides sp. KCTC 15687 strain=KCTC 15687, ASM386507v1",861813cba2a42ef08ae1ac15114d1819,0.07052943354313217,118000,156,13822000,ERR1018280_2.fastq.gz,ERR1018280,efa08b97,655753000,51,DNA,1000,655753,True,0.8640773894312438,0.9493339828229624,0.9067056861271031,0.9493339828229624,False,1340,1521549,3003295,d__Bacteria;p__Bacteroidota;c__Bacteroidia;o__Bacteroidales;f__Bacteroidaceae;g__Bacteroides;s__Bacteroides faecalis
329000,0.0005017132975373349,0.03930870891223314,0.0001768958739037412,0.0012739341290149652,32.98275862068966,15.0,35.68226226945083,/tmp/nxf.XXXXzizwg1/sourmash_database/gtdb-rs214-reps.k51.zip,"GCF_019967995.1 Faecalibacterium prausnitzii strain=Fp77, ASM1996799v1",264221f02d0ea5438188a28327519ed3,0.11148763131141985,116000,157,13706000,ERR1018280_2.fastq.gz,ERR1018280,efa08b97,655753000,51,DNA,1000,655753,True,0.8615947643306872,0.9578955823271534,0.9097451733289204,0.9578955823271534,False,3826,1525375,3003295,d__Bacteria;p__Bacillota_A;c__Clostridia;o__Oscillospirales;f__Ruminococcaceae;g__Faecalibacterium;s__Faecalibacterium prausnitzii_E
131000,0.00019977034035681117,0.051865332120109194,0.00017384594504333187,4.428469397778107e-05,1.1666666666666667,1.0,0.7937990671853472,/tmp/nxf.XXXXzizwg1/sourmash_database/gtdb-rs214-reps.k51.zip,"GCA_902381685.1 Lachnospiraceae bacterium, UHGG_MGYG-HGUT-01373",3e779a6115ed43332dbb16c6a58bfdba,0.05959963603275705,114000,158,13592000,ERR1018280_2.fastq.gz,ERR1018280,efa08b97,655753000,51,DNA,1000,655753,True,0.8461773424865343,0.9462048477712192,0.8961910951288767,0.9462048477712192,False,133,1525508,3003295,d__Bacteria;p__Bacillota_A;c__Clostridia;o__Lachnospirales;f__Lachnospiraceae;g__Faecalimonas;s__Faecalimonas sp000209385
375000,0.0005718616613267496,0.026574096241321524,0.00016927105175271786,0.00031398846933118456,8.495495495495495,4.0,9.43529302587969,/tmp/nxf.XXXXzizwg1/sourmash_database/gtdb-rs214-reps.k51.zip,"GCF_003461245.1 Blautia sp. AF19-10LB strain=AF19-10LB, ASM346124v1",1010f41a1cf51346c99c112643c1110b,0.08977735216662676,111000,159,13481000,ERR1018280_2.fastq.gz,ERR1018280,efa08b97,655753000,51,DNA,1000,655753,True,0.8638084939831236,0.9538363272025835,0.9088224105928535,0.9538363272025835,False,943,1526451,3003295,d__Bacteria;p__Bacillota_A;c__Clostridia;o__Lachnospirales;f__Lachnospiraceae;g__Blautia_A;s__Blautia_A sp000436615
335000,0.0005108630841185629,0.024566148298399818,0.00016622112289230853,0.0007311969020692273,20.146788990825687,11.0,23.95133663048198,/tmp/nxf.XXXXzizwg1/sourmash_database/gtdb-rs214-reps.k51.zip,"GCA_900758315.1 uncultured Oscillospiraceae bacterium, ERS608503_14",9d2c577135181908133b3caca3c8e46e,0.07550146495379761,109000,160,13372000,ERR1018280_2.fastq.gz,ERR1018280,efa08b97,655753000,51,DNA,1000,655753,True,0.8619001402693379,0.9506028785583389,0.9062515094138384,0.9506028785583389,False,2196,1528647,3003295,d__Bacteria;p__Bacillota_A;c__Clostridia;o__Oscillospirales;f__Oscillospiraceae;g__Onthomonas;s__Onthomonas sp900758315
810000,0.0012352211884657791,0.07356948228882834,0.00016469615846210388,0.0006136593308349663,17.064814814814813,18.0,13.553920539930262,/tmp/nxf.XXXXzizwg1/sourmash_database/gtdb-rs214-reps.k51.zip,"GCA_019410105.1 Clostridiales bacterium, ASM1941010v1",31feafc2ea10d8f015855bbbe6a17429,0.5517711171662125,108000,161,13264000,ERR1018280_2.fastq.gz,ERR1018280,efa08b97,655753000,51,DNA,1000,655753,True,0.8769511196545561,0.9884084515682429,0.9326797856113995,0.9884084515682429,False,1843,1530490,3003295,d__Bacteria;p__Bacillota_A;c__Clostridia;o__Oscillospirales;f__Oscillospiraceae;g__DXTB01;s__DXTB01 sp019410105
439000,0.0006694593848598482,0.01770212765957447,0.0001585963007412852,5.660449606182543e-05,1.6346153846153846,1.0,0.8776902851726175,/tmp/nxf.XXXXzizwg1/sourmash_database/gtdb-rs214-reps.k51.zip,"GCA_019416685.1 Bacteroides sp., ASM1941668v1",d5610c0fee6bba8ae022599e780bba24,0.07472340425531915,104000,162,13160000,ERR1018280_2.fastq.gz,ERR1018280,efa08b97,655753000,51,DNA,1000,655753,True,0.8664815080949665,0.9504098194181267,0.9084456637565466,0.9504098194181267,False,170,1530660,3003295,d__Bacteria;p__Bacteroidota;c__Bacteroidia;o__Bacteroidales;f__Bacteroidaceae;g__Bacteroides;s__Bacteroides sp900762525
197000,0.0003004179927503191,0.044580419580419584,0.00015554637188087587,0.00011387492737143704,3.3529411764705883,1.0,4.716776605432932,/tmp/nxf.XXXXzizwg1/sourmash_database/gtdb-rs214-reps.k51.zip,"GCF_001025175.1 Bifidobacterium breve DSM 20213 = JCM 1192 strain=JCM 1192, ASM102517v1",98e12eb0849dda8b3cff5f6ae3e2c152,0.08610139860139861,102000,163,13058000,ERR1018280_2.fastq.gz,ERR1018280,efa08b97,655753000,51,DNA,1000,655753,True,0.8529740183856386,0.9530547433490935,0.9030143808673661,0.9530547433490935,False,342,1531002,3003295,d__Bacteria;p__Actinomycetota;c__Actinomycetia;o__Actinomycetales;f__Bifidobacteriaceae;g__Bifidobacterium;s__Bifidobacterium breve
116000,0.0001768958739037412,0.05134722928317234,0.00015402140745067122,3.96231472432778e-05,1.1782178217821782,1.0,0.47504120934238236,/tmp/nxf.XXXXzizwg1/sourmash_database/gtdb-rs214-reps.k51.zip,"GCF_002959915.1 Veillonella atypica KON strain=ATCC 17744, ASM295991v1",154e4b388ee290a12ac4205af985e5c8,0.058973055414336555,101000,164,12957000,ERR1018280_2.fastq.gz,ERR1018280,efa08b97,655753000,51,DNA,1000,655753,True,0.844162075511082,0.9460087844699197,0.8950854299905009,0.9460087844699197,False,119,1531121,3003295,d__Bacteria;p__Bacillota_C;c__Negativicutes;o__Veillonellales;f__Veillonellaceae;g__Veillonella;s__Veillonella atypica
99000,0.0001509714785902619,0.04159663865546218,0.0001509714785902619,3.3629730013202163e-05,1.02020202020202,1.0,0.14069079067862747,/tmp/nxf.XXXXzizwg1/sourmash_database/gtdb-rs214-reps.k51.zip,"GCA_902373545.1 uncultured Actinomyces sp., MGYG-HGUT-01285",1d59c82f720f46bf5ad89421821affbe,0.04159663865546218,99000,165,12858000,ERR1018280_2.fastq.gz,ERR1018280,efa08b97,655753000,51,DNA,1000,655753,True,0.8415431141263126,0.93955608706139,0.8905496005938514,0.93955608706139,False,101,1531222,3003295,d__Bacteria;p__Actinomycetota;c__Actinomycetia;o__Actinomycetales;f__Actinomycetaceae;g__Pauljensenia;s__Pauljensenia sp902373545
347000,0.0005291626572810189,0.01830188679245283,0.00014792154972985256,0.00013152221143777085,4.072164948453608,1.0,8.865835529880705,/tmp/nxf.XXXXzizwg1/sourmash_database/gtdb-rs214-reps.k51.zip,"GCA_000509105.1 Clostridiales bacterium VE202-21 strain=VE202-21, ASM50910v1",91aa1bc966a1423cc9c8eebedb547385,0.06547169811320755,97000,166,12761000,ERR1018280_2.fastq.gz,ERR1018280,efa08b97,655753000,51,DNA,1000,655753,True,0.862495128431478,0.9479498557228615,0.9052224920771698,0.9479498557228615,False,395,1531617,3003295,d__Bacteria;p__Bacillota_A;c__Clostridia;o__Lachnospirales;f__Lachnospiraceae;g__Muricomes;s__Muricomes sp000509105
205000,0.0003126177081919564,0.033531260915124,0.00014639658529964789,0.00010288699578296504,3.21875,2.0,4.201198055812968,/tmp/nxf.XXXXzizwg1/sourmash_database/gtdb-rs214-reps.k51.zip,"GCA_025150745.1 Eubacterium ventriosum strain=ATCC 27560, ASM2515074v1",440e1bb1587f3739d335baca21132760,0.07160321341250436,96000,167,12665000,ERR1018280_2.fastq.gz,ERR1018280,efa08b97,655753000,51,DNA,1000,655753,True,0.85364003704229,0.9496152848485068,0.9016276609453984,0.9496152848485068,False,309,1531926,3003295,d__Bacteria;p__Bacillota_A;c__Clostridia;o__Lachnospirales;f__Lachnospiraceae;g__Eubacterium_G;s__Eubacterium_G ventriosum
98000,0.00014944651416005721,0.02117227546244707,0.0001448716208694432,3.462863288488144e-05,1.0947368421052632,1.0,0.48283557647072484,/tmp/nxf.XXXXzizwg1/sourmash_database/gtdb-rs214-reps.k51.zip,"GCF_000406965.1 Enterococcus avium ATCC 14025 strain=ATCC 14025, Ente_aviu_ATCC14025_V1",c85724ebc165be61ae229ed51133d055,0.0218408736349454,95000,168,12570000,ERR1018280_2.fastq.gz,ERR1018280,efa08b97,655753000,51,DNA,1000,655753,True,0.8413756080875356,0.9277621845992758,0.8845688963434057,0.9277621845992758,False,104,1532030,3003295,d__Bacteria;p__Bacillota;c__Bacilli;o__Lactobacillales;f__Enterococcaceae;g__Enterococcus_A;s__Enterococcus_A avium
103000,0.00015707133631108055,0.048654244306418216,0.00014334665643923856,3.496160050877453e-05,1.1170212765957446,1.0,0.32144563680293897,/tmp/nxf.XXXXzizwg1/sourmash_database/gtdb-rs214-reps.k51.zip,"GCF_003143695.2 Streptococcus halitosis strain=VT-4, ASM314369v2",b6c43ee37dd9ea49c06bdf58d93c7417,0.05331262939958592,94000,169,12476000,ERR1018280_2.fastq.gz,ERR1018280,efa08b97,655753000,51,DNA,1000,655753,True,0.8421969522582077,0.944138884242023,0.8931679182501153,0.944138884242023,False,105,1532135,3003295,d__Bacteria;p__Bacillota;c__Bacilli;o__Lactobacillales;f__Streptococcaceae;g__Streptococcus;s__Streptococcus halitosis
947000,0.0014441413154038182,0.014499532273152479,0.00014182169200903388,0.00021776082602608136,7.032258064516129,2.0,7.181894219393934,/tmp/nxf.XXXXzizwg1/sourmash_database/gtdb-rs214-reps.k51.zip,"GCA_902362375.1 Bacteroidaceae bacterium, MGYG-HGUT-00013",63b6685e3c82820586cc3acca805ccf1,0.1476457748674774,93000,170,12383000,ERR1018280_2.fastq.gz,ERR1018280,efa08b97,655753000,51,DNA,1000,655753,True,0.8796422331267439,0.9631861213084987,0.9214141772176213,0.9631861213084987,False,654,1532789,3003295,d__Bacteria;p__Bacteroidota;c__Bacteroidia;o__Bacteroidales;f__Bacteroidaceae;g__Bacteroides;s__Bacteroides sp902362375
285000,0.00043461486260832965,0.02815622161671208,0.00014182169200903388,0.0001298573733183054,4.193548387096774,4.0,2.8026794572572524,/tmp/nxf.XXXXzizwg1/sourmash_database/gtdb-rs214-reps.k51.zip,"GCF_000173975.1 Anaerobutyricum hallii DSM 3353 strain=DSM 3353, ASM17397v1",8fce16b2b7ed2405807ddf248dc6febb,0.08628519527702089,93000,171,12290000,ERR1018280_2.fastq.gz,ERR1018280,efa08b97,655753000,51,DNA,1000,655753,True,0.8591727254530523,0.9530945926836756,0.906133659068364,0.9530945926836756,False,390,1533179,3003295,d__Bacteria;p__Bacillota_A;c__Clostridia;o__Lachnospirales;f__Lachnospiraceae;g__Anaerobutyricum;s__Anaerobutyricum hallii
405000,0.0006176105942328896,0.02244997559785261,0.00014029672757882923,0.00045916235334857213,14.98913043478261,14.0,10.839234857098289,/tmp/nxf.XXXXzizwg1/sourmash_database/gtdb-rs214-reps.k51.zip,"GCA_000285855.2 Ruminococcus sp. JC304, ASM28585v2",d531218b22b575d3882f43062762ff19,0.09882869692532943,92000,172,12198000,ERR1018280_2.fastq.gz,ERR1018280,efa08b97,655753000,51,DNA,1000,655753,True,0.8651129996001679,0.9556345104937877,0.9103737550469777,0.9556345104937877,False,1379,1534558,3003295,d__Bacteria;p__Bacillota_A;c__Clostridia;o__Lachnospirales;f__Lachnospiraceae;g__Blautia_A;s__Blautia_A sp000285855
90000,0.0001372467987184199,0.04825737265415549,0.0001372467987184199,3.2297859517629805e-05,1.0777777777777777,1.0,0.2678215731820877,/tmp/nxf.XXXXzizwg1/sourmash_database/gtdb-rs214-reps.k51.zip,"GCA_015256775.1 Solobacterium sp., ASM1525677v1",bba2d43091e133eee79fe2a36acd0033,0.04825737265415549,90000,173,12108000,ERR1018280_2.fastq.gz,ERR1018280,efa08b97,655753000,51,DNA,1000,655753,True,0.8399718842224676,0.9422963806602381,0.8911341324413529,0.9422963806602381,False,97,1534655,3003295,d__Bacteria;p__Bacillota;c__Bacilli;o__Erysipelotrichales;f__Erysipelotrichaceae;g__Bulleidia;s__Bulleidia sp015256775
671000,0.0010232511326673304,0.043331728454501686,0.0001372467987184199,0.00023307733672516353,7.777777777777778,7.5,3.794082461991972,/tmp/nxf.XXXXzizwg1/sourmash_database/gtdb-rs214-reps.k51.zip,"GCA_905215045.1 uncultured bacterium, ERR1600571-mag-bin.33",86fb6ba6c0b8bfe828c2fb7e65063883,0.3230621088107848,90000,174,12018000,ERR1018280_2.fastq.gz,ERR1018280,efa08b97,655753000,51,DNA,1000,655753,True,0.8737198462338966,0.9780885105006496,0.9259041783672731,0.9780885105006496,False,700,1535355,3003295,d__Bacteria;p__Bacillota_A;c__Clostridia;o__Lachnospirales;f__Lachnospiraceae;g__Anaerostipes;s__Anaerostipes sp905215045
214000,0.0003263423880637984,0.02313030069390902,0.0001372467987184199,4.594953209724652e-05,1.5333333333333334,1.0,2.548201980482186,/tmp/nxf.XXXXzizwg1/sourmash_database/gtdb-rs214-reps.k51.zip,"GCF_013282095.1 Clostridium sp. C5-48 strain=C5-48, ASM1328209v1",372f30c9ef28931bee53c61b2e410023,0.05499871498329478,90000,175,11928000,ERR1018280_2.fastq.gz,ERR1018280,efa08b97,655753000,51,DNA,1000,655753,True,0.8543595072910175,0.9447154768059822,0.8995374920484999,0.9447154768059822,False,138,1535493,3003295,d__Bacteria;p__Bacillota_A;c__Clostridia;o__Lachnospirales;f__Lachnospiraceae;g__Enterocloster;s__Enterocloster sp900538485
94000,0.00014334665643923856,0.037807986406117246,0.00013572183428821522,3.795830912381235e-05,1.2808988764044944,1.0,1.5213001834618254,/tmp/nxf.XXXXzizwg1/sourmash_database/gtdb-rs214-reps.k51.zip,"GCA_025149465.1 [Clostridium] spiroforme DSM 1552 strain=DSM 1552, ASM2514946v1",3d35e4d0825808bd708f8bfd032ab3df,0.03993203058623619,89000,176,11839000,ERR1018280_2.fastq.gz,ERR1018280,efa08b97,655753000,51,DNA,1000,655753,True,0.8406883910437902,0.938803995609752,0.8897461933267712,0.938803995609752,False,114,1535607,3003295,d__Bacteria;p__Bacillota;c__Bacilli;o__Erysipelotrichales;f__Coprobacillaceae;g__Thomasclavelia;s__Thomasclavelia spiroformis
252000,0.0003842910364115757,0.02407304925290537,0.0001326719054278059,0.0005400734859545932,18.64367816091954,20.0,16.602158155994342,/tmp/nxf.XXXXzizwg1/sourmash_database/gtdb-rs214-reps.k51.zip,"GCA_018374635.1 Clostridiales bacterium, ASM1837463v1",6a67f3bac886b8e184c2874a66fe8387,0.06972883231876037,87000,177,11752000,ERR1018280_2.fastq.gz,ERR1018280,efa08b97,655753000,51,DNA,1000,655753,True,0.8571020898110074,0.9491215005313041,0.9031117951711558,0.9491215005313041,False,1622,1537229,3003295,d__Bacteria;p__Bacillota_A;c__Clostridia;o__Oscillospirales;f__Oscillospiraceae;g__Pseudoflavonifractor_A;s__Pseudoflavonifractor_A sp018374635
246000,0.0003751412498303477,0.0309939437121482,0.0001326719054278059,0.00021176740879600572,7.310344827586207,7.0,6.345077456349209,/tmp/nxf.XXXXzizwg1/sourmash_database/gtdb-rs214-reps.k51.zip,"GCF_003481705.1 Butyricicoccus sp. OM04-18BH strain=OM04-18BH, ASM348170v1",fdafa387cfe9876f6fbac387581ed7dd,0.08763804773779836,87000,178,11665000,ERR1018280_2.fastq.gz,ERR1018280,efa08b97,655753000,51,DNA,1000,655753,True,0.8566972038687795,0.9533853720839136,0.9050412879763465,0.9533853720839136,False,636,1537865,3003295,d__Bacteria;p__Bacillota_A;c__Clostridia;o__Oscillospirales;f__Butyricicoccaceae;g__Agathobaculum;s__Agathobaculum sp003481705
501000,0.0007640071795325374,0.022376543209876542,0.0001326719054278059,0.00011054525113250613,3.8160919540229883,2.0,4.109223534989301,/tmp/nxf.XXXXzizwg1/sourmash_database/gtdb-rs214-reps.k51.zip,"GCF_003481985.1 Clostridium sp. OF09-36 strain=OF09-36, ASM348198v1",b9b175a0f4b1cff9cbaa003028bd9389,0.12885802469135801,87000,179,11578000,ERR1018280_2.fastq.gz,ERR1018280,efa08b97,655753000,51,DNA,1000,655753,True,0.8687288881957367,0.9606190730497649,0.9146739806227508,0.9606190730497649,False,332,1538197,3003295,d__Bacteria;p__Bacillota_A;c__Clostridia;o__Lachnospirales;f__Lachnospiraceae;g__Ventrimonas;s__Ventrimonas sp003506385
105000,0.00016012126517148988,0.045989304812834225,0.00013114694099760122,3.0300053774271258e-05,1.058139534883721,1.0,0.2340071139243966,/tmp/nxf.XXXXzizwg1/sourmash_database/gtdb-rs214-reps.k51.zip,"GCF_000479335.1 Streptococcus sp. I-G2 strain=I-G2, ASM47933v1",aa6c1c278ecd6e0efbb2be0a1741b312,0.05614973262032086,86000,180,11492000,ERR1018280_2.fastq.gz,ERR1018280,efa08b97,655753000,51,DNA,1000,655753,True,0.8425145924256194,0.945099222170907,0.8938069072982633,0.945099222170907,False,91,1538288,3003295,d__Bacteria;p__Bacillota;c__Bacilli;o__Lactobacillales;f__Streptococcaceae;g__Streptococcus;s__Streptococcus ilei
651000,0.0009927518440632373,0.01424024124643994,0.00012962197656739657,0.0003026675701188195,10.694117647058823,9.0,13.620074742311775,/tmp/nxf.XXXXzizwg1/sourmash_database/gtdb-rs214-reps.k51.zip,"GCF_900106755.1 Bacteroides faecis MAJ27 strain=MAJ27, IMG-taxon 2693429916 annotated assembly",29f2cc9d2d6e4b636e9cf811c74231fd,0.10906349472273412,85000,181,11407000,ERR1018280_2.fastq.gz,ERR1018280,efa08b97,655753000,51,DNA,1000,655753,True,0.8732016015392915,0.9574827728212478,0.9153421871802696,0.9574827728212478,False,909,1539197,3003295,d__Bacteria;p__Bacteroidota;c__Bacteroidia;o__Bacteroidales;f__Bacteroidaceae;g__Bacteroides;s__Bacteroides faecis
177000,0.00026991870414622577,0.023178807947019868,0.0001280970121371919,7.59166182476247e-05,2.7142857142857144,2.0,2.3430313524081035,/tmp/nxf.XXXXzizwg1/sourmash_database/gtdb-rs214-reps.k51.zip,"GCA_900756035.1 uncultured Anaerostipes sp., ERS473319_7",cefd1ab0113d431e6a4d258cd0885f80,0.048841059602649006,84000,182,11323000,ERR1018280_2.fastq.gz,ERR1018280,efa08b97,655753000,51,DNA,1000,655753,True,0.8511854202384076,0.9425185435570361,0.8968519818977219,0.9425185435570361,False,228,1539425,3003295,d__Bacteria;p__Bacillota_A;c__Clostridia;o__Lachnospirales;f__Lachnospiraceae;g__Anaerostipes;s__Anaerostipes sp900756035
271000,0.00041326536058546433,0.03697183098591549,0.0001280970121371919,0.005405729373904328,193.27380952380952,203.5,84.2582977672252,/tmp/nxf.XXXXzizwg1/sourmash_database/gtdb-rs214-reps.k51.zip,"GCF_023921805.1 Ruminococcus sp. FMBCY1 strain=FMBCY1, ASM2392180v1",7a52d4f8398040e086a9380334cecdba,0.1192781690140845,84000,183,11239000,ERR1018280_2.fastq.gz,ERR1018280,efa08b97,655753000,51,DNA,1000,655753,True,0.8583245788899447,0.9591650646867074,0.908744821788326,0.9591650646867074,False,16235,1555660,3003295,d__Bacteria;p__Bacillota_A;c__Clostridia;o__Oscillospirales;f__Acutalibacteraceae;g__Ruminococcus_E;s__Ruminococcus_E sp003526955
368000,0.0005611869103153169,0.015735943197083095,0.00012504708327678256,0.00013118924381387776,4.804878048780488,2.0,20.949089871604023,/tmp/nxf.XXXXzizwg1/sourmash_database/gtdb-rs214-reps.k51.zip,"GCF_002849695.1 Bacteroides fragilis strain=Q1F2, ASM284969v1",bc7a4f77aeb51207056cf8a77a441aca,0.07061984264056803,82000,184,11157000,ERR1018280_2.fastq.gz,ERR1018280,efa08b97,655753000,51,DNA,1000,655753,True,0.8634893996154949,0.949357828949215,0.906423614282355,0.949357828949215,False,394,1556054,3003295,d__Bacteria;p__Bacteroidota;c__Bacteroidia;o__Bacteroidales;f__Bacteroidaceae;g__Bacteroides;s__Bacteroides fragilis_A
373000,0.0005688117324663402,0.030347890451517395,0.00012504708327678256,0.0011653866836258177,42.68292682926829,46.5,23.40047844454618,/tmp/nxf.XXXXzizwg1/sourmash_database/gtdb-rs214-reps.k51.zip,"GCF_023347535.1 Faecalibacterium sp. HTFF strain=HTFF, ASM2334753v1",b856be3bf596906f871150b46d2f180f,0.13804589193190228,82000,185,11075000,ERR1018280_2.fastq.gz,ERR1018280,efa08b97,655753000,51,DNA,1000,655753,True,0.8637179240694562,0.9619172554360487,0.9128175897527524,0.9619172554360487,False,3500,1559554,3003295,d__Bacteria;p__Bacillota_A;c__Clostridia;o__Oscillospirales;f__Ruminococcaceae;g__Faecalibacterium;s__Faecalibacterium sp900539885
95000,0.0001448716208694432,0.032766990291262135,0.0001235221188465779,2.7969280407019625e-05,1.037037037037037,1.0,0.18885257457751053,/tmp/nxf.XXXXzizwg1/sourmash_database/gtdb-rs214-reps.k51.zip,"GCF_013394795.1 Leptotrichia sp. oral taxon 223 strain=F0708, ASM1339479v1",562f8ba06a08811bcf5c86c1c831056b,0.03843042071197411,81000,186,10994000,ERR1018280_2.fastq.gz,ERR1018280,efa08b97,655753000,51,DNA,1000,655753,True,0.840862845543463,0.9380986956994962,0.8894807706214796,0.9380986956994962,False,84,1559638,3003295,d__Bacteria;p__Fusobacteriota;c__Fusobacteriia;o__Fusobacteriales;f__Leptotrichiaceae;g__Leptotrichia;s__Leptotrichia sp013394795
185000,0.00028211841958786314,0.038461538461538464,0.00012199715441637323,2.9634118526485076e-05,1.1125,1.0,0.31598061649411346,/tmp/nxf.XXXXzizwg1/sourmash_database/gtdb-rs214-reps.k51.zip,"GCF_943193075.1 Streptococcus sp. DSM 110150, Streptococcus_sp_nov_DSM110150",3ccd6568a61dd81addc2db62bb4fa2ab,0.0889423076923077,80000,187,10914000,ERR1018280_2.fastq.gz,ERR1018280,efa08b97,655753000,51,DNA,1000,655753,True,0.8519235358005854,0.9536615703041283,0.9027925530523568,0.9536615703041283,False,89,1559727,3003295,d__Bacteria;p__Bacillota;c__Bacilli;o__Lactobacillales;f__Streptococcaceae;g__Streptococcus;s__Streptococcus parasanguinis_E
374000,0.0005703366968965449,0.028254649499284693,0.00012047218998616857,0.0008134399051708207,30.924050632911392,31.0,11.40483147883946,/tmp/nxf.XXXXzizwg1/sourmash_database/gtdb-rs214-reps.k51.zip,"GCA_900315735.1 uncultured Lachnospiraceae bacterium, Rumen uncultured genome RUG115",367102f8450ae5b7712d9590fc9725f6,0.13376251788268956,79000,188,10835000,ERR1018280_2.fastq.gz,ERR1018280,efa08b97,655753000,51,DNA,1000,655753,True,0.8637632683806615,0.9613229326220338,0.9125431005013477,0.9613229326220338,False,2443,1562170,3003295,d__Bacteria;p__Bacillota_A;c__Clostridia;o__Lachnospirales;f__Lachnospiraceae;g__RUG115;s__RUG115 sp900315735
87000,0.0001326719054278059,0.02980512036683225,0.0001189472255559639,2.8635215654805804e-05,1.1025641025641026,1.0,0.34305354257076043,/tmp/nxf.XXXXzizwg1/sourmash_database/gtdb-rs214-reps.k51.zip,"GCA_900547195.1 uncultured Butyricicoccus sp., UMGS961",eac41f63343f60f9b0f9042be9ea63a7,0.03324417271685136,78000,189,10757000,ERR1018280_2.fastq.gz,ERR1018280,efa08b97,655753000,51,DNA,1000,655753,True,0.8394137099537627,0.9354358931665596,0.8874248015601611,0.9354358931665596,False,86,1562256,3003295,d__Bacteria;p__Bacillota_A;c__Clostridia;o__Oscillospirales;f__Butyricicoccaceae;g__Butyricicoccus;s__Butyricicoccus sp900547195
256000,0.0003903908941323944,0.041379310344827586,0.0001189472255559639,9.922435192014104e-05,3.8205128205128207,3.0,2.08624057505723,/tmp/nxf.XXXXzizwg1/sourmash_database/gtdb-rs214-reps.k51.zip,"GCA_900772675.1 Lachnospiraceae bacterium, SRS883021_119",d4c456021a0e52a18f9e9140a659c495,0.13580901856763924,78000,190,10679000,ERR1018280_2.fastq.gz,ERR1018280,efa08b97,655753000,51,DNA,1000,655753,True,0.8573667963582194,0.9616091789845105,0.909487987671365,0.9616091789845105,False,298,1562554,3003295,d__Bacteria;p__Bacillota_A;c__Clostridia;o__Lachnospirales;f__Lachnospiraceae;g__Fusicatenibacter;s__Fusicatenibacter sp900772675
876000,0.001335868840859287,0.027513227513227514,0.0001189472255559639,0.0005004503387113154,19.26923076923077,17.5,15.803012595723377,/tmp/nxf.XXXXzizwg1/sourmash_database/gtdb-rs214-reps.k51.zip,"GCF_000146185.1 [Eubacterium] eligens ATCC 27750 strain=ATCC 27750, ASM14618v1",6f23354d1c492f2e5d90eb1f6ead0ebb,0.308994708994709,78000,191,10601000,ERR1018280_2.fastq.gz,ERR1018280,efa08b97,655753000,51,DNA,1000,655753,True,0.8782990800125036,0.9772350609228935,0.9277670704676986,0.9772350609228935,False,1503,1564057,3003295,d__Bacteria;p__Bacillota_A;c__Clostridia;o__Lachnospirales;f__Lachnospiraceae;g__Lachnospira;s__Lachnospira eligens
90000,0.0001372467987184199,0.021282401091405185,0.0001189472255559639,2.6970377535340353e-05,1.0384615384615385,1.0,0.19230769230769226,/tmp/nxf.XXXXzizwg1/sourmash_database/gtdb-rs214-reps.k51.zip,"GCF_015074785.1 Prevotella copri strain=YF2, ASM1507478v1",7e930297e6a022bb1488dcb6fef424b2,0.02455661664392906,78000,192,10523000,ERR1018280_2.fastq.gz,ERR1018280,efa08b97,655753000,51,DNA,1000,655753,True,0.8399718842224676,0.9298966369845647,0.8849342606035162,0.9298966369845647,False,81,1564138,3003295,d__Bacteria;p__Bacteroidota;c__Bacteroidia;o__Bacteroidales;f__Bacteroidaceae;g__Prevotella;s__Prevotella sp015074785
195000,0.00029736806388990975,0.028979907264296754,0.00011437233226534991,6.0600107548542516e-05,2.4266666666666667,2.0,1.6984175641526502,/tmp/nxf.XXXXzizwg1/sourmash_database/gtdb-rs214-reps.k51.zip,"GCA_900544395.1 uncultured Ruminococcus sp., UMGS669",3233c29d6f08d92c1fdcfbdb777a7684,0.07534775888717156,75000,193,10448000,ERR1018280_2.fastq.gz,ERR1018280,efa08b97,655753000,51,DNA,1000,655753,True,0.8528033709081713,0.9505648947638826,0.901684132836027,0.9505648947638826,False,182,1564320,3003295,d__Bacteria;p__Bacillota_A;c__Clostridia;o__Lachnospirales;f__Lachnospiraceae;g__Ruminococcus_B;s__Ruminococcus_B sp900544395
80000,0.00012199715441637323,0.03355704697986577,0.00011437233226534991,2.5638507039767988e-05,1.0266666666666666,1.0,0.16110727964792762,/tmp/nxf.XXXXzizwg1/sourmash_database/gtdb-rs214-reps.k51.zip,"GCF_000482365.1 Porphyromonas uenonis DSM 23387 = JCM 13868 strain=DSM 23387, ASM48236v1",5b1a55edb8e8ad6837d7fab84241d85c,0.035794183445190156,75000,194,10373000,ERR1018280_2.fastq.gz,ERR1018280,efa08b97,655753000,51,DNA,1000,655753,True,0.8380342316114157,0.9367924492250838,0.8874133404182497,0.9367924492250838,False,77,1564397,3003295,d__Bacteria;p__Bacteroidota;c__Bacteroidia;o__Bacteroidales;f__Porphyromonadaceae;g__Porphyromonas;s__Porphyromonas uenonis
319000,0.0004864636532352883,0.06401384083044982,0.00011284736783514525,0.00037625341499919257,15.27027027027027,14.0,6.070080139497909,/tmp/nxf.XXXXzizwg1/sourmash_database/gtdb-rs214-reps.k51.zip,"GCA_000434835.1 Clostridium sp. CAG:594, MGS594",b7021de2eb300488f0cf9628f3224c2c,0.2759515570934256,74000,195,10299000,ERR1018280_2.fastq.gz,ERR1018280,efa08b97,655753000,51,DNA,1000,655753,True,0.8610734604869659,0.9750703222267199,0.9180718913568429,0.9750703222267199,False,1130,1565527,3003295,d__Bacteria;p__Bacillota;c__Bacilli;o__RF39;f__UBA660;g__Aphodocola;s__Aphodocola sp000434835
216000,0.00032939231692420776,0.03965702036441586,0.00011284736783514525,3.0300053774271258e-05,1.2297297297297298,1.0,0.58233679530852,/tmp/nxf.XXXXzizwg1/sourmash_database/gtdb-rs214-reps.k51.zip,"GCA_905207935.1 uncultured Haemophilus sp., SRR413574-mag-bin.5",fb7ccc09456c8888765c96710b9d8d16,0.1157556270096463,74000,196,10225000,ERR1018280_2.fastq.gz,ERR1018280,efa08b97,655753000,51,DNA,1000,655753,True,0.854515356555235,0.9586014478886489,0.906558402221942,0.9586014478886489,False,91,1565618,3003295,d__Bacteria;p__Pseudomonadota;c__Gammaproteobacteria;o__Enterobacterales_A;f__Pasteurellaceae;g__Haemophilus_D;s__Haemophilus_D sp905207935
347000,0.0005291626572810189,0.019057702488088937,0.00010979743897473591,0.00041754140036193583,17.416666666666668,15.0,12.95478247169318,/tmp/nxf.XXXXzizwg1/sourmash_database/gtdb-rs214-reps.k51.zip,"GCF_018919065.1 Blautia sp. MSJ-9 strain=MSJ-9, ASM1891906v1",3f68c69a571a1395bf239b4d0e6bb427,0.0918475383800953,72000,197,10153000,ERR1018280_2.fastq.gz,ERR1018280,efa08b97,655753000,51,DNA,1000,655753,True,0.862495128431478,0.9542627924072762,0.908378960419377,0.9542627924072762,False,1254,1566872,3003295,d__Bacteria;p__Bacillota_A;c__Clostridia;o__Lachnospirales;f__Lachnospiraceae;g__Blautia_A;s__Blautia_A sp018919065
159000,0.00024246934440254182,0.014513491414554375,0.00010827247454453124,0.00020444212107035772,8.647887323943662,7.0,8.946001690186806,/tmp/nxf.XXXXzizwg1/sourmash_database/gtdb-rs214-reps.k51.zip,"GCF_900155425.1 Parabacteroides massiliensis strain=SN4, PRJEB18759",22af63194a310e17c016d139abfe9cbf,0.03250204415372036,71000,198,10082000,ERR1018280_2.fastq.gz,ERR1018280,efa08b97,655753000,51,DNA,1000,655753,True,0.8493973826168825,0.9350218891521684,0.8922096358845255,0.9350218891521684,False,614,1567486,3003295,d__Bacteria;p__Bacteroidota;c__Bacteroidia;o__Bacteroidales;f__Tannerellaceae;g__Parabacteroides;s__Parabacteroides massiliensis
147000,0.00022416977124008582,0.021645021645021644,0.00010674751011432658,0.000198115736216389,8.5,8.0,4.455333881989093,/tmp/nxf.XXXXzizwg1/sourmash_database/gtdb-rs214-reps.k51.zip,"GCA_900763175.1 Lachnospiraceae bacterium, SRS1596800_141",9dfc03cd17b74f3d405543a811e26abb,0.045454545454545456,70000,199,10012000,ERR1018280_2.fastq.gz,ERR1018280,efa08b97,655753000,51,DNA,1000,655753,True,0.8480914545289914,0.9411914789529711,0.8946414667409812,0.9411914789529711,False,595,1568081,3003295,d__Bacteria;p__Bacillota_A;c__Clostridia;o__Lachnospirales;f__Lachnospiraceae;g__Blautia_A;s__Blautia_A sp900763175
139000,0.0002119700557984485,0.033396946564885496,0.00010674751011432658,2.663740991144726e-05,1.1428571428571428,1.0,0.388613443106727,/tmp/nxf.XXXXzizwg1/sourmash_database/gtdb-rs214-reps.k51.zip,"GCF_902810435.1 Veillonella parvula strain=SKV38, SKV38",67bbd99ec027fb9f3b058c8a204b14b5,0.06631679389312978,70000,200,9942000,ERR1018280_2.fastq.gz,ERR1018280,efa08b97,655753000,51,DNA,1000,655753,True,0.8471614147384045,0.9481882710599717,0.8976748428991881,0.9481882710599717,False,80,1568161,3003295,d__Bacteria;p__Bacillota_C;c__Negativicutes;o__Veillonellales;f__Veillonellaceae;g__Veillonella;s__Veillonella parvula_A
146000,0.00022264480680988117,0.013960172449189078,0.00010369758125391725,0.0002736993868401206,12.088235294117647,12.0,5.340564230264238,/tmp/nxf.XXXXzizwg1/sourmash_database/gtdb-rs214-reps.k51.zip,"GCF_000374365.1 Bacteroides gallinarum DSM 18171 = JCM 13658 strain=DSM 18171, ASM37436v1",ab9abfeb97c769fe085a44e06e72f4b4,0.02997331143502361,68000,201,9874000,ERR1018280_2.fastq.gz,ERR1018280,efa08b97,655753000,51,DNA,1000,655753,True,0.8479779514848234,0.9335381132752743,0.8907580323800488,0.9335381132752743,False,822,1568983,3003295,d__Bacteria;p__Bacteroidota;c__Bacteroidia;o__Bacteroidales;f__Bacteroidaceae;g__Bacteroides;s__Bacteroides gallinarum
128000,0.0001951954470661972,0.011359782977280434,0.00010217261682371259,3.129895664595053e-05,1.4029850746268657,1.0,1.2820191803876066,/tmp/nxf.XXXXzizwg1/sourmash_database/gtdb-rs214-reps.k51.zip,"GCF_900461125.1 Blautia coccoides strain=NCTC11035, 49699_D02",45a3d39fe1c9487e12ba0324b7d409b5,0.021702271956595458,67000,202,9807000,ERR1018280_2.fastq.gz,ERR1018280,efa08b97,655753000,51,DNA,1000,655753,True,0.8457930485877246,0.9276463816721473,0.886719715129936,0.9276463816721473,False,94,1569077,3003295,d__Bacteria;p__Bacillota_A;c__Clostridia;o__Lachnospirales;f__Lachnospiraceae;g__Blautia;s__Blautia coccoides
204000,0.00031109274376175174,0.020364085158901573,0.00010064765239350792,5.1942949327322155e-05,2.3636363636363638,2.0,1.2984415324623364,/tmp/nxf.XXXXzizwg1/sourmash_database/gtdb-rs214-reps.k51.zip,"GCA_019411205.1 Parabacteroides sp., ASM1941120v1",eac4a89fa4121c0a429d9c9689685c09,0.06294353594569577,66000,203,9741000,ERR1018280_2.fastq.gz,ERR1018280,efa08b97,655753000,51,DNA,1000,655753,True,0.8535581921969091,0.9472181743083022,0.9003881832526057,0.9472181743083022,False,156,1569233,3003295,d__Bacteria;p__Bacteroidota;c__Bacteroidia;o__Bacteroidales;f__Tannerellaceae;g__Parabacteroides;s__Parabacteroides sp019411205
67000,0.00010217261682371259,0.023082386363636364,9.912268796330326e-05,3.96231472432778e-05,1.8307692307692307,1.0,1.171051214399081,/tmp/nxf.XXXXzizwg1/sourmash_database/gtdb-rs214-reps.k51.zip,"GCF_000478885.1 Adlercreutzia equolifaciens DSM 19450 strain=DSM 19450, ASM47888v1",55116c7145cfee625af89ea26d55a509,0.023792613636363636,65000,204,9676000,ERR1018280_2.fastq.gz,ERR1018280,efa08b97,655753000,51,DNA,1000,655753,True,0.8351253315662955,0.9293205320621024,0.882222931814199,0.9293205320621024,False,119,1569352,3003295,d__Bacteria;p__Actinomycetota;c__Coriobacteriia;o__Coriobacteriales;f__Eggerthellaceae;g__Adlercreutzia;s__Adlercreutzia equolifaciens
316000,0.0004818887599446743,0.02105604146420473,9.912268796330326e-05,0.0007721519198080775,35.676923076923075,26.0,33.8231180349989,/tmp/nxf.XXXXzizwg1/sourmash_database/gtdb-rs214-reps.k51.zip,"GCF_023347235.1 Faecalibacterium sp. I4179 strain=I4179, ASM2334723v1",907fa411823bfbb5be9253d5f9643455,0.10236475542597992,65000,205,9611000,ERR1018280_2.fastq.gz,ERR1018280,efa08b97,655753000,51,DNA,1000,655753,True,0.86091394217205,0.9562934592686996,0.9086037007203748,0.9562934592686996,False,2319,1571671,3003295,d__Bacteria;p__Bacillota_A;c__Clostridia;o__Oscillospirales;f__Ruminococcaceae;g__Faecalibacterium;s__Faecalibacterium prausnitzii_A
110000,0.0001677460873225132,0.03370194839389152,9.75977235330986e-05,2.230883080083708e-05,1.046875,1.0,0.21137108216357317,/tmp/nxf.XXXXzizwg1/sourmash_database/gtdb-rs214-reps.k51.zip,"GCF_002959755.1 Veillonella sp. T11011-6 strain=T11011-6, ASM295975v1",79bcc89d902ca186e1cb927a45412a3c,0.057925223802001054,64000,206,9547000,ERR1018280_2.fastq.gz,ERR1018280,efa08b97,655753000,51,DNA,1000,655753,True,0.8432834487569482,0.9456762982359868,0.8944798734964674,0.9456762982359868,False,67,1571738,3003295,d__Bacteria;p__Bacillota_C;c__Negativicutes;o__Veillonellales;f__Veillonellaceae;g__Veillonella;s__Veillonella sp002959755
165000,0.0002516191309837698,0.021867407150295035,9.607275910289393e-05,0.0003789171559903373,18.063492063492063,20.0,13.404421227356787,/tmp/nxf.XXXXzizwg1/sourmash_database/gtdb-rs214-reps.k51.zip,"GCA_018383195.1 Clostridiaceae bacterium, ASM1838319v1",239badda028c80b4b3f16fd3469c30b8,0.0572717806317251,63000,207,9484000,ERR1018280_2.fastq.gz,ERR1018280,efa08b97,655753000,51,DNA,1000,655753,True,0.8500145235516475,0.9454659565669024,0.8977402400592749,0.9454659565669024,False,1138,1572876,3003295,d__Bacteria;p__Bacillota_A;c__Clostridia;o__Oscillospirales;f__Butyricicoccaceae;g__Butyricicoccus;s__Butyricicoccus sp018383195
94000,0.00014334665643923856,0.01626226122870418,9.607275910289393e-05,2.1309927929157807e-05,1.0158730158730158,1.0,0.12498425196844144,/tmp/nxf.XXXXzizwg1/sourmash_database/gtdb-rs214-reps.k51.zip,"GCF_003339815.1 Eggerthella sinensis strain=DSM 16107, ASM333981v1",c972f174de06f3c3b6a29c13d79642ab,0.024264326277749097,63000,208,9421000,ERR1018280_2.fastq.gz,ERR1018280,efa08b97,655753000,51,DNA,1000,655753,True,0.8406883910437902,0.9296783353227991,0.8851833631832946,0.9296783353227991,False,64,1572940,3003295,d__Bacteria;p__Actinomycetota;c__Coriobacteriia;o__Coriobacteriales;f__Eggerthellaceae;g__Eggerthella;s__Eggerthella sinensis
241000,0.0003675164276793244,0.019106317411402157,9.454779467268925e-05,4.1620952986636346e-05,2.0161290322580645,1.0,1.3379321488639024,/tmp/nxf.XXXXzizwg1/sourmash_database/gtdb-rs214-reps.k51.zip,"GCF_000210055.1 Gordonibacter pamelaeae 7-10-1-b strain=7-10-1-bT, ASM21005v1",9d497eff52a10c37135e193cbca8d196,0.07426810477657936,62000,209,9359000,ERR1018280_2.fastq.gz,ERR1018280,efa08b97,655753000,51,DNA,1000,655753,True,0.8563523333713781,0.950295930439535,0.9033241319054566,0.950295930439535,False,125,1573065,3003295,d__Bacteria;p__Actinomycetota;c__Coriobacteriia;o__Coriobacteriales;f__Eggerthellaceae;g__Gordonibacter;s__Gordonibacter pamelaeae
62000,9.454779467268925e-05,0.03313735970069481,9.454779467268925e-05,2.2641798424730172e-05,1.096774193548387,1.0,0.29565004483586066,/tmp/nxf.XXXXzizwg1/sourmash_database/gtdb-rs214-reps.k51.zip,"GCF_002998925.1 Mogibacterium diversum strain=CCUG 47132, ASM299892v1",695d4593ce956ab9efc6aa22e7b08b18,0.03313735970069481,62000,210,9297000,ERR1018280_2.fastq.gz,ERR1018280,efa08b97,655753000,51,DNA,1000,655753,True,0.8338562801739859,0.9353768679720286,0.8846165740730072,0.9353768679720286,False,68,1573133,3003295,d__Bacteria;p__Bacillota_A;c__Clostridia;o__Peptostreptococcales;f__Anaerovoracaceae;g__Mogibacterium;s__Mogibacterium diversum
76000,0.00011589729669555458,0.012357982858281841,9.454779467268925e-05,2.1309927929157807e-05,1.032258064516129,1.0,0.17668469596940842,/tmp/nxf.XXXXzizwg1/sourmash_database/gtdb-rs214-reps.k51.zip,"GCF_019048065.1 Citrobacter farmeri strain=FDAARGOS 1423, ASM1904806v1",76dc565867f05ca5aa5cf7596581fbe6,0.015148495116603548,62000,211,9235000,ERR1018280_2.fastq.gz,ERR1018280,efa08b97,655753000,51,DNA,1000,655753,True,0.837191801661934,0.9211300922178614,0.8791609469398977,0.9211300922178614,False,64,1573197,3003295,d__Bacteria;p__Pseudomonadota;c__Gammaproteobacteria;o__Enterobacterales;f__Enterobacteriaceae;g__Citrobacter_A;s__Citrobacter_A farmeri
596000,0.0009088788004019806,0.012578616352201259,9.454779467268925e-05,5.327481982289452e-05,2.5806451612903225,2.0,4.006238631292909,/tmp/nxf.XXXXzizwg1/sourmash_database/gtdb-rs214-reps.k51.zip,"GCF_019583405.1 Bacteroides fragilis strain=S82, ASM1958340v1",688746506041d9beb5b737a2cbf12d0c,0.12091702170825726,62000,212,9173000,ERR1018280_2.fastq.gz,ERR1018280,efa08b97,655753000,51,DNA,1000,655753,True,0.8716916025548604,0.9594217456302796,0.91555667409257,0.9594217456302796,False,160,1573357,3003295,d__Bacteria;p__Bacteroidota;c__Bacteroidia;o__Bacteroidales;f__Bacteroidaceae;g__Bacteroides;s__Bacteroides fragilis_B
230000,0.00035074181894707303,0.015713549716640907,9.302283024248459e-05,0.00043785242541941434,21.557377049180328,10.0,27.410375318250242,/tmp/nxf.XXXXzizwg1/sourmash_database/gtdb-rs214-reps.k51.zip,"GCA_900760095.1 uncultured Oxalobacter sp., SRS013098_77",c44885a6f7eeeec3b7e9264a1c9a1881,0.0592478104070067,61000,213,9112000,ERR1018280_2.fastq.gz,ERR1018280,efa08b97,655753000,51,DNA,1000,655753,True,0.8555682465346243,0.9460950082421422,0.9008316273883832,0.9460950082421422,False,1315,1574672,3003295,d__Bacteria;p__Pseudomonadota;c__Gammaproteobacteria;o__Burkholderiales;f__Burkholderiaceae;g__Oxalobacter;s__Oxalobacter sp900760095
370000,0.0005642368391757263,0.02843601895734597,9.149786581227993e-05,0.00018446406363677227,9.233333333333333,8.0,5.936796741977576,/tmp/nxf.XXXXzizwg1/sourmash_database/gtdb-rs214-reps.k51.zip,"GCA_022739095.1 Bifidobacterium sp., ASM2273909v1",127b5b96bc0e58257ded8fe716797033,0.17535545023696683,60000,214,9052000,ERR1018280_2.fastq.gz,ERR1018280,efa08b97,655753000,51,DNA,1000,655753,True,0.8635811725470304,0.9664399798673866,0.9150105762072085,0.9664399798673866,False,554,1575226,3003295,d__Bacteria;p__Actinomycetota;c__Actinomycetia;o__Actinomycetales;f__Bifidobacteriaceae;g__Bifidobacterium;s__Bifidobacterium sp022739095
428000,0.0006526847761275968,0.015336625942292695,8.997290138207526e-05,0.00012919143807051922,6.576271186440678,4.0,5.672423300138084,/tmp/nxf.XXXXzizwg1/sourmash_database/gtdb-rs214-reps.k51.zip,"GCF_019597925.1 [Clostridium] scindens strain=Q4, ASM1959792v1",c731c8f2aba333e7c3d3c629f1d8fbdd,0.11125552378476736,59000,215,8993000,ERR1018280_2.fastq.gz,ERR1018280,efa08b97,655753000,51,DNA,1000,655753,True,0.8660504776285265,0.9578564393251294,0.911953458476828,0.9578564393251294,False,388,1575614,3003295,d__Bacteria;p__Bacillota_A;c__Clostridia;o__Lachnospirales;f__Lachnospiraceae;g__Clostridium_AP;s__Clostridium_AP sp000509125
109000,0.00016622112289230853,0.012948659700136301,8.692297252166593e-05,2.2641798424730172e-05,1.1929824561403508,1.0,0.39463936418252604,/tmp/nxf.XXXXzizwg1/sourmash_database/gtdb-rs214-reps.k51.zip,"GCA_021772025.1 Enterocloster bolteae, ASM2177202v1",d1f43b2b55c86edeef9f83a309127eff,0.024761472058155383,57000,216,8936000,ERR1018280_2.fastq.gz,ERR1018280,efa08b97,655753000,51,DNA,1000,655753,True,0.8431324569383359,0.9300481233605122,0.886590290149424,0.9300481233605122,False,68,1575682,3003295,d__Bacteria;p__Bacillota_A;c__Clostridia;o__Lachnospirales;f__Lachnospiraceae;g__UMGS1370;s__UMGS1370 sp021772025
496000,0.000756382357381514,0.013067400275103164,8.692297252166593e-05,0.00012919143807051922,6.807017543859649,3.0,7.1902433809214825,/tmp/nxf.XXXXzizwg1/sourmash_database/gtdb-rs214-reps.k51.zip,"GCF_003477525.1 Ruminococcus sp. AF41-9 strain=AF41-9, ASM347752v1",56651f1a74d2fe01cb7edb358cd92d0c,0.11370930765703806,57000,217,8879000,ERR1018280_2.fastq.gz,ERR1018280,efa08b97,655753000,51,DNA,1000,655753,True,0.8685580520107626,0.9582662582726145,0.9134121551416885,0.9582662582726145,False,388,1576070,3003295,d__Bacteria;p__Bacillota_A;c__Clostridia;o__Lachnospirales;f__Lachnospiraceae;g__Blautia_A;s__Blautia_A sp003477525
562000,0.000857030009775022,0.010001754693805931,8.692297252166593e-05,0.0002736993868401206,14.421052631578947,13.0,8.80778636470894,/tmp/nxf.XXXXzizwg1/sourmash_database/gtdb-rs214-reps.k51.zip,"GCF_009193295.2 Bacteroides sp. HF-5141 strain=HF-5141, ASM919329v2",3721df92a180486794aae56f491ab3c6,0.09861379189331462,57000,218,8822000,ERR1018280_2.fastq.gz,ERR1018280,efa08b97,655753000,51,DNA,1000,655753,True,0.8706882170807853,0.9555937209812618,0.9131409690310235,0.9555937209812618,False,822,1576892,3003295,d__Bacteria;p__Bacteroidota;c__Bacteroidia;o__Bacteroidales;f__Bacteroidaceae;g__Bacteroides;s__Bacteroides luhongzhouii
301000,0.00045901429349160433,0.017272727272727273,8.692297252166593e-05,0.00017181129392883484,9.052631578947368,4.0,15.784092650326484,/tmp/nxf.XXXXzizwg1/sourmash_database/gtdb-rs214-reps.k51.zip,"GCF_014290175.1 Anaerosacchariphilus sp. NSJ-68 strain=NSJ-68, ASM1429017v1",9616d54b724066774553425e62837677,0.09121212121212122,57000,219,8765000,ERR1018280_2.fastq.gz,ERR1018280,efa08b97,655753000,51,DNA,1000,655753,True,0.8600933937958669,0.9541329052265188,0.9071131495111928,0.9541329052265188,False,516,1577408,3003295,d__Bacteria;p__Bacillota_A;c__Clostridia;o__Lachnospirales;f__Lachnospiraceae;g__Merdisoma;s__Merdisoma sp014290175
226000,0.0003446419612262544,0.022348638764729784,8.38730436612566e-05,9.822544904846177e-05,5.363636363636363,4.0,5.441803298585485,/tmp/nxf.XXXXzizwg1/sourmash_database/gtdb-rs214-reps.k51.zip,"GCF_003024675.1 Faecalibacillus faecis strain=SNUG30370, ASM302467v1",e8bfb79f31a647fa9d06736d1d114bc0,0.09183258837870784,55000,220,8710000,ERR1018280_2.fastq.gz,ERR1018280,efa08b97,655753000,51,DNA,1000,655753,True,0.8552739764814044,0.9542597465736249,0.9047668615275146,0.9542597465736249,False,295,1577703,3003295,d__Bacteria;p__Bacillota;c__Bacilli;o__Erysipelotrichales;f__Coprobacillaceae;g__Faecalibacillus;s__Faecalibacillus faecis
378000,0.0005764365546173636,0.017798286090969017,8.234807923105194e-05,8.856938795556214e-05,4.925925925925926,4.0,3.579012132749047,/tmp/nxf.XXXXzizwg1/sourmash_database/gtdb-rs214-reps.k51.zip,"GCA_003483745.1 Roseburia sp., ASM348374v1",ac0572b98ab2f6008e97e509ae697de0,0.12458800263678313,54000,221,8656000,ERR1018280_2.fastq.gz,ERR1018280,efa08b97,655753000,51,DNA,1000,655753,True,0.8639434647742126,0.9599845414184707,0.9119640030963416,0.9599845414184707,False,266,1577969,3003295,d__Bacteria;p__Bacillota_A;c__Clostridia;o__Lachnospirales;f__Lachnospiraceae;g__Roseburia;s__Roseburia sp003483745
235000,0.00035836664109809637,0.013605442176870748,8.234807923105194e-05,0.00012486285895990903,6.944444444444445,2.0,11.017522519565631,/tmp/nxf.XXXXzizwg1/sourmash_database/gtdb-rs214-reps.k51.zip,"GCA_020687485.1 Lachnospiraceae bacterium CLA-AA-H215 strain=CLA-AA-H215, ASM2068748v1",20ab9c7d65066744af9084616969416a,0.059208868732678256,54000,222,8602000,ERR1018280_2.fastq.gz,ERR1018280,efa08b97,655753000,51,DNA,1000,655753,True,0.855929107444275,0.9460828114154183,0.9010059594298466,0.9460828114154183,False,375,1578344,3003295,d__Bacteria;p__Bacillota_A;c__Clostridia;o__Lachnospirales;f__Lachnospiraceae;g__JAJEQR01;s__JAJEQR01 sp020687485
184000,0.00028059345515765846,0.03417721518987342,8.234807923105194e-05,2.9301150902591986e-05,1.6296296296296295,1.0,0.9087291960285406,/tmp/nxf.XXXXzizwg1/sourmash_database/gtdb-rs214-reps.k51.zip,"GCA_900551745.1 uncultured Phascolarctobacterium sp., UMGS1431",5f46619b944482d3721dce26db7f0d2e,0.11645569620253164,54000,223,8548000,ERR1018280_2.fastq.gz,ERR1018280,efa08b97,655753000,51,DNA,1000,655753,True,0.8518330017282713,0.9587147876939789,0.9052738947111251,0.9587147876939789,False,88,1578432,3003295,d__Bacteria;p__Bacillota_C;c__Negativicutes;o__Acidaminococcales;f__Acidaminococcaceae;g__Phascolarctobacterium;s__Phascolarctobacterium sp900551745
69000,0.00010522254568412192,0.017966101694915255,8.082311480084728e-05,0.0002160959879066159,12.245283018867925,12.0,7.296692609196846,/tmp/nxf.XXXXzizwg1/sourmash_database/gtdb-rs214-reps.k51.zip,"GCA_000980705.1 Ruminococcus sp. UNK.MGS-30, ASM98070v1",8082cd99f19bc392f8eadbd9bd579abd,0.023389830508474575,53000,224,8495000,ERR1018280_2.fastq.gz,ERR1018280,efa08b97,655753000,51,DNA,1000,655753,True,0.835607123049318,0.929009464988873,0.8823082940190955,0.929009464988873,False,649,1579081,3003295,d__Bacteria;p__Bacillota_A;c__Clostridia;o__Oscillospirales;f__Ruminococcaceae;g__Ruminococcus_C;s__Ruminococcus_C sp000980705
71000,0.00010827247454453124,0.019909842223891812,8.082311480084728e-05,0.00018479703126066536,10.471698113207546,10.0,5.451687547577496,/tmp/nxf.XXXXzizwg1/sourmash_database/gtdb-rs214-reps.k51.zip,"GCA_022009975.1 Phocaeicola vulgatus, ASM2200997v1",dba93bdfe7eb472a4f122248b63f06b4,0.02667167543200601,53000,225,8442000,ERR1018280_2.fastq.gz,ERR1018280,efa08b97,655753000,51,DNA,1000,655753,True,0.8360754133088291,0.9314043054194746,0.8837398593641519,0.9314043054194746,False,555,1579636,3003295,d__Bacteria;p__Bacteroidota;c__Bacteroidia;o__Bacteroidales;f__Tannerellaceae;g__Parabacteroides;s__Parabacteroides sp900549585
145000,0.0002211198423796765,0.02886710239651416,8.082311480084728e-05,3.629347100434689e-05,2.056603773584906,1.0,1.5099055866975515,/tmp/nxf.XXXXzizwg1/sourmash_database/gtdb-rs214-reps.k51.zip,"GCA_905200315.1 uncultured Clostridium sp., ERR1600626-mag-bin.52",eb4823f058aad498f72c02b000d9e084,0.0789760348583878,53000,226,8389000,ERR1018280_2.fastq.gz,ERR1018280,efa08b97,655753000,51,DNA,1000,655753,True,0.8478636836923519,0.951441874002109,0.8996527788472304,0.951441874002109,False,109,1579745,3003295,d__Bacteria;p__Bacillota_A;c__Clostridia;o__TANB77;f__CAG-508;g__Merdicola;s__Merdicola sp905200315
253000,0.00038581600084178035,0.01859799713876967,7.92981503706426e-05,0.0007864695276354804,45.42307692307692,49.5,32.93778876904281,/tmp/nxf.XXXXzizwg1/sourmash_database/gtdb-rs214-reps.k51.zip,"GCF_002549775.1 Faecalibacterium prausnitzii strain=CNCM I 4541, ASM254977v1",eb40598c1722e97290f7f6c71aed872e,0.09048640915593706,52000,227,8337000,ERR1018280_2.fastq.gz,ERR1018280,efa08b97,655753000,51,DNA,1000,655753,True,0.8571686505945527,0.9539834710568892,0.905576060825721,0.9539834710568892,False,2362,1582107,3003295,d__Bacteria;p__Bacillota_A;c__Clostridia;o__Oscillospirales;f__Ruminococcaceae;g__Faecalibacterium;s__Faecalibacterium prausnitzii_F
54000,8.234807923105194e-05,0.020942408376963352,7.92981503706426e-05,1.7980251690226902e-05,1.0384615384615385,1.0,0.27467032417472503,/tmp/nxf.XXXXzizwg1/sourmash_database/gtdb-rs214-reps.k51.zip,"GCF_010669225.1 Megamonas funiformis strain=JCM 14723, ASM1066922v1",7a7700ea5b75889aca0f5d12daf4fbbf,0.02174788562223117,52000,228,8285000,ERR1018280_2.fastq.gz,ERR1018280,efa08b97,655753000,51,DNA,1000,655753,True,0.8316005616863695,0.9276845721412142,0.879642566913792,0.9276845721412142,False,54,1582161,3003295,d__Bacteria;p__Bacillota_C;c__Negativicutes;o__Selenomonadales;f__Selenomonadaceae;g__Megamonas;s__Megamonas funiformis
281000,0.000428515004887511,0.009976525821596244,7.777318594043794e-05,0.0001185364741059403,6.980392156862745,2.0,14.873967515432275,/tmp/nxf.XXXXzizwg1/sourmash_database/gtdb-rs214-reps.k51.zip,"GCA_900762515.1 uncultured Odoribacter sp., SRS144506_36",81ef5d08316e74d552edff3f0ef7eae3,0.05496870109546166,51000,229,8234000,ERR1018280_2.fastq.gz,ERR1018280,efa08b97,655753000,51,DNA,1000,655753,True,0.8589346410686994,0.9447053652783948,0.901820003173547,0.9447053652783948,False,356,1582517,3003295,d__Bacteria;p__Bacteroidota;c__Bacteroidia;o__Bacteroidales;f__Marinifilaceae;g__Odoribacter;s__Odoribacter sp900762515
95000,0.0001448716208694432,0.01352067868504772,7.777318594043794e-05,0.00024373230068974242,14.352941176470589,11.0,16.467226547691947,/tmp/nxf.XXXXzizwg1/sourmash_database/gtdb-rs214-reps.k51.zip,"GCF_000157915.1 Bacteroides coprophilus DSM 18228 = JCM 13818 strain=DSM 18228, ASM15791v1",9b181232d5fc6945c5d34663490fc78b,0.02518557794273595,51000,230,8183000,ERR1018280_2.fastq.gz,ERR1018280,efa08b97,655753000,51,DNA,1000,655753,True,0.840862845543463,0.9303578741658376,0.8856103598546503,0.9303578741658376,False,732,1583249,3003295,d__Bacteria;p__Bacteroidota;c__Bacteroidia;o__Bacteroidales;f__Bacteroidaceae;g__Phocaeicola;s__Phocaeicola coprophilus
86000,0.00013114694099760122,0.010123506782749545,7.624822151023327e-05,7.59166182476247e-05,4.56,4.5,2.699333251008478,/tmp/nxf.XXXXzizwg1/sourmash_database/gtdb-rs214-reps.k51.zip,"GCA_023398375.1 Firmicutes bacterium, ASM2339837v1",cd7f3595166655530ece5f627c7f9156,0.017412431666329217,50000,231,8133000,ERR1018280_2.fastq.gz,ERR1018280,efa08b97,655753000,51,DNA,1000,655753,True,0.8392234508752423,0.9236491768935614,0.8814363138844019,0.9236491768935614,False,228,1583477,3003295,d__Bacteria;p__Bacillota_A;c__Clostridia;o__Lachnospirales;f__Lachnospiraceae;g__SZUA-378;s__SZUA-378 sp023398375
316000,0.0004818887599446743,0.013312034078807242,7.624822151023327e-05,0.0001045518339024305,6.28,4.0,6.046618889925178,/tmp/nxf.XXXXzizwg1/sourmash_database/gtdb-rs214-reps.k51.zip,"GCA_900066355.1 uncultured Ruminococcus sp., 13414_6#66",45f1a5c0fe40b26dd1259bddded57c5d,0.08413205537806177,50000,232,8083000,ERR1018280_2.fastq.gz,ERR1018280,efa08b97,655753000,51,DNA,1000,655753,True,0.86091394217205,0.9526224535069113,0.9067681978394806,0.9526224535069113,False,314,1583791,3003295,d__Bacteria;p__Bacillota_A;c__Clostridia;o__Lachnospirales;f__Lachnospiraceae;g__Blautia_A;s__Blautia_A sp900066355
208000,0.0003171926014825704,0.02676659528907923,7.624822151023327e-05,1.9978057433585446e-05,1.2,1.0,0.4472135954999579,/tmp/nxf.XXXXzizwg1/sourmash_database/gtdb-rs214-reps.k51.zip,"GCA_900756875.1 Pasteurellaceae bacterium, ERS537260_13",f1a2854ccbe69bd008c5b4624bb4df47,0.11134903640256959,50000,233,8033000,ERR1018280_2.fastq.gz,ERR1018280,efa08b97,655753000,51,DNA,1000,655753,True,0.8538832436086337,0.9578722190709578,0.9058777313397957,0.9578722190709578,False,60,1583851,3003295,d__Bacteria;p__Pseudomonadota;c__Gammaproteobacteria;o__Enterobacterales_A;f__Pasteurellaceae;g__Haemophilus_D;s__Haemophilus_D sp900756875
220000,0.0003354921746450264,0.014701558365186709,7.624822151023327e-05,5.960120467686325e-05,3.58,3.0,3.3531477748527574,/tmp/nxf.XXXXzizwg1/sourmash_database/gtdb-rs214-reps.k51.zip,"GCF_000469345.1 Eubacterium ramulus ATCC 29099 strain=ATCC 29099, ASM46934v1",8221e40b6dea7608c75d90b7e6d6d600,0.06468685680682153,50000,234,7983000,ERR1018280_2.fastq.gz,ERR1018280,efa08b97,655753000,51,DNA,1000,655753,True,0.8548228554135088,0.9477257214687318,0.9012742884411202,0.9477257214687318,False,179,1584030,3003295,d__Bacteria;p__Bacillota_A;c__Clostridia;o__Lachnospirales;f__Lachnospiraceae;g__Eubacterium_I;s__Eubacterium_I ramulus
255000,0.0003888659297021897,0.015600624024960999,7.624822151023327e-05,0.00013185517906166394,7.92,7.0,5.1062314871145436,/tmp/nxf.XXXXzizwg1/sourmash_database/gtdb-rs214-reps.k51.zip,"GCF_000765215.1 Eubacterium sp. ER2 strain=ER2, ASM76521v1",d3c40cfb316ec31f5aa4bd5f2d7a7c26,0.07956318252730109,50000,235,7933000,ERR1018280_2.fastq.gz,ERR1018280,efa08b97,655753000,51,DNA,1000,655753,True,0.8573010018765704,0.9515800670626694,0.9044405344696199,0.9515800670626694,False,396,1584426,3003295,d__Bacteria;p__Bacillota_A;c__Clostridia;o__Lachnospirales;f__Lachnospiraceae;g__Lachnoclostridium_B;s__Lachnoclostridium_B sp000765215
