intersect_bp,f_orig_query,f_match,f_unique_to_query,f_unique_weighted,average_abund,median_abund,std_abund,filename,name,md5,f_match_orig,unique_intersect_bp,gather_result_rank,remaining_bp,query_filename,query_name,query_md5,query_bp,ksize,moltype,scaled,query_n_hashes,query_abundance,query_containment_ani,match_containment_ani,average_containment_ani,max_containment_ani,potential_false_negative,n_unique_weighted_found,sum_weighted_found,total_weighted_hashes,lineage
487000,0.04651384909264565,0.09586614173228346,0.04651384909264565,0.07110189645710105,2.3942505133470227,1.0,3.8451291627337416,/tmp/nxf.XXXXekL6KG/sourmash_database/gtdb-rs214-reps.k51.zip,"GCF_000012825.1 Bacteroides vulgatus ATCC 8482 strain=ATCC 8482, ASM1282v1",63b92dc09e7b5ffbd878d8e5fce5cfec,0.09586614173228346,487000,0,4722000,ERR480583.fastq.gz,ERR480583,276082e7,10470000,51,DNA,1000,10470,True,0.9416167217469998,0.9550643887589318,0.9483405552529658,0.9550643887589318,False,1166,1166,16399,d__Bacteria;p__Bacteroidota;c__Bacteroidia;o__Bacteroidales;f__Bacteroidaceae;g__Phocaeicola;s__Phocaeicola vulgatus
485000,0.04632282712511939,0.172168974085907,0.04632282712511939,0.04628330995792426,1.5649484536082474,1.0,1.1426178332263537,/tmp/nxf.XXXXekL6KG/sourmash_database/gtdb-rs214-reps.k51.zip,"GCF_000156375.1 Desulfovibrio piger ATCC 29098 strain=ATCC 29098, ASM15637v1",54d288abee4ff73ed1f9c378e6652849,0.172168974085907,485000,1,4237000,ERR480583.fastq.gz,ERR480583,276082e7,10470000,51,DNA,1000,10470,True,0.9415407449809491,0.9660925284095129,0.953816636695231,0.9660925284095129,False,759,1925,16399,d__Bacteria;p__Desulfobacterota;c__Desulfovibrionia;o__Desulfovibrionales;f__Desulfovibrionaceae;g__Desulfovibrio;s__Desulfovibrio piger
418000,0.039923591212989495,0.1123052122514777,0.039923591212989495,0.035185072260503686,1.3803827751196172,1.0,0.7894628098424625,/tmp/nxf.XXXXekL6KG/sourmash_database/gtdb-rs214-reps.k51.zip,"GCF_000239295.1 Flavonifractor plautii ATCC 29863 strain=ATCC 29863, ASM23929v1",1ed22d796c79d0337723a67a4b313636,0.1123052122514777,418000,2,3819000,ERR480583.fastq.gz,ERR480583,276082e7,10470000,51,DNA,1000,10470,True,0.9388001048129554,0.9580328270315919,0.9484164659222736,0.9580328270315919,False,577,2502,16399,d__Bacteria;p__Bacillota_A;c__Clostridia;o__Oscillospirales;f__Oscillospiraceae;g__Flavonifractor;s__Flavonifractor plautii
314000,0.02999044890162369,0.06544010035542547,0.029894937917860555,0.02609915238734069,1.3674121405750799,1.0,0.7641061177700574,/tmp/nxf.XXXXekL6KG/sourmash_database/gtdb-rs214-reps.k51.zip,"GCF_000701705.1 Bilophila wadsworthia ATCC 49260 strain=ATCC 49260, ASM70170v1",b1bd0a4998658b6084d0785f2a2c686c,0.06564917415847794,313000,3,3506000,ERR480583.fastq.gz,ERR480583,276082e7,10470000,51,DNA,1000,10470,True,0.9335485761754121,0.948000173898735,0.9407743750370736,0.948000173898735,False,428,2930,16399,d__Bacteria;p__Desulfobacterota;c__Desulfovibrionia;o__Desulfovibrionales;f__Desulfovibrionaceae;g__Bilophila;s__Bilophila wadsworthia
288000,0.027507163323782235,0.08151712425700537,0.027507163323782235,0.024330751875114336,1.3854166666666667,1.0,0.777770027243129,/tmp/nxf.XXXXekL6KG/sourmash_database/gtdb-rs214-reps.k51.zip,"GCA_003573975.1 Clostridiales bacterium CCNA10 strain=CCNA10, ASM357397v1",00fa92bb3e4b24b2703f629c0d80feb8,0.08151712425700537,288000,4,3218000,ERR480583.fastq.gz,ERR480583,276082e7,10470000,51,DNA,1000,10470,True,0.9319677799535842,0.9520328592485204,0.9420003196010522,0.9520328592485204,False,399,3329,16399,d__Bacteria;p__Bacillota_A;c__Clostridia;o__Oscillospirales;f__Oscillospiraceae;g__Lawsonibacter;s__Lawsonibacter sp900066825
268000,0.02559694364851958,0.05761676123963335,0.02521489971346705,0.03725836941276907,2.3143939393939394,1.0,6.105420251782211,/tmp/nxf.XXXXekL6KG/sourmash_database/gtdb-rs214-reps.k51.zip,"GCA_025147485.1 Bacteroides uniformis strain=ATCC 8492, ASM2514748v1",177d80c9d0f18e5195e47e20bdf54706,0.058489742470536885,264000,5,2954000,ERR480583.fastq.gz,ERR480583,276082e7,10470000,51,DNA,1000,10470,True,0.9306534726224622,0.9458561507507068,0.9382548116865845,0.9458561507507068,False,611,3940,16399,d__Bacteria;p__Bacteroidota;c__Bacteroidia;o__Bacteroidales;f__Bacteroidaceae;g__Bacteroides;s__Bacteroides uniformis
362000,0.03457497612225406,0.04010207801676996,0.021012416427889206,0.03274589914019148,2.440909090909091,1.0,3.175353822934768,/tmp/nxf.XXXXekL6KG/sourmash_database/gtdb-rs214-reps.k51.zip,"GCF_013009555.1 Bacteroides dorei strain=DSM 17855, ASM1300955v1",92c62d3d608447418f79f40c554d2f69,0.06598614655486694,220000,6,2734000,ERR480583.fastq.gz,ERR480583,276082e7,10470000,51,DNA,1000,10470,True,0.9361561017647081,0.9480953467049719,0.94212572423484,0.9480953467049719,False,537,4477,16399,d__Bacteria;p__Bacteroidota;c__Bacteroidia;o__Bacteroidales;f__Bacteroidaceae;g__Phocaeicola;s__Phocaeicola dorei
222000,0.021203438395415473,0.07455099966113182,0.021012416427889206,0.02018415757058357,1.5045454545454546,1.0,0.9268604252711863,/tmp/nxf.XXXXekL6KG/sourmash_database/gtdb-rs214-reps.k51.zip,"GCF_019967995.1 Faecalibacterium prausnitzii strain=Fp77, ASM1996799v1",264221f02d0ea5438188a28327519ed3,0.07522873602168756,220000,7,2514000,ERR480583.fastq.gz,ERR480583,276082e7,10470000,51,DNA,1000,10470,True,0.9272235150499982,0.9505354296469796,0.9388794723484889,0.9505354296469796,False,331,4808,16399,d__Bacteria;p__Bacillota_A;c__Clostridia;o__Oscillospirales;f__Ruminococcaceae;g__Faecalibacterium;s__Faecalibacterium prausnitzii_E
208000,0.019866284622731614,0.08582089552238806,0.01977077363896848,0.015854625282029394,1.2560386473429952,1.0,0.5955955558424132,/tmp/nxf.XXXXekL6KG/sourmash_database/gtdb-rs214-reps.k51.zip,"GCF_003425665.1 Evtepia gabavorous strain=KLE1738, ASM342566v1",825783787e9721103d4e3c056974af66,0.08623548922056384,207000,8,2307000,ERR480583.fastq.gz,ERR480583,276082e7,10470000,51,DNA,1000,10470,True,0.9260399829462039,0.9530838240272774,0.9395619034867406,0.9530838240272774,False,260,5068,16399,d__Bacteria;p__Bacillota_A;c__Clostridia;o__Oscillospirales;f__Oscillospiraceae;g__Evtepia;s__Evtepia gabavorous
192000,0.01833810888252149,0.06268364348677767,0.01833810888252149,0.0148179767058967,1.265625,1.0,0.7050898472594349,/tmp/nxf.XXXXekL6KG/sourmash_database/gtdb-rs214-reps.k51.zip,"GCF_006542685.1 Alistipes dispar strain=5CPEGH6, Adis_1.0",e5d6acf97598006b3a0050a856d0ec6e,0.06268364348677767,192000,9,2115000,ERR480583.fastq.gz,ERR480583,276082e7,10470000,51,DNA,1000,10470,True,0.9245877356610394,0.9471413315556365,0.935864533608338,0.9471413315556365,False,243,5311,16399,d__Bacteria;p__Bacteroidota;c__Bacteroidia;o__Bacteroidales;f__Rikenellaceae;g__Alistipes;s__Alistipes dispar
199000,0.01900668576886342,0.03876759844929606,0.018147086914995225,0.03463625830843344,2.9894736842105263,1.0,7.272145469047748,/tmp/nxf.XXXXekL6KG/sourmash_database/gtdb-rs214-reps.k51.zip,"GCF_000156195.1 Bacteroides finegoldii DSM 17565 strain=DSM 17565, ASM15619v1",9d0fea771ba61065a50bf9434f874c00,0.040603958375841666,190000,10,1925000,ERR480583.fastq.gz,ERR480583,276082e7,10470000,51,DNA,1000,10470,True,0.9252371593311665,0.9391112149016365,0.9321741871164015,0.9391112149016365,False,568,5879,16399,d__Bacteria;p__Bacteroidota;c__Bacteroidia;o__Bacteroidales;f__Bacteroidaceae;g__Bacteroides;s__Bacteroides finegoldii
174000,0.0166189111747851,0.04591143710948112,0.016141356255969436,0.012134886273553266,1.1775147928994083,1.0,0.4783759273705973,/tmp/nxf.XXXXekL6KG/sourmash_database/gtdb-rs214-reps.k51.zip,"GCF_004345265.1 Fournierella massiliensis strain=DSM 100451, ASM434526v1",cd61f4dda48a25ba751a64cf6a9c5c2f,0.04726976365118175,169000,11,1756000,ERR480583.fastq.gz,ERR480583,276082e7,10470000,51,DNA,1000,10470,True,0.9228048199627191,0.9419144073139111,0.9323596136383151,0.9419144073139111,False,199,6078,16399,d__Bacteria;p__Bacillota_A;c__Clostridia;o__Oscillospirales;f__Ruminococcaceae;g__Fournierella;s__Fournierella massiliensis
170000,0.01623686723973257,0.04613259668508287,0.015950334288443172,0.015549728641990366,1.526946107784431,1.0,3.8079877774571824,/tmp/nxf.XXXXekL6KG/sourmash_database/gtdb-rs214-reps.k51.zip,"GCF_000265365.1 Alistipes finegoldii DSM 17242 strain=DSM 17242, ASM26536v1",32e9ec95ec567198d44d9d52c769243b,0.04696132596685083,167000,12,1589000,ERR480583.fastq.gz,ERR480583,276082e7,10470000,51,DNA,1000,10470,True,0.9223841012993351,0.9417935095806528,0.932088805439994,0.9417935095806528,False,255,6333,16399,d__Bacteria;p__Bacteroidota;c__Bacteroidia;o__Bacteroidales;f__Rikenellaceae;g__Alistipes;s__Alistipes finegoldii
129000,0.012320916905444125,0.01951219512195122,0.012225405921680994,0.009756692481248856,1.25,1.0,1.118033988749895,/tmp/nxf.XXXXekL6KG/sourmash_database/gtdb-rs214-reps.k51.zip,"GCF_002234575.2 Enterocloster bolteae strain=ATCC BAA-613, ASM223457v2",b5edd45c572fe04753d4848d8e14e842,0.019664634146341464,128000,13,1461000,ERR480583.fastq.gz,ERR480583,276082e7,10470000,51,DNA,1000,10470,True,0.9174061095134487,0.9258547525606823,0.9216304310370655,0.9258547525606823,False,160,6493,16399,d__Bacteria;p__Bacillota_A;c__Clostridia;o__Lachnospirales;f__Lachnospiraceae;g__Enterocloster;s__Enterocloster bolteae
116000,0.0110792741165234,0.020080321285140562,0.01002865329512894,0.02939203609976218,4.59047619047619,1.0,10.329518716576287,/tmp/nxf.XXXXekL6KG/sourmash_database/gtdb-rs214-reps.k51.zip,"GCF_000025985.1 Bacteroides fragilis NCTC 9343, ASM2598v1",5ed7bd7e8a301425ed2ad891c3e399f5,0.022183973991202907,105000,14,1356000,ERR480583.fastq.gz,ERR480583,276082e7,10470000,51,DNA,1000,10470,True,0.9154973350998434,0.928045777238473,0.9217715561691582,0.928045777238473,False,482,6975,16399,d__Bacteria;p__Bacteroidota;c__Bacteroidia;o__Bacteroidales;f__Bacteroidaceae;g__Bacteroides;s__Bacteroides fragilis
151000,0.014422158548233047,0.026295436968290797,0.009742120343839542,0.008049271297030307,1.2941176470588236,1.0,0.7220373584126263,/tmp/nxf.XXXXekL6KG/sourmash_database/gtdb-rs214-reps.k51.zip,"GCA_025145285.1 Alistipes onderdonkii strain=DSM 19147, ASM2514528v1",2de6e539bf1bbcefae850f4a041e233c,0.03892755864913638,102000,15,1254000,ERR480583.fastq.gz,ERR480583,276082e7,10470000,51,DNA,1000,10470,True,0.9202430670398754,0.9383351465313068,0.9292891067855911,0.9383351465313068,False,132,7107,16399,d__Bacteria;p__Bacteroidota;c__Bacteroidia;o__Bacteroidales;f__Rikenellaceae;g__Alistipes;s__Alistipes onderdonkii
103000,0.009837631327602674,0.026051070415269537,0.009646609360076408,0.007683395328983475,1.2475247524752475,1.0,0.6037168799772731,/tmp/nxf.XXXXekL6KG/sourmash_database/gtdb-rs214-reps.k51.zip,"GCA_003112755.1 Lawsonibacter asaccharolyticus strain=3BBH22, ASM311275v1",361208864dd572270a6b0d29d09d6bd1,0.026566933195769925,101000,16,1153000,ERR480583.fastq.gz,ERR480583,276082e7,10470000,51,DNA,1000,10470,True,0.9133661506349882,0.9313324471072512,0.9223492988711197,0.9313324471072512,False,126,7233,16399,d__Bacteria;p__Bacillota_A;c__Clostridia;o__Oscillospirales;f__Oscillospiraceae;g__Lawsonibacter;s__Lawsonibacter asaccharolyticus
102000,0.009742120343839542,0.024281466798810703,0.009360076408787011,0.0070126227208976155,1.1734693877551021,1.0,0.4953973915893206,/tmp/nxf.XXXXekL6KG/sourmash_database/gtdb-rs214-reps.k51.zip,"GCF_000949455.1 Ruthenibacterium lactatiformans strain=585-1, ASM94945v1",1562c71162861a5c6e3bb1e6d2a266f2,0.02527254707631318,98000,17,1055000,ERR480583.fastq.gz,ERR480583,276082e7,10470000,51,DNA,1000,10470,True,0.913191442641131,0.9304207608939563,0.9218061017675436,0.9304207608939563,False,115,7348,16399,d__Bacteria;p__Bacillota_A;c__Clostridia;o__Oscillospirales;f__Ruminococcaceae;g__Ruthenibacterium;s__Ruthenibacterium lactatiformans
96000,0.009169054441260744,0.042440318302387266,0.009169054441260744,0.007256540032928837,1.2395833333333333,1.0,0.535116647460055,/tmp/nxf.XXXXekL6KG/sourmash_database/gtdb-rs214-reps.k51.zip,"GCA_900543805.1 uncultured Sutterella sp., UMGS613",ad0e892bfa9ebe96c4aec946be8bc638,0.042440318302387266,96000,18,959000,ERR480583.fastq.gz,ERR480583,276082e7,10470000,51,DNA,1000,10470,True,0.9121065604047927,0.9399260769646935,0.9260163186847431,0.9399260769646935,False,119,7467,16399,d__Bacteria;p__Pseudomonadota;c__Gammaproteobacteria;o__Burkholderiales;f__Burkholderiaceae_A;g__Sutterella;s__Sutterella merdavium
100000,0.009551098376313277,0.014125956444967627,0.009169054441260744,0.01012256844929569,1.7291666666666667,1.0,2.9420768127671693,/tmp/nxf.XXXXekL6KG/sourmash_database/gtdb-rs214-reps.k51.zip,"GCF_000158035.1 Bacteroides cellulosilyticus DSM 14838 strain=DSM 14838, ASM15803v1",a202750eddf2c7f9735c9117362a41a6,0.014714537963507945,96000,19,863000,ERR480583.fastq.gz,ERR480583,276082e7,10470000,51,DNA,1000,10470,True,0.9128369312796928,0.9206052840921042,0.9167211076858985,0.9206052840921042,False,166,7633,16399,d__Bacteria;p__Bacteroidota;c__Bacteroidia;o__Bacteroidales;f__Bacteroidaceae;g__Bacteroides;s__Bacteroides cellulosilyticus
62000,0.0059216809933142316,0.029182879377431907,0.0057306590257879654,0.004085614976522958,1.1166666666666667,1.0,0.36930866343600566,/tmp/nxf.XXXXekL6KG/sourmash_database/gtdb-rs214-reps.k51.zip,"GCA_900546885.1 uncultured Ruminococcaceae bacterium, UMGS927",4fe8b013ceec3bf1b4ba70c5cde9ca98,0.030155642023346304,60000,20,803000,ERR480583.fastq.gz,ERR480583,276082e7,10470000,51,DNA,1000,10470,True,0.9043206565437928,0.9336491316626903,0.9189848941032415,0.9336491316626903,False,67,7700,16399,d__Bacteria;p__Bacillota_A;c__Clostridia;o__Oscillospirales;f__Ruminococcaceae;g__Ruthenibacterium;s__Ruthenibacterium merdipullorum
64000,0.006112702960840497,0.012068248023304202,0.0055396370582617,0.004268552960546375,1.206896551724138,1.0,0.58008978762968,/tmp/nxf.XXXXekL6KG/sourmash_database/gtdb-rs214-reps.k51.zip,"GCF_000012845.1 Parabacteroides distasonis ATCC 8503 strain=ATCC 8503, ASM1284v1",85c74583c59734abc0e8f1a3e909b79d,0.013316687473990845,58000,21,745000,ERR480583.fastq.gz,ERR480583,276082e7,10470000,51,DNA,1000,10470,True,0.9048837926652863,0.9188052224666584,0.9118445075659724,0.9188052224666584,False,70,7770,16399,d__Bacteria;p__Bacteroidota;c__Bacteroidia;o__Bacteroidales;f__Tannerellaceae;g__Parabacteroides;s__Parabacteroides distasonis
65000,0.0062082139446036294,0.017823639774859287,0.0054441260744985676,0.00432953228855418,1.2456140350877194,1.0,0.6564311204866564,/tmp/nxf.XXXXekL6KG/sourmash_database/gtdb-rs214-reps.k51.zip,"GCF_900291975.1 Intestinibacillus sp. Marseille-P4005 strain=Marseille-P4005, PRJEB24950",65713af468298b7a867be5e7720bad95,0.02032520325203252,57000,22,688000,ERR480583.fastq.gz,ERR480583,276082e7,10470000,51,DNA,1000,10470,True,0.9051589224660445,0.9264547528903618,0.9158068376782031,0.9264547528903618,False,71,7841,16399,d__Bacteria;p__Bacillota_A;c__Clostridia;o__Oscillospirales;f__Butyricicoccaceae;g__Agathobaculum;s__Agathobaculum sp900291975
95000,0.009073543457497613,0.011865984178687762,0.004871060171919771,0.005549118848710287,1.7843137254901962,1.0,3.1079513805607157,/tmp/nxf.XXXXekL6KG/sourmash_database/gtdb-rs214-reps.k51.zip,"GCA_025151215.1 Parabacteroides merdae ATCC 43184 strain=ATCC 43184, ASM2515121v1",04366d02afc93cbeed4bfc2d3a9aa9a9,0.022103303862261517,51000,23,637000,ERR480583.fastq.gz,ERR480583,276082e7,10470000,51,DNA,1000,10470,True,0.9119193062700028,0.9279794872487267,0.9199493967593648,0.9279794872487267,False,91,7932,16399,d__Bacteria;p__Bacteroidota;c__Bacteroidia;o__Bacteroidales;f__Tannerellaceae;g__Parabacteroides;s__Parabacteroides merdae
61000,0.005826170009551098,0.0077471335605825845,0.004775549188156638,0.003963656320507348,1.3,1.0,1.1704699910719627,/tmp/nxf.XXXXekL6KG/sourmash_database/gtdb-rs214-reps.k51.zip,"GCF_001314995.1 Bacteroides ovatus strain=ATCC 8483, ASM131499v1",c28ea957513bf36bf9dc694cd077b880,0.009451502943910752,50000,24,587000,ERR480583.fastq.gz,ERR480583,276082e7,10470000,51,DNA,1000,10470,True,0.9040323745638243,0.9126493287318905,0.9083408516478575,0.9126493287318905,False,65,7997,16399,d__Bacteria;p__Bacteroidota;c__Bacteroidia;o__Bacteroidales;f__Bacteroidaceae;g__Bacteroides;s__Bacteroides ovatus
68000,0.006494746895893027,0.018504811250925242,0.004775549188156638,0.003658759680468321,1.2,1.0,0.6633249580710799,/tmp/nxf.XXXXekL6KG/sourmash_database/gtdb-rs214-reps.k51.zip,"GCF_023347535.1 Faecalibacterium sp. HTFF strain=HTFF, ASM2334753v1",b856be3bf596906f871150b46d2f180f,0.025166543301258327,50000,25,537000,ERR480583.fastq.gz,ERR480583,276082e7,10470000,51,DNA,1000,10470,True,0.9059600839619714,0.93034408196449,0.9181520829632307,0.93034408196449,False,60,8057,16399,d__Bacteria;p__Bacillota_A;c__Clostridia;o__Oscillospirales;f__Ruminococcaceae;g__Faecalibacterium;s__Faecalibacterium sp900539885
