intersect_bp,f_orig_query,f_match,f_unique_to_query,f_unique_weighted,average_abund,median_abund,std_abund,filename,name,md5,f_match_orig,unique_intersect_bp,gather_result_rank,remaining_bp,query_filename,query_name,query_md5,query_bp,ksize,moltype,scaled,query_n_hashes,query_abundance,query_containment_ani,match_containment_ani,average_containment_ani,max_containment_ani,potential_false_negative,n_unique_weighted_found,sum_weighted_found,total_weighted_hashes,lineage
663000,0.07647058823529412,0.16973886328725038,0.07647058823529412,0.12704531825580398,2.2368024132730016,1.0,2.7029457203751477,/tmp/nxf.XXXX4cac9P/sourmash_database/gtdb-rs214-reps.k51.zip,"GCF_002224675.1 Prevotella copri strain=Indica, ASM222467v1",100ed987d307a1e5f3e9b7b1c90b6227,0.16973886328725038,663000,0,3559000,ERR481071.fastq.gz,ERR481071,315275a2,8670000,51,DNA,1000,8670,True,0.9508406361720276,0.9658232866926124,0.95833196143232,0.9658232866926124,False,1483,1483,11673,d__Bacteria;p__Bacteroidota;c__Bacteroidia;o__Bacteroidales;f__Bacteroidaceae;g__Prevotella;s__Prevotella copri_A
397000,0.04579008073817763,0.08642514185945002,0.045674740484429065,0.040949199006253746,1.207070707070707,1.0,0.548229938718765,/tmp/nxf.XXXX4cac9P/sourmash_database/gtdb-rs214-reps.k51.zip,"GCA_025147485.1 Bacteroides uniformis strain=ATCC 8492, ASM2514748v1",177d80c9d0f18e5195e47e20bdf54706,0.0866433871671759,396000,1,3163000,ERR481071.fastq.gz,ERR481071,315275a2,8670000,51,DNA,1000,8670,True,0.9413272171193372,0.9531720144459115,0.9472496157826243,0.9531720144459115,False,478,1961,11673,d__Bacteria;p__Bacteroidota;c__Bacteroidia;o__Bacteroidales;f__Bacteroidaceae;g__Bacteroides;s__Bacteroides uniformis
230000,0.0265282583621684,0.07203257124960852,0.0265282583621684,0.024072646277734942,1.2217391304347827,1.0,0.4920732728569124,/tmp/nxf.XXXX4cac9P/sourmash_database/gtdb-rs214-reps.k51.zip,"GCF_900167555.1 Gemmiger formicilis strain=ATCC 27749, IMG-taxon 2590828806 annotated assembly",316f66857e7940a11e48de3faf3d397d,0.07203257124960852,230000,2,2933000,ERR481071.fastq.gz,ERR481071,315275a2,8670000,51,DNA,1000,8670,True,0.9313058440414155,0.9497266094137943,0.9405162267276048,0.9497266094137943,False,281,2242,11673,d__Bacteria;p__Bacillota_A;c__Clostridia;o__Oscillospirales;f__Ruminococcaceae;g__Gemmiger;s__Gemmiger formicilis
202000,0.023298731257208764,0.03976377952755906,0.023298731257208764,0.019960592821040006,1.1534653465346534,1.0,0.5461049035037321,/tmp/nxf.XXXX4cac9P/sourmash_database/gtdb-rs214-reps.k51.zip,"GCF_000012825.1 Bacteroides vulgatus ATCC 8482 strain=ATCC 8482, ASM1282v1",63b92dc09e7b5ffbd878d8e5fce5cfec,0.03976377952755906,202000,3,2731000,ERR481071.fastq.gz,ERR481071,315275a2,8670000,51,DNA,1000,8670,True,0.92893838158671,0.9387262743677014,0.9338323279772057,0.9387262743677014,False,233,2475,11673,d__Bacteria;p__Bacteroidota;c__Bacteroidia;o__Bacteroidales;f__Bacteroidaceae;g__Phocaeicola;s__Phocaeicola vulgatus
439000,0.05063437139561707,0.048259493670886076,0.02110726643598616,0.034181444358776666,2.180327868852459,2.0,1.9488670946504552,/tmp/nxf.XXXX4cac9P/sourmash_database/gtdb-rs214-reps.k51.zip,"GCA_021636625.1 Prevotella sp., ASM2163662v1",5b8d7f059236a55fa7ac2a7a79cdea2a,0.11577004219409283,183000,4,2548000,ERR481071.fastq.gz,ERR481071,315275a2,8670000,51,DNA,1000,8670,True,0.9431851819082258,0.958603788447074,0.9508944851776499,0.958603788447074,False,399,2874,11673,d__Bacteria;p__Bacteroidota;c__Bacteroidia;o__Bacteroidales;f__Bacteroidaceae;g__Prevotella;s__Prevotella sp021636625
170000,0.0196078431372549,0.041276272474044064,0.018800461361014993,0.016619549387475372,1.1901840490797546,1.0,0.6416251150101793,/tmp/nxf.XXXX4cac9P/sourmash_database/gtdb-rs214-reps.k51.zip,"GCA_025147325.1 Bacteroides stercoris ATCC 43183 strain=ATCC 43183, ASM2514732v1",457cfca025715f640ca0a2d4865521d7,0.04304887313243859,163000,5,2385000,ERR481071.fastq.gz,ERR481071,315275a2,8670000,51,DNA,1000,8670,True,0.9258022498221521,0.9401885048488319,0.932995377335492,0.9401885048488319,False,194,3068,11673,d__Bacteria;p__Bacteroidota;c__Bacteroidia;o__Bacteroidales;f__Bacteroidaceae;g__Bacteroides;s__Bacteroides stercoris
160000,0.01845444059976932,0.06796941376380629,0.01845444059976932,0.016105542705388505,1.175,1.0,0.44087980221371,/tmp/nxf.XXXX4cac9P/sourmash_database/gtdb-rs214-reps.k51.zip,"GCF_000196555.1 Bifidobacterium longum subsp. longum JCM 1217 strain=JCM 1217, ASM19655v1",4e5724ba16e37517faabf3d6eac4a812,0.06796941376380629,160000,6,2225000,ERR481071.fastq.gz,ERR481071,315275a2,8670000,51,DNA,1000,8670,True,0.9247023857977048,0.9486460150958858,0.9366742004467953,0.9486460150958858,False,188,3256,11673,d__Bacteria;p__Actinomycetota;c__Actinomycetia;o__Actinomycetales;f__Bifidobacteriaceae;g__Bifidobacterium;s__Bifidobacterium longum
160000,0.01845444059976932,0.054799301919720766,0.018108419838523643,0.016191210485736313,1.2038216560509554,1.0,0.5944419156851005,/tmp/nxf.XXXX4cac9P/sourmash_database/gtdb-rs214-reps.k51.zip,"GCF_003287455.1 Faecalibacterium prausnitzii strain=APC922/41-1, ASM328745v1",5119c8b56a74125fb9f68b12c2037b01,0.055846422338568937,157000,7,2068000,ERR481071.fastq.gz,ERR481071,315275a2,8670000,51,DNA,1000,8670,True,0.9247023857977048,0.9449988532523326,0.9348506195250187,0.9449988532523326,False,189,3445,11673,d__Bacteria;p__Bacillota_A;c__Clostridia;o__Oscillospirales;f__Ruminococcaceae;g__Faecalibacterium;s__Faecalibacterium hattorii
144000,0.01660899653979239,0.021691973969631236,0.016147635524798153,0.013449841514606356,1.1214285714285714,1.0,0.38670507667540466,/tmp/nxf.XXXX4cac9P/sourmash_database/gtdb-rs214-reps.k51.zip,"GCF_001314995.1 Bacteroides ovatus strain=ATCC 8483, ASM131499v1",c28ea957513bf36bf9dc694cd077b880,0.022311744654477845,140000,8,1928000,ERR481071.fastq.gz,ERR481071,315275a2,8670000,51,DNA,1000,8670,True,0.9227940220234515,0.9281502896308221,0.9254721558271368,0.9281502896308221,False,157,3602,11673,d__Bacteria;p__Bacteroidota;c__Bacteroidia;o__Bacteroidales;f__Bacteroidaceae;g__Bacteroides;s__Bacteroides ovatus
155000,0.01787773933102653,0.030866999546073536,0.01568627450980392,0.012678831491476056,1.088235294117647,1.0,0.3529411764705882,/tmp/nxf.XXXX4cac9P/sourmash_database/gtdb-rs214-reps.k51.zip,"GCF_000382445.1 Bacteroides massiliensis B84634 = Timone 84634 = DSM 17679 = JCM 13223 strain=DSM 17679, Bact_mass_DSM_17679_V1",61edb0d0d8fa658bb8f1cd38bd81ed44,0.035179300953245576,136000,9,1792000,ERR481071.fastq.gz,ERR481071,315275a2,8670000,51,DNA,1000,8670,True,0.924126915975729,0.9364742227617457,0.9303005693687374,0.9364742227617457,False,148,3750,11673,d__Bacteria;p__Bacteroidota;c__Bacteroidia;o__Bacteroidales;f__Bacteroidaceae;g__Phocaeicola;s__Phocaeicola massiliensis
139000,0.016032295271049598,0.04065311562812396,0.014071510957324106,0.01156515034695451,1.1065573770491803,1.0,0.3085496758150609,/tmp/nxf.XXXX4cac9P/sourmash_database/gtdb-rs214-reps.k51.zip,"GCF_003324185.1 Faecalibacterium prausnitzii strain=ATCC 27768, ASM332418v1",a294186b3cb8cdd319bb9d5fdcde1f5a,0.046317894035321557,122000,10,1670000,ERR481071.fastq.gz,ERR481071,315275a2,8670000,51,DNA,1000,8670,True,0.9221548130004616,0.9415387788357861,0.9318467959181238,0.9415387788357861,False,135,3885,11673,d__Bacteria;p__Bacillota_A;c__Clostridia;o__Oscillospirales;f__Ruminococcaceae;g__Faecalibacterium;s__Faecalibacterium prausnitzii
126000,0.01453287197231834,0.037061548643282594,0.012918108419838524,0.010879808104172021,1.1339285714285714,1.0,0.49090906406754553,/tmp/nxf.XXXX4cac9P/sourmash_database/gtdb-rs214-reps.k51.zip,"GCF_010509575.1 Faecalibacterium prausnitzii A2-165 strain=JCM 31915, ASM1050957v1",5136f6c0a3924e615495681fbaf7095d,0.04169424222369292,112000,11,1558000,ERR481071.fastq.gz,ERR481071,315275a2,8670000,51,DNA,1000,8670,True,0.920381065203401,0.9395992649048749,0.929990165054138,0.9395992649048749,False,127,4012,11673,d__Bacteria;p__Bacillota_A;c__Clostridia;o__Oscillospirales;f__Ruminococcaceae;g__Faecalibacterium;s__Faecalibacterium duncaniae
113000,0.013033448673587082,0.016260162601626018,0.011764705882352941,0.008909449156172363,1.0196078431372548,1.0,0.13864838846795047,/tmp/nxf.XXXX4cac9P/sourmash_database/gtdb-rs214-reps.k51.zip,"GCF_000011065.1 Bacteroides thetaiotaomicron VPI-5482 strain=VPI-5482, ASM1106v1",36e5cf9f0e4c0a0411f3300c5364f87f,0.018013709548860196,102000,12,1456000,ERR481071.fastq.gz,ERR481071,315275a2,8670000,51,DNA,1000,8670,True,0.9184179841263456,0.9242642185185712,0.9213411013224584,0.9242642185185712,False,104,4116,11673,d__Bacteria;p__Bacteroidota;c__Bacteroidia;o__Bacteroidales;f__Bacteroidaceae;g__Bacteroides;s__Bacteroides thetaiotaomicron
98000,0.011303344867358709,0.031114084978253596,0.010726643598615917,0.009509123618607042,1.1935483870967742,1.0,0.9973951505638908,/tmp/nxf.XXXX4cac9P/sourmash_database/gtdb-rs214-reps.k51.zip,"GCF_009680455.1 Lachnospira eligens strain=BIOML-A1, ASM968045v1",93a7d0e658bdfb8b86a54dc8bf8c1937,0.03278688524590164,93000,13,1363000,ERR481071.fastq.gz,ERR481071,315275a2,8670000,51,DNA,1000,8670,True,0.9158568285108868,0.9351818761174336,0.9255193523141603,0.9351818761174336,False,111,4227,11673,d__Bacteria;p__Bacillota_A;c__Clostridia;o__Lachnospirales;f__Lachnospiraceae;g__Lachnospira;s__Lachnospira eligens_A
92000,0.01061130334486736,0.03528960490985807,0.01061130334486736,0.008909449156172363,1.1304347826086956,1.0,0.39610580778888255,/tmp/nxf.XXXX4cac9P/sourmash_database/gtdb-rs214-reps.k51.zip,"GCA_022720335.1 Collinsella sp., ASM2272033v1",d46eb12f92fea7e7e7302db12a27329b,0.03528960490985807,92000,14,1271000,ERR481071.fastq.gz,ERR481071,315275a2,8670000,51,DNA,1000,8670,True,0.9147229657075654,0.9365317088680475,0.9256273372878064,0.9365317088680475,False,104,4331,11673,d__Bacteria;p__Actinomycetota;c__Coriobacteriia;o__Coriobacteriales;f__Coriobacteriaceae;g__Collinsella;s__Collinsella sp022720335
283000,0.03264129181084199,0.026244343891402715,0.010034602076124567,0.015505868242953825,2.0804597701149423,1.0,2.4692052367624533,/tmp/nxf.XXXX4cac9P/sourmash_database/gtdb-rs214-reps.k51.zip,"GCA_900551985.1 uncultured Prevotella sp., UMGS1464",6b917d26dbbfbb42acc7965012c1518d,0.08536953242835596,87000,15,1184000,ERR481071.fastq.gz,ERR481071,315275a2,8670000,51,DNA,1000,8670,True,0.9351002715172556,0.9528952343731266,0.9439977529451911,0.9528952343731266,False,181,4512,11673,d__Bacteria;p__Bacteroidota;c__Bacteroidia;o__Bacteroidales;f__Bacteroidaceae;g__Prevotella;s__Prevotella sp900551985
68000,0.00784313725490196,0.02209750964573834,0.00726643598615917,0.005911076843998972,1.0952380952380953,1.0,0.34338583575847514,/tmp/nxf.XXXX4cac9P/sourmash_database/gtdb-rs214-reps.k51.zip,"GCA_003096535.1 Agathobaculum butyriciproducens strain=DSM 100391, ASM309653v1",f95593bb2ec2b82c10cb0d4ba8cefe38,0.023851280252542968,63000,16,1121000,ERR481071.fastq.gz,ERR481071,315275a2,8670000,51,DNA,1000,8670,True,0.9093173687616155,0.9293654086519697,0.9193413887067926,0.9293654086519697,False,69,4581,11673,d__Bacteria;p__Bacillota_A;c__Clostridia;o__Oscillospirales;f__Butyricicoccaceae;g__Agathobaculum;s__Agathobaculum butyriciproducens
62000,0.007151095732410611,0.020995597697257028,0.007151095732410611,0.005568405722607727,1.0483870967741935,1.0,0.21458281767177534,/tmp/nxf.XXXX4cac9P/sourmash_database/gtdb-rs214-reps.k51.zip,"GCF_003315195.1 Sutterella wadsworthensis strain=DSM 14016, ASM331519v1",cb0d0c9ec62cc3c2574a90d6b7d9588b,0.020995597697257028,62000,17,1059000,ERR481071.fastq.gz,ERR481071,315275a2,8670000,51,DNA,1000,8670,True,0.9076718659932658,0.9270444404915159,0.9173581532423909,0.9270444404915159,False,65,4646,11673,d__Bacteria;p__Pseudomonadota;c__Gammaproteobacteria;o__Burkholderiales;f__Burkholderiaceae_A;g__Sutterella;s__Sutterella wadsworthensis
61000,0.007035755478662053,0.01917900403768506,0.00657439446366782,0.00505439904052086,1.0350877192982457,1.0,0.1840015523105529,/tmp/nxf.XXXX4cac9P/sourmash_database/gtdb-rs214-reps.k51.zip,"GCA_025150085.1 Dorea longicatena strain=DSM 13814, ASM2515008v1",77e56408450c979b22420d0739bfd623,0.020524899057873486,57000,18,1002000,ERR481071.fastq.gz,ERR481071,315275a2,8670000,51,DNA,1000,8670,True,0.9073825157049619,0.9266323782283113,0.9170074469666366,0.9266323782283113,False,59,4705,11673,d__Bacteria;p__Bacillota_A;c__Clostridia;o__Lachnospirales;f__Lachnospiraceae;g__Dorea_A;s__Dorea_A longicatena
247000,0.02848904267589389,0.02674800563115908,0.00657439446366782,0.01156515034695451,2.3684210526315788,1.0,4.66277373571075,/tmp/nxf.XXXX4cac9P/sourmash_database/gtdb-rs214-reps.k51.zip,"GCA_900765465.1 uncultured Prevotella sp., SRS294916_12",c5296408cbec1e99af50c3a8736d5722,0.11590802440168935,57000,19,945000,ERR481071.fastq.gz,ERR481071,315275a2,8670000,51,DNA,1000,8670,True,0.9326089217671056,0.9586261778366105,0.9456175498018581,0.9586261778366105,False,135,4840,11673,d__Bacteria;p__Bacteroidota;c__Bacteroidia;o__Bacteroidales;f__Bacteroidaceae;g__Prevotella;s__Prevotella sp900765465
74000,0.00853517877739331,0.01950354609929078,0.006343713956170703,0.004883063479825238,1.0363636363636364,1.0,0.18719327529067276,/tmp/nxf.XXXX4cac9P/sourmash_database/gtdb-rs214-reps.k51.zip,"GCF_023347275.1 Faecalibacterium sp. I3389 strain=I3389, ASM2334727v1",105d513d0b8d24a4f97fa1ab6cc3e404,0.02624113475177305,55000,20,890000,ERR481071.fastq.gz,ERR481071,315275a2,8670000,51,DNA,1000,8670,True,0.9108262565609955,0.9311071444808037,0.9209667005208996,0.9311071444808037,False,57,4897,11673,d__Bacteria;p__Bacillota_A;c__Clostridia;o__Oscillospirales;f__Ruminococcaceae;g__Faecalibacterium;s__Faecalibacterium sp900758465
89000,0.010265282583621685,0.02599388379204893,0.0058823529411764705,0.0054827379422599165,1.2549019607843137,1.0,0.6212933144217592,/tmp/nxf.XXXX4cac9P/sourmash_database/gtdb-rs214-reps.k51.zip,"GCA_900544425.1 uncultured Collinsella sp., UMGS666",3cd3c2d82159e22dc124c8d0c7cd6258,0.045361875637105,51000,21,839000,ERR481071.fastq.gz,ERR481071,315275a2,8670000,51,DNA,1000,8670,True,0.9141285494090753,0.9411538169691976,0.9276411831891365,0.9411538169691976,False,64,4961,11673,d__Bacteria;p__Actinomycetota;c__Coriobacteriia;o__Coriobacteriales;f__Coriobacteriaceae;g__Collinsella;s__Collinsella sp900544425
