intersect_bp,f_orig_query,f_match,f_unique_to_query,f_unique_weighted,average_abund,median_abund,std_abund,filename,name,md5,f_match_orig,unique_intersect_bp,gather_result_rank,remaining_bp,query_filename,query_name,query_md5,query_bp,ksize,moltype,scaled,query_n_hashes,query_abundance,query_containment_ani,match_containment_ani,average_containment_ani,max_containment_ani,potential_false_negative,n_unique_weighted_found,sum_weighted_found,total_weighted_hashes,lineage
453000,0.04826851358550879,0.08917322834645669,0.04826851358550879,0.06140350877192982,1.467991169977925,1.0,1.2384440426281471,/tmp/nxf.XXXXk311p1/sourmash_database/gtdb-rs214-reps.k51.zip,"GCF_000012825.1 Bacteroides vulgatus ATCC 8482 strain=ATCC 8482, ASM1282v1",63b92dc09e7b5ffbd878d8e5fce5cfec,0.08917322834645669,453000,0,3436000,ERR481096.fastq.gz,ERR481096,ada05ad6,9385000,51,DNA,1000,9385,True,0.9423006457289076,0.953710057421134,0.9480053515750209,0.953710057421134,False,665,665,10830,d__Bacteria;p__Bacteroidota;c__Bacteroidia;o__Bacteroidales;f__Bacteroidaceae;g__Phocaeicola;s__Phocaeicola vulgatus
258000,0.02749067661161428,0.056307289393278045,0.02749067661161428,0.030009233610341645,1.2596899224806202,1.0,0.9183756624281286,/tmp/nxf.XXXXk311p1/sourmash_database/gtdb-rs214-reps.k51.zip,"GCA_025147485.1 Bacteroides uniformis strain=ATCC 8492, ASM2514748v1",177d80c9d0f18e5195e47e20bdf54706,0.056307289393278045,258000,1,3178000,ERR481096.fastq.gz,ERR481096,ada05ad6,9385000,51,DNA,1000,9385,True,0.9319568240903743,0.9451511499727158,0.938553987031545,0.9451511499727158,False,325,990,10830,d__Bacteria;p__Bacteroidota;c__Bacteroidia;o__Bacteroidales;f__Bacteroidaceae;g__Bacteroides;s__Bacteroides uniformis
258000,0.02749067661161428,0.07099447513812154,0.02738412360149174,0.027608494921514314,1.1634241245136188,1.0,0.4547038492760013,/tmp/nxf.XXXXk311p1/sourmash_database/gtdb-rs214-reps.k51.zip,"GCF_000265365.1 Alistipes finegoldii DSM 17242 strain=DSM 17242, ASM26536v1",32e9ec95ec567198d44d9d52c769243b,0.0712707182320442,257000,2,2921000,ERR481096.fastq.gz,ERR481096,ada05ad6,9385000,51,DNA,1000,9385,True,0.9319568240903743,0.9495286244181785,0.9407427242542764,0.9495286244181785,False,299,1289,10830,d__Bacteria;p__Bacteroidota;c__Bacteroidia;o__Bacteroidales;f__Rikenellaceae;g__Alistipes;s__Alistipes finegoldii
238000,0.02535961640916356,0.07875579086697551,0.02535961640916356,0.028070175438596492,1.2773109243697478,1.0,0.6972258323593795,/tmp/nxf.XXXXk311p1/sourmash_database/gtdb-rs214-reps.k51.zip,"GCF_010509575.1 Faecalibacterium prausnitzii A2-165 strain=JCM 31915, ASM1050957v1",5136f6c0a3924e615495681fbaf7095d,0.07875579086697551,238000,3,2683000,ERR481096.fastq.gz,ERR481096,ada05ad6,9385000,51,DNA,1000,9385,True,0.9304835079010675,0.9513897767026639,0.9409366423018657,0.9513897767026639,False,304,1593,10830,d__Bacteria;p__Bacillota_A;c__Clostridia;o__Oscillospirales;f__Ruminococcaceae;g__Faecalibacterium;s__Faecalibacterium duncaniae
228000,0.0242940863079382,0.053106470739881416,0.021949920085242408,0.023361034164358262,1.2281553398058251,1.0,0.6765012038290589,/tmp/nxf.XXXXk311p1/sourmash_database/gtdb-rs214-reps.k51.zip,"GCA_025145285.1 Alistipes onderdonkii strain=DSM 19147, ASM2514528v1",2de6e539bf1bbcefae850f4a041e233c,0.05877803557617943,206000,4,2477000,ERR481096.fastq.gz,ERR481096,ada05ad6,9385000,51,DNA,1000,9385,True,0.9297006796195234,0.9459473439143048,0.9378240117669141,0.9459473439143048,False,253,1846,10830,d__Bacteria;p__Bacteroidota;c__Bacteroidia;o__Bacteroidales;f__Rikenellaceae;g__Alistipes;s__Alistipes onderdonkii
204000,0.021736814064997338,0.06331222925691436,0.020245071923281833,0.021975992613111728,1.2526315789473683,1.0,0.5706583649865179,/tmp/nxf.XXXXk311p1/sourmash_database/gtdb-rs214-reps.k51.zip,"GCF_003324185.1 Faecalibacterium prausnitzii strain=ATCC 27768, ASM332418v1",a294186b3cb8cdd319bb9d5fdcde1f5a,0.06797734088637121,190000,5,2287000,ERR481096.fastq.gz,ERR481096,ada05ad6,9385000,51,DNA,1000,9385,True,0.9276753095983818,0.9486481843540067,0.9381617469761943,0.9486481843540067,False,238,2084,10830,d__Bacteria;p__Bacillota_A;c__Clostridia;o__Oscillospirales;f__Ruminococcaceae;g__Faecalibacterium;s__Faecalibacterium prausnitzii
176000,0.018753329781566328,0.05107713690062544,0.015663292488012785,0.016251154201292705,1.1972789115646258,1.0,0.4898903914935736,/tmp/nxf.XXXXk311p1/sourmash_database/gtdb-rs214-reps.k51.zip,"GCF_020687245.1 Faecalibacterium longum CLA-AA-H243 strain=CLA-AA-H243, ASM2068724v1",e1ff3e2f54ab82a776eb959bb6aa8673,0.061153578874218205,147000,6,2140000,ERR481096.fastq.gz,ERR481096,ada05ad6,9385000,51,DNA,1000,9385,True,0.9249937365192431,0.9466825033971249,0.935838119958184,0.9466825033971249,False,176,2260,10830,d__Bacteria;p__Bacillota_A;c__Clostridia;o__Oscillospirales;f__Ruminococcaceae;g__Faecalibacterium;s__Faecalibacterium longum
153000,0.016302610548748,0.04478546821171312,0.015237080447522642,0.015604801477377655,1.1818181818181819,1.0,0.6651816475856848,/tmp/nxf.XXXXk311p1/sourmash_database/gtdb-rs214-reps.k51.zip,"GCF_900167555.1 Gemmiger formicilis strain=ATCC 27749, IMG-taxon 2590828806 annotated assembly",316f66857e7940a11e48de3faf3d397d,0.04791731913560914,143000,7,1997000,ERR481096.fastq.gz,ERR481096,ada05ad6,9385000,51,DNA,1000,9385,True,0.9224571866617344,0.9421657318338017,0.932311459247768,0.9421657318338017,False,169,2429,10830,d__Bacteria;p__Bacillota_A;c__Clostridia;o__Oscillospirales;f__Ruminococcaceae;g__Gemmiger;s__Gemmiger formicilis
175000,0.018646776771443795,0.047818499127399654,0.014597762386787427,0.014219759926131116,1.1240875912408759,1.0,0.39049389416336516,/tmp/nxf.XXXXk311p1/sourmash_database/gtdb-rs214-reps.k51.zip,"GCF_003287455.1 Faecalibacterium prausnitzii strain=APC922/41-1, ASM328745v1",5119c8b56a74125fb9f68b12c2037b01,0.06108202443280977,137000,8,1860000,ERR481096.fastq.gz,ERR481096,ada05ad6,9385000,51,DNA,1000,9385,True,0.9248903965306275,0.946660771476494,0.9357755840035608,0.946660771476494,False,154,2583,10830,d__Bacteria;p__Bacillota_A;c__Clostridia;o__Oscillospirales;f__Ruminococcaceae;g__Faecalibacterium;s__Faecalibacterium hattorii
141000,0.01502397442727757,0.02136139008448908,0.01427810335641982,0.014312096029547553,1.1567164179104477,1.0,0.6211986200494554,/tmp/nxf.XXXXk311p1/sourmash_database/gtdb-rs214-reps.k51.zip,"GCF_000011065.1 Bacteroides thetaiotaomicron VPI-5482 strain=VPI-5482, ASM1106v1",36e5cf9f0e4c0a0411f3300c5364f87f,0.022477283596365374,134000,9,1726000,ERR481096.fastq.gz,ERR481096,ada05ad6,9385000,51,DNA,1000,9385,True,0.9209810261584314,0.9282848261262132,0.9246329261423223,0.9282848261262132,False,155,2738,10830,d__Bacteria;p__Bacteroidota;c__Bacteroidia;o__Bacteroidales;f__Bacteroidaceae;g__Bacteroides;s__Bacteroides thetaiotaomicron
127000,0.013532232285562067,0.045981308411214956,0.013106020245071924,0.014496768236380424,1.2764227642276422,1.0,0.5885190592147597,/tmp/nxf.XXXXk311p1/sourmash_database/gtdb-rs214-reps.k51.zip,"GCF_000765235.1 Oscillibacter sp. ER4 strain=ER4, ASM76523v1",b86d494b379656b1b7a7b4d8bf763e29,0.04747663551401869,123000,10,1603000,ERR481096.fastq.gz,ERR481096,ada05ad6,9385000,51,DNA,1000,9385,True,0.9190945379844196,0.9419950619348494,0.9305447999596346,0.9419950619348494,False,157,2895,10830,d__Bacteria;p__Bacillota_A;c__Clostridia;o__Oscillospirales;f__Oscillospiraceae;g__ER4;s__ER4 sp000765235
106000,0.011294619072988812,0.030265210608424336,0.010335641981885989,0.010156971375807941,1.134020618556701,1.0,0.4217994339273976,/tmp/nxf.XXXXk311p1/sourmash_database/gtdb-rs214-reps.k51.zip,"GCA_000020605.1 [Eubacterium] rectale ATCC 33656 strain=ATCC 33656, ASM2060v1",bb4d1c2199066ffc1226ec8433ce5698,0.033073322932917315,97000,11,1506000,ERR481096.fastq.gz,ERR481096,ada05ad6,9385000,51,DNA,1000,9385,True,0.9158429603202236,0.9353413915606654,0.9255921759404445,0.9353413915606654,False,110,3005,10830,d__Bacteria;p__Bacillota_A;c__Clostridia;o__Lachnospirales;f__Lachnospiraceae;g__Agathobacter;s__Agathobacter rectalis
93000,0.009909429941395844,0.018102372034956304,0.009270111880660629,0.008771929824561403,1.0919540229885059,1.0,0.32632343831214694,/tmp/nxf.XXXXk311p1/sourmash_database/gtdb-rs214-reps.k51.zip,"GCF_000012845.1 Parabacteroides distasonis ATCC 8503 strain=ATCC 8503, ASM1284v1",85c74583c59734abc0e8f1a3e909b79d,0.019350811485642945,87000,12,1419000,ERR481096.fastq.gz,ERR481096,ada05ad6,9385000,51,DNA,1000,9385,True,0.9134963926762345,0.9255627468940477,0.9195295697851411,0.9255627468940477,False,95,3100,10830,d__Bacteria;p__Bacteroidota;c__Bacteroidia;o__Bacteroidales;f__Tannerellaceae;g__Parabacteroides;s__Parabacteroides distasonis
89000,0.009483217900905701,0.02707749766573296,0.009270111880660629,0.009695290858725761,1.206896551724138,1.0,0.8323617007003068,/tmp/nxf.XXXXk311p1/sourmash_database/gtdb-rs214-reps.k51.zip,"GCF_001404675.1 Coprococcus eutactus strain=2789STDY5834963, 14207_7#86",6309e330103cdd129eb9c6193ed4268b,0.027699968876439465,87000,13,1332000,ERR481096.fastq.gz,ERR481096,ada05ad6,9385000,51,DNA,1000,9385,True,0.912709277967222,0.9320954287055507,0.9224023533363863,0.9320954287055507,False,105,3205,10830,d__Bacteria;p__Bacillota_A;c__Clostridia;o__Lachnospirales;f__Lachnospiraceae;g__Coprococcus;s__Coprococcus eutactus_A
110000,0.011720831113478956,0.018488929468157955,0.008630793819925413,0.008494921514312095,1.1358024691358024,1.0,0.4907310349222665,/tmp/nxf.XXXXk311p1/sourmash_database/gtdb-rs214-reps.k51.zip,"GCA_019417795.1 Clostridiales bacterium, ASM1941779v1",5a199efdf60fbe8e0dc767e0c79a1bc4,0.025108422734535493,81000,14,1251000,ERR481096.fastq.gz,ERR481096,ada05ad6,9385000,51,DNA,1000,9385,True,0.9165083781708047,0.930301905339665,0.9234051417552348,0.930301905339665,False,92,3297,10830,d__Bacteria;p__Bacillota_A;c__Clostridia;o__Oscillospirales;f__Oscillospiraceae;g__Dysosmobacter;s__Dysosmobacter sp019417795
91000,0.009696323921150772,0.029911075181891674,0.007884922749067661,0.008033240997229917,1.1756756756756757,1.0,0.3805439956845601,/tmp/nxf.XXXXk311p1/sourmash_database/gtdb-rs214-reps.k51.zip,"GCA_900539945.1 uncultured Faecalibacterium sp., UMGS183",3bb5b6dd2b10e5252389d662c26718aa,0.036782538399353276,74000,15,1177000,ERR481096.fastq.gz,ERR481096,ada05ad6,9385000,51,DNA,1000,9385,True,0.9131070756724051,0.9372929002969491,0.9251999879846771,0.9372929002969491,False,87,3384,10830,d__Bacteria;p__Bacillota_A;c__Clostridia;o__Oscillospirales;f__Ruminococcaceae;g__Faecalibacterium;s__Faecalibacterium sp900539945
86000,0.009163558870538093,0.02894016425498631,0.007884922749067661,0.007017543859649123,1.027027027027027,1.0,0.16216216216216214,/tmp/nxf.XXXXk311p1/sourmash_database/gtdb-rs214-reps.k51.zip,"GCF_018408575.1 Oscillibacter sp. MM50 strain=MM50, ASM1840857v1",e6e6d5e92963e67195839cba6e2f7cae,0.03363316386390301,74000,16,1103000,ERR481096.fastq.gz,ERR481096,ada05ad6,9385000,51,DNA,1000,9385,True,0.9120958380226206,0.9356492905195798,0.9238725642711002,0.9356492905195798,False,76,3460,10830,d__Bacteria;p__Bacillota_A;c__Clostridia;o__Oscillospirales;f__Oscillospiraceae;g__Vescimonas;s__Vescimonas coprocola
76000,0.008098028769312733,0.015577007459412023,0.0075652637187000535,0.007109879963065558,1.0845070422535212,1.0,0.3248609181597408,/tmp/nxf.XXXXk311p1/sourmash_database/gtdb-rs214-reps.k51.zip,"GCF_002222615.2 Bacteroides caccae strain=ATCC 43185, ASM222261v2",d7e7663bc3ede65000c2f57952616ae4,0.016673979815708645,71000,17,1032000,ERR481096.fastq.gz,ERR481096,ada05ad6,9385000,51,DNA,1000,9385,True,0.9098877743777739,0.9228646800030178,0.9163762271903959,0.9228646800030178,False,77,3537,10830,d__Bacteria;p__Bacteroidota;c__Bacteroidia;o__Bacteroidales;f__Bacteroidaceae;g__Bacteroides;s__Bacteroides caccae
91000,0.009696323921150772,0.016536964980544747,0.007245604688332445,0.012742382271468145,2.0294117647058822,1.0,2.4968838710969212,/tmp/nxf.XXXXk311p1/sourmash_database/gtdb-rs214-reps.k51.zip,"GCF_000154845.1 Bacteroides coprocola DSM 17136 strain=DSM 17136, ASM15484v1",6c4a84c6881f2933a9b05588fca9caee,0.02213035019455253,68000,18,964000,ERR481096.fastq.gz,ERR481096,ada05ad6,9385000,51,DNA,1000,9385,True,0.9131070756724051,0.9280017387347198,0.9205544072035625,0.9280017387347198,False,138,3675,10830,d__Bacteria;p__Bacteroidota;c__Bacteroidia;o__Bacteroidales;f__Bacteroidaceae;g__Phocaeicola;s__Phocaeicola coprocola
88000,0.009376664890783164,0.016518737672583828,0.00713905167820991,0.00775623268698061,1.2537313432835822,1.0,0.8867731807470417,/tmp/nxf.XXXXk311p1/sourmash_database/gtdb-rs214-reps.k51.zip,"GCF_000174195.1 Roseburia inulinivorans DSM 16841 strain=DSM 16841, ASM17419v1",e3692c21f5a57009b8f3ea43032066c2,0.021696252465483234,67000,19,897000,ERR481096.fastq.gz,ERR481096,ada05ad6,9385000,51,DNA,1000,9385,True,0.9125070805847763,0.9276413359200403,0.9200742082524083,0.9276413359200403,False,84,3759,10830,d__Bacteria;p__Bacillota_A;c__Clostridia;o__Lachnospirales;f__Lachnospiraceae;g__Roseburia;s__Roseburia inulinivorans
64000,0.006819392647842301,0.03343782654127482,0.006819392647842301,0.006648199445983379,1.125,1.0,0.375,/tmp/nxf.XXXXk311p1/sourmash_database/gtdb-rs214-reps.k51.zip,"GCA_000432375.1 Firmicutes bacterium CAG:103, MGS103",7de23347c943676e4ac723a87bf4d908,0.03343782654127482,64000,20,833000,ERR481096.fastq.gz,ERR481096,ada05ad6,9385000,51,DNA,1000,9385,True,0.9068269645812117,0.9355424342888018,0.9211846994350068,0.9355424342888018,False,72,3831,10830,d__Bacteria;p__Bacillota_A;c__Clostridia;o__Oscillospirales;f__Oscillospiraceae;g__CAG-103;s__CAG-103 sp000432375
67000,0.00713905167820991,0.024012393493415957,0.00660628662759723,0.006094182825484765,1.064516129032258,1.0,0.24567010018915833,/tmp/nxf.XXXXk311p1/sourmash_database/gtdb-rs214-reps.k51.zip,"GCA_004000625.1 Candidatus Cibiobacter qucibialis, ASM400062v1",442a7b6ad44794daf4265d6e6158d0b9,0.025948876839659178,62000,21,771000,ERR481096.fastq.gz,ERR481096,ada05ad6,9385000,51,DNA,1000,9385,True,0.9076418662448871,0.9309026906668209,0.919272278455854,0.9309026906668209,False,66,3897,10830,d__Bacteria;p__Bacillota_A;c__Clostridia;o__Oscillospirales;f__Ruminococcaceae;g__Gemmiger;s__Gemmiger qucibialis
95000,0.010122535961640916,0.018151815181518153,0.005860415556739478,0.005724838411819021,1.1272727272727272,1.0,0.5064868464430587,/tmp/nxf.XXXXk311p1/sourmash_database/gtdb-rs214-reps.k51.zip,"GCF_023347255.1 Faecalibacterium sp. I4384 strain=I4384, ASM2334725v1",1ea2dc0eabe05329a021ee2c38093f28,0.03135313531353135,55000,22,716000,ERR481096.fastq.gz,ERR481096,ada05ad6,9385000,51,DNA,1000,9385,True,0.9138775864380172,0.934362313392543,0.9241199499152801,0.934362313392543,False,62,3959,10830,d__Bacteria;p__Bacillota_A;c__Clostridia;o__Oscillospirales;f__Ruminococcaceae;g__Faecalibacterium;s__Faecalibacterium prausnitzii_D
59000,0.006286627597229622,0.022572402044293016,0.005647309536494406,0.005724838411819021,1.169811320754717,1.0,0.42274257551713357,/tmp/nxf.XXXXk311p1/sourmash_database/gtdb-rs214-reps.k51.zip,"GCF_002834235.1 Ruminococcus bromii strain=5AMG, ASM283423v1",c788aae2c6f3cc3e1e9802e6b555f644,0.02512776831345826,53000,23,663000,ERR481096.fastq.gz,ERR481096,ada05ad6,9385000,51,DNA,1000,9385,True,0.9053817171029492,0.9303159545546426,0.917848835828796,0.9303159545546426,False,62,4021,10830,d__Bacteria;p__Bacillota_A;c__Clostridia;o__Oscillospirales;f__Acutalibacteraceae;g__Ruminococcus_E;s__Ruminococcus_E bromii_B
51000,0.005434203516249334,0.018110795454545456,0.005434203516249334,0.004893813481071099,1.0392156862745099,1.0,0.19410774385513066,/tmp/nxf.XXXXk311p1/sourmash_database/gtdb-rs214-reps.k51.zip,"GCF_000478885.1 Adlercreutzia equolifaciens DSM 19450 strain=DSM 19450, ASM47888v1",55116c7145cfee625af89ea26d55a509,0.018110795454545456,51000,24,612000,ERR481096.fastq.gz,ERR481096,ada05ad6,9385000,51,DNA,1000,9385,True,0.9027986479195883,0.9243616353889237,0.9135801416542559,0.9243616353889237,False,53,4074,10830,d__Bacteria;p__Actinomycetota;c__Coriobacteriia;o__Coriobacteriales;f__Eggerthellaceae;g__Adlercreutzia;s__Adlercreutzia equolifaciens
61000,0.0064997336174746935,0.013747594171020072,0.005327650506126798,0.004709141274238227,1.02,1.0,0.13999999999999999,/tmp/nxf.XXXXk311p1/sourmash_database/gtdb-rs214-reps.k51.zip,"GCF_015557635.1 Fusicatenibacter saccharivorans strain=D41t1_190614_C8, ASM1555763v1",d2fdc17cdae8aecf1aac02f627d3979a,0.016772064888644488,50000,25,562000,ERR481096.fastq.gz,ERR481096,ada05ad6,9385000,51,DNA,1000,9385,True,0.9059737181215044,0.9229708207687352,0.9144722694451197,0.9229708207687352,False,51,4125,10830,d__Bacteria;p__Bacillota_A;c__Clostridia;o__Lachnospirales;f__Lachnospiraceae;g__Fusicatenibacter;s__Fusicatenibacter saccharivorans
71000,0.0075652637187000535,0.011238480557428635,0.005327650506126798,0.004709141274238227,1.02,1.0,0.13999999999999999,/tmp/nxf.XXXXk311p1/sourmash_database/gtdb-rs214-reps.k51.zip,"GCF_900537995.1 Roseburia intestinalis L1-82 strain=L1-82, Roseburia intestinalis strain L1-82",a0a31bbf8562bc7e5e4b2fd755c9aae9,0.015958642391548664,50000,26,512000,ERR481096.fastq.gz,ERR481096,ada05ad6,9385000,51,DNA,1000,9385,True,0.9086744465454523,0.9220715585267435,0.9153730025360979,0.9220715585267435,False,51,4176,10830,d__Bacteria;p__Bacillota_A;c__Clostridia;o__Lachnospirales;f__Lachnospiraceae;g__Roseburia;s__Roseburia intestinalis
