intersect_bp,f_orig_query,f_match,f_unique_to_query,f_unique_weighted,average_abund,median_abund,std_abund,filename,name,md5,f_match_orig,unique_intersect_bp,gather_result_rank,remaining_bp,query_filename,query_name,query_md5,query_bp,ksize,moltype,scaled,query_n_hashes,query_abundance,query_containment_ani,match_containment_ani,average_containment_ani,max_containment_ani,potential_false_negative,n_unique_weighted_found,sum_weighted_found,total_weighted_hashes,lineage
1623000,0.1419699090272918,0.31948818897637793,0.1419699090272918,0.17017383348581885,1.489833641404806,1.0,0.9286241072927259,/tmp/nxf.XXXXm4Hbbj/sourmash_database/gtdb-rs214-reps.k51.zip,"GCF_000012825.1 Bacteroides vulgatus ATCC 8482 strain=ATCC 8482, ASM1282v1",63b92dc09e7b5ffbd878d8e5fce5cfec,0.31948818897637793,1623000,0,5849000,ERR480671.fastq.gz,ERR480671,5e87c33e,11432000,51,DNA,1000,11432,True,0.9624460581374823,0.9778751899141495,0.9701606240258158,0.9778751899141495,False,2418,2418,14209,d__Bacteria;p__Bacteroidota;c__Bacteroidia;o__Bacteroidales;f__Bacteroidaceae;g__Phocaeicola;s__Phocaeicola vulgatus
1604000,0.1403079076277117,0.1966824644549763,0.09438418474457663,0.1147864029840242,1.5115848007414272,1.0,1.174964827028912,/tmp/nxf.XXXXm4Hbbj/sourmash_database/gtdb-rs214-reps.k51.zip,"GCF_013009555.1 Bacteroides dorei strain=DSM 17855, ASM1300955v1",92c62d3d608447418f79f40c554d2f69,0.2923806051768137,1079000,1,4770000,ERR480671.fastq.gz,ERR480671,5e87c33e,11432000,51,DNA,1000,11432,True,0.9622238572782587,0.9761766229488581,0.9692002401135584,0.9761766229488581,False,1631,4049,14209,d__Bacteria;p__Bacteroidota;c__Bacteroidia;o__Bacteroidales;f__Bacteroidaceae;g__Phocaeicola;s__Phocaeicola dorei
824000,0.07207837648705388,0.1732867743343518,0.06945416375087474,0.07101133084664649,1.2707808564231737,1.0,0.5774761773020664,/tmp/nxf.XXXXm4Hbbj/sourmash_database/gtdb-rs214-reps.k51.zip,"GCA_025147485.1 Bacteroides uniformis strain=ATCC 8492, ASM2514748v1",177d80c9d0f18e5195e47e20bdf54706,0.17983413356612832,794000,2,3976000,ERR480671.fastq.gz,ERR480671,5e87c33e,11432000,51,DNA,1000,11432,True,0.9497384474403959,0.9669180099698166,0.9583282287051063,0.9669180099698166,False,1009,5058,14209,d__Bacteria;p__Bacteroidota;c__Bacteroidia;o__Bacteroidales;f__Bacteroidaceae;g__Bacteroides;s__Bacteroides uniformis
620000,0.05423372988103569,0.1216078351356866,0.052134359692092375,0.05151664438032233,1.2281879194630871,1.0,0.5131924736605613,/tmp/nxf.XXXXm4Hbbj/sourmash_database/gtdb-rs214-reps.k51.zip,"GCF_000156195.1 Bacteroides finegoldii DSM 17565 strain=DSM 17565, ASM15619v1",9d0fea771ba61065a50bf9434f874c00,0.1265047949398082,596000,3,3380000,ERR480671.fastq.gz,ERR480671,5e87c33e,11432000,51,DNA,1000,11432,True,0.9444560531133216,0.9602719755292448,0.9523640143212833,0.9602719755292448,False,732,5790,14209,d__Bacteria;p__Bacteroidota;c__Bacteroidia;o__Bacteroidales;f__Bacteroidaceae;g__Bacteroides;s__Bacteroides finegoldii
553000,0.04837298810356893,0.07545708088007437,0.04259972008397481,0.0384263494967978,1.1211498973305956,1.0,0.35637968602443154,/tmp/nxf.XXXXm4Hbbj/sourmash_database/gtdb-rs214-reps.k51.zip,"GCF_001314995.1 Bacteroides ovatus strain=ATCC 8483, ASM131499v1",c28ea957513bf36bf9dc694cd077b880,0.08568329718004339,487000,4,2893000,ERR480671.fastq.gz,ERR480671,5e87c33e,11432000,51,DNA,1000,11432,True,0.9423405946808386,0.9529637824022449,0.9476521885415418,0.9529637824022449,False,546,6336,14209,d__Bacteria;p__Bacteroidota;c__Bacteroidia;o__Bacteroidales;f__Bacteroidaceae;g__Bacteroides;s__Bacteroides ovatus
279000,0.02440517844646606,0.05163511187607573,0.023617914625612316,0.020409599549581253,1.0740740740740742,1.0,0.2887939065128582,/tmp/nxf.XXXXm4Hbbj/sourmash_database/gtdb-rs214-reps.k51.zip,"GCF_000025985.1 Bacteroides fragilis NCTC 9343, ASM2598v1",5ed7bd7e8a301425ed2ad891c3e399f5,0.05335628227194492,270000,5,2623000,ERR480671.fastq.gz,ERR480671,5e87c33e,11432000,51,DNA,1000,11432,True,0.9297838529457157,0.9441540363890067,0.9369689446673612,0.9441540363890067,False,290,6626,14209,d__Bacteria;p__Bacteroidota;c__Bacteroidia;o__Bacteroidales;f__Bacteroidaceae;g__Bacteroides;s__Bacteroides fragilis
214000,0.018719384184744576,0.0646135265700483,0.018719384184744576,0.016046167921739744,1.0654205607476634,1.0,0.26549294787554745,/tmp/nxf.XXXXm4Hbbj/sourmash_database/gtdb-rs214-reps.k51.zip,"GCF_001406815.1 Roseburia faecis strain=M72, M72",a0f3a6070b93943510064cfd96143d45,0.0646135265700483,214000,6,2409000,ERR480671.fastq.gz,ERR480671,5e87c33e,11432000,51,DNA,1000,11432,True,0.9249608771428617,0.9477046438774394,0.9363327605101506,0.9477046438774394,False,228,6854,14209,d__Bacteria;p__Bacillota_A;c__Clostridia;o__Lachnospirales;f__Lachnospiraceae;g__Agathobacter;s__Agathobacter faecis
335000,0.0293037088873338,0.031131750945992433,0.015832750174947514,0.014708987261594765,1.1546961325966851,1.0,0.44391844036686556,/tmp/nxf.XXXXm4Hbbj/sourmash_database/gtdb-rs214-reps.k51.zip,"GCF_000210075.1 Bacteroides xylanisolvens XB1A strain=XB1A, ASM21007v1",6bf3ff1d807c2ab1988e6b3c386a7cec,0.05761953904368765,181000,7,2228000,ERR480671.fastq.gz,ERR480671,5e87c33e,11432000,51,DNA,1000,11432,True,0.9331246424364149,0.9455781902573246,0.9393514163468697,0.9455781902573246,False,209,7063,14209,d__Bacteria;p__Bacteroidota;c__Bacteroidia;o__Bacteroidales;f__Bacteroidaceae;g__Bacteroides;s__Bacteroides xylanisolvens
177000,0.015482855143456964,0.0611674239776302,0.015307907627711687,0.014005207966781617,1.1371428571428572,1.0,0.4453478347062563,/tmp/nxf.XXXXm4Hbbj/sourmash_database/gtdb-rs214-reps.k51.zip,"GCF_020564355.1 Lachnospira pectinoschiza strain=SL.1.13, ASM2056435v1",3bf2c0fcdedffa7ce0c88a9624ebba72,0.06186648025166026,175000,8,2053000,ERR480671.fastq.gz,ERR480671,5e87c33e,11432000,51,DNA,1000,11432,True,0.9215244943095753,0.9468976685336319,0.9342110814216036,0.9468976685336319,False,199,7262,14209,d__Bacteria;p__Bacillota_A;c__Clostridia;o__Lachnospirales;f__Lachnospiraceae;g__Lachnospira;s__Lachnospira sp000437735
154000,0.013470958712386284,0.0751953125,0.013470958712386284,0.012034625941304807,1.1103896103896105,1.0,0.3133747665458092,/tmp/nxf.XXXXm4Hbbj/sourmash_database/gtdb-rs214-reps.k51.zip,"GCF_002742445.1 Bifidobacterium sp. N4G05 strain=N4G05, ASM274244v1",b96331732e5867db1a4d0b69bede9099,0.0751953125,154000,9,1899000,ERR480671.fastq.gz,ERR480671,5e87c33e,11432000,51,DNA,1000,11432,True,0.9190127556418932,0.9505271471520588,0.934769951396976,0.9505271471520588,False,171,7433,14209,d__Bacteria;p__Actinomycetota;c__Actinomycetia;o__Actinomycetales;f__Bifidobacteriaceae;g__Bifidobacterium;s__Bifidobacterium sp002742445
131000,0.011459062281315605,0.06004618937644342,0.011371588523442968,0.009360264621014849,1.023076923076923,1.0,0.1501478561226395,/tmp/nxf.XXXXm4Hbbj/sourmash_database/gtdb-rs214-reps.k51.zip,"GCA_900762445.1 uncultured Sutterella sp., SRS142712_7",f055aedf37e1b77712ed0543f53ab382,0.0605080831408776,130000,10,1769000,ERR480671.fastq.gz,ERR480671,5e87c33e,11432000,51,DNA,1000,11432,True,0.9161025660104916,0.9464855503538562,0.9312940581821738,0.9464855503538562,False,133,7566,14209,d__Bacteria;p__Pseudomonadota;c__Gammaproteobacteria;o__Burkholderiales;f__Burkholderiaceae_A;g__Sutterella;s__Sutterella sp900762445
138000,0.012071378586424073,0.02972450459159014,0.0107592722183345,0.015905412062777114,1.8373983739837398,1.0,2.0967415050165688,/tmp/nxf.XXXXm4Hbbj/sourmash_database/gtdb-rs214-reps.k51.zip,"GCF_018390535.1 Bacteroides sp. NSJ-90 strain=NSJ-90, ASM1839053v1",41df32037b8ab726da39d445c53568b2,0.0333494441759304,123000,11,1646000,ERR480671.fastq.gz,ERR480671,5e87c33e,11432000,51,DNA,1000,11432,True,0.9170381211756237,0.9354938848494446,0.9262660030125341,0.9354938848494446,False,226,7792,14209,d__Bacteria;p__Bacteroidota;c__Bacteroidia;o__Bacteroidales;f__Bacteroidaceae;g__Bacteroides;s__Bacteroides propionicigenes
115000,0.010059482155353393,0.03961084086170952,0.009972008397480756,0.008656485326201703,1.0789473684210527,1.0,0.3004305927990125,/tmp/nxf.XXXXm4Hbbj/sourmash_database/gtdb-rs214-reps.k51.zip,"GCF_020687245.1 Faecalibacterium longum CLA-AA-H243 strain=CLA-AA-H243, ASM2068724v1",e1ff3e2f54ab82a776eb959bb6aa8673,0.03995830437804031,114000,12,1532000,ERR480671.fastq.gz,ERR480671,5e87c33e,11432000,51,DNA,1000,11432,True,0.9137656247672967,0.9388161034331335,0.9262908641002151,0.9388161034331335,False,123,7915,14209,d__Bacteria;p__Bacillota_A;c__Clostridia;o__Oscillospirales;f__Ruminococcaceae;g__Faecalibacterium;s__Faecalibacterium longum
112000,0.00979706088173548,0.04630416312659303,0.009534639608117564,0.007882328101907242,1.0275229357798166,1.0,0.16360141743235787,/tmp/nxf.XXXXm4Hbbj/sourmash_database/gtdb-rs214-reps.k51.zip,"GCF_000196555.1 Bifidobacterium longum subsp. longum JCM 1217 strain=JCM 1217, ASM19655v1",4e5724ba16e37517faabf3d6eac4a812,0.0475785896346644,109000,13,1423000,ERR480671.fastq.gz,ERR480671,5e87c33e,11432000,51,DNA,1000,11432,True,0.9132921435262522,0.9420346848600212,0.9276634141931367,0.9420346848600212,False,112,8027,14209,d__Bacteria;p__Actinomycetota;c__Actinomycetia;o__Actinomycetales;f__Bifidobacteriaceae;g__Bifidobacterium;s__Bifidobacterium longum
173000,0.01513296011196641,0.014579759862778732,0.008922323303009098,0.008726863255683018,1.2156862745098038,1.0,0.6512047806045338,/tmp/nxf.XXXXm4Hbbj/sourmash_database/gtdb-rs214-reps.k51.zip,"GCA_900557355.1 uncultured Bacteroides sp., UMGS2042",26cd6f99620cbd40a9534fcb50c2c063,0.0247284162378502,102000,14,1321000,ERR480671.fastq.gz,ERR480671,5e87c33e,11432000,51,DNA,1000,11432,True,0.9211115606952212,0.9300237625865244,0.9255676616408728,0.9300237625865244,False,124,8151,14209,d__Bacteria;p__Bacteroidota;c__Bacteroidia;o__Bacteroidales;f__Bacteroidaceae;g__Bacteroides;s__Bacteroides sp900557355
333000,0.029128761371588523,0.032525721871888486,0.008572428271518544,0.008586107396720388,1.2448979591836735,1.0,0.5544113349880051,/tmp/nxf.XXXXm4Hbbj/sourmash_database/gtdb-rs214-reps.k51.zip,"GCA_900556625.1 uncultured Bacteroides sp., UMGS1954",3e976c2c91de63410d32068a21a57d4d,0.1105210753401925,98000,15,1223000,ERR480671.fastq.gz,ERR480671,5e87c33e,11432000,51,DNA,1000,11432,True,0.9330150882914867,0.9577320511129132,0.9453735697021999,0.9577320511129132,False,122,8273,14209,d__Bacteria;p__Bacteroidota;c__Bacteroidia;o__Bacteroidales;f__Bacteroidaceae;g__Bacteroides;s__Bacteroides sp900556625
97000,0.008484954513645906,0.02839313572542902,0.007960111966410078,0.006756281230206208,1.054945054945055,1.0,0.22787298190470023,/tmp/nxf.XXXXm4Hbbj/sourmash_database/gtdb-rs214-reps.k51.zip,"GCA_000020605.1 [Eubacterium] rectale ATCC 33656 strain=ATCC 33656, ASM2060v1",bb4d1c2199066ffc1226ec8433ce5698,0.030265210608424336,91000,16,1132000,ERR480671.fastq.gz,ERR480671,5e87c33e,11432000,51,DNA,1000,11432,True,0.9107208610495524,0.9337155302194377,0.922218195634495,0.9337155302194377,False,96,8369,14209,d__Bacteria;p__Bacillota_A;c__Clostridia;o__Lachnospirales;f__Lachnospiraceae;g__Agathobacter;s__Agathobacter rectalis
86000,0.007522743177046886,0.022546054440472918,0.007172848145556333,0.005911746076430431,1.024390243902439,1.0,0.15425744683748188,/tmp/nxf.XXXXm4Hbbj/sourmash_database/gtdb-rs214-reps.k51.zip,"GCF_015557635.1 Fusicatenibacter saccharivorans strain=D41t1_190614_C8, ASM1555763v1",d2fdc17cdae8aecf1aac02f627d3979a,0.02364586197415452,82000,17,1050000,ERR480671.fastq.gz,ERR480671,5e87c33e,11432000,51,DNA,1000,11432,True,0.9085740283990454,0.92920779863791,0.9188909135184777,0.92920779863791,False,84,8453,14209,d__Bacteria;p__Bacillota_A;c__Clostridia;o__Lachnospirales;f__Lachnospiraceae;g__Fusicatenibacter;s__Fusicatenibacter saccharivorans
251000,0.02195591322603219,0.022197558268590455,0.006997900629811057,0.006122879864874376,1.0875,1.0,0.3237958461747155,/tmp/nxf.XXXXm4Hbbj/sourmash_database/gtdb-rs214-reps.k51.zip,"GCA_900755095.1 uncultured Bacteroides sp., ERS473029_19",157ba610ccdcf1ff58761725bd879825,0.06964483906770255,80000,18,970000,ERR480671.fastq.gz,ERR480671,5e87c33e,11432000,51,DNA,1000,11432,True,0.9278577553357059,0.9490990699668282,0.9384784126512671,0.9490990699668282,False,87,8540,14209,d__Bacteria;p__Bacteroidota;c__Bacteroidia;o__Bacteroidales;f__Bacteroidaceae;g__Bacteroides;s__Bacteroides sp900755095
75000,0.0065605318404478655,0.032927379341452415,0.006385584324702589,0.005278344711098599,1.0273972602739727,1.0,0.16323801764127377,/tmp/nxf.XXXXm4Hbbj/sourmash_database/gtdb-rs214-reps.k51.zip,"GCF_001025135.1 Bifidobacterium bifidum ATCC 29521 = JCM 1255 = DSM 20456 strain=JCM 1255, ASM102513v1",404c2d0a233dc79a88353930897b2669,0.03382949932341001,73000,19,897000,ERR480671.fastq.gz,ERR480671,5e87c33e,11432000,51,DNA,1000,11432,True,0.9061391263384397,0.935756081403922,0.9209476038711808,0.935756081403922,False,75,8615,14209,d__Bacteria;p__Actinomycetota;c__Actinomycetia;o__Actinomycetales;f__Bifidobacteriaceae;g__Bifidobacterium;s__Bifidobacterium bifidum
67000,0.00586074177746676,0.03228915662650603,0.00586074177746676,0.004996832993173341,1.0597014925373134,1.0,0.2932370552893806,/tmp/nxf.XXXXm4Hbbj/sourmash_database/gtdb-rs214-reps.k51.zip,"GCA_900542825.1 uncultured Collinsella sp., UMGS498",15446b21fc55f2bb920a73bbb967d877,0.03228915662650603,67000,20,830000,ERR480671.fastq.gz,ERR480671,5e87c33e,11432000,51,DNA,1000,11432,True,0.9041372544200694,0.9349014162509164,0.9195193353354929,0.9349014162509164,False,71,8686,14209,d__Bacteria;p__Actinomycetota;c__Coriobacteriia;o__Coriobacteriales;f__Coriobacteriaceae;g__Collinsella;s__Collinsella sp900542825
322000,0.028166550034989503,0.010520869265263884,0.0053358992302309305,0.004926455063692026,1.1475409836065573,1.0,0.35464438775055634,/tmp/nxf.XXXXm4Hbbj/sourmash_database/gtdb-rs214-reps.k51.zip,"GCA_019412865.1 Bacteroides sp., ASM1941286v1",ea887218e0141cf6c988447e4d85d9a1,0.05553639185926181,61000,21,769000,ERR480671.fastq.gz,ERR480671,5e87c33e,11432000,51,DNA,1000,11432,True,0.9324007639975743,0.9448957066979013,0.9386482353477379,0.9448957066979013,False,70,8756,14209,d__Bacteria;p__Bacteroidota;c__Bacteroidia;o__Bacteroidales;f__Bacteroidaceae;g__Bacteroides;s__Bacteroides sp019412865
64000,0.005598320503848845,0.012532981530343008,0.004986004198740378,0.004363431627841509,1.087719298245614,1.0,0.3392820983476091,/tmp/nxf.XXXXm4Hbbj/sourmash_database/gtdb-rs214-reps.k51.zip,"GCA_025148125.1 Blautia wexlerae DSM 19850 strain=DSM 19850, ASM2514812v1",7f2073ec6218c72ec98b02ac15cb9880,0.014072119613016711,57000,22,712000,ERR480671.fastq.gz,ERR480671,5e87c33e,11432000,51,DNA,1000,11432,True,0.9033254992771892,0.9197998276940849,0.9115626634856371,0.9197998276940849,False,62,8818,14209,d__Bacteria;p__Bacillota_A;c__Clostridia;o__Lachnospirales;f__Lachnospiraceae;g__Blautia_A;s__Blautia_A wexlerae
50000,0.00437368789363191,0.019508388607101055,0.00437368789363191,0.003730030262509677,1.06,1.0,0.23748684174075838,/tmp/nxf.XXXXm4Hbbj/sourmash_database/gtdb-rs214-reps.k51.zip,"GCF_000417505.1 Megasphaera sp. NM10 strain=NM10, NM10version1",e40063ee5dd378f259b2aa8bdfbb7cd7,0.019508388607101055,50000,23,662000,ERR480671.fastq.gz,ERR480671,5e87c33e,11432000,51,DNA,1000,11432,True,0.8989636133739051,0.9257099448924739,0.9123367791331896,0.9257099448924739,False,53,8871,14209,d__Bacteria;p__Bacillota_C;c__Negativicutes;o__Veillonellales;f__Megasphaeraceae;g__Megasphaera;s__Megasphaera sp000417505
57000,0.004986004198740378,0.013340448239060833,0.00437368789363191,0.0035892744035470477,1.02,1.0,0.13999999999999999,/tmp/nxf.XXXXm4Hbbj/sourmash_database/gtdb-rs214-reps.k51.zip,"GCF_003435375.1 Clostridium sp. AM34-11AC strain=AM34-11AC, ASM343537v1",dbc6837b95ffa97bbc27800d0a9cc61b,0.015208110992529349,50000,24,612000,ERR480671.fastq.gz,ERR480671,5e87c33e,11432000,51,DNA,1000,11432,True,0.9012761835970732,0.9212010347663374,0.9112386091817053,0.9212010347663374,False,51,8922,14209,d__Bacteria;p__Bacillota_A;c__Clostridia;o__Lachnospirales;f__Lachnospiraceae;g__Copromonas;s__Copromonas sp900066535
