intersect_bp,f_orig_query,f_match,f_unique_to_query,f_unique_weighted,average_abund,median_abund,std_abund,filename,name,md5,f_match_orig,unique_intersect_bp,gather_result_rank,remaining_bp,query_filename,query_name,query_md5,query_bp,ksize,moltype,scaled,query_n_hashes,query_abundance,query_containment_ani,match_containment_ani,average_containment_ani,max_containment_ani,potential_false_negative,n_unique_weighted_found,sum_weighted_found,total_weighted_hashes,lineage
737000,0.06579182288876986,0.14507874015748032,0.06579182288876986,0.07261029411764706,1.1791044776119404,1.0,0.7425415748907805,/tmp/nxf.XXXXj8Wkmc/sourmash_database/gtdb-rs214-reps.k51.zip,"GCF_000012825.1 Bacteroides vulgatus ATCC 8482 strain=ATCC 8482, ASM1282v1",63b92dc09e7b5ffbd878d8e5fce5cfec,0.14507874015748032,737000,0,3438000,ERR480464.fastq.gz,ERR480464,91e65b0b,11202000,51,DNA,1000,11202,True,0.9480405212207441,0.9628549298420972,0.9554477255314207,0.9628549298420972,False,869,869,11968,d__Bacteria;p__Bacteroidota;c__Bacteroidia;o__Bacteroidales;f__Bacteroidaceae;g__Phocaeicola;s__Phocaeicola vulgatus
387000,0.034547402249598284,0.0840244434744653,0.03436886270308873,0.03668114973262032,1.1402597402597403,1.0,0.41537332301203744,/tmp/nxf.XXXXj8Wkmc/sourmash_database/gtdb-rs214-reps.k51.zip,"GCA_025147485.1 Bacteroides uniformis strain=ATCC 8492, ASM2514748v1",177d80c9d0f18e5195e47e20bdf54706,0.08446093408991706,385000,1,3053000,ERR480464.fastq.gz,ERR480464,91e65b0b,11202000,51,DNA,1000,11202,True,0.9361414569523828,0.9526953311043866,0.9444183940283848,0.9526953311043866,False,439,1308,11968,d__Bacteria;p__Bacteroidota;c__Bacteroidia;o__Bacteroidales;f__Bacteroidaceae;g__Bacteroides;s__Bacteroides uniformis
232000,0.020710587395108015,0.050241333918385256,0.020442778075343688,0.021056149732620322,1.1004366812227073,1.0,0.3147741710207877,/tmp/nxf.XXXXj8Wkmc/sourmash_database/gtdb-rs214-reps.k51.zip,"GCF_002222615.2 Bacteroides caccae strain=ATCC 43185, ASM222261v2",d7e7663bc3ede65000c2f57952616ae4,0.05089951733216323,229000,2,2824000,ERR480464.fastq.gz,ERR480464,91e65b0b,11202000,51,DNA,1000,11202,True,0.9267960305153096,0.9432817767575994,0.9350389036364545,0.9432817767575994,False,252,1560,11968,d__Bacteria;p__Bacteroidota;c__Bacteroidia;o__Bacteroidales;f__Bacteroidaceae;g__Bacteroides;s__Bacteroides caccae
247000,0.022049633993929656,0.051066727190195185,0.020085698982324585,0.02088903743315508,1.1111111111111112,1.0,0.3899984172174276,/tmp/nxf.XXXXj8Wkmc/sourmash_database/gtdb-rs214-reps.k51.zip,"GCF_000382445.1 Bacteroides massiliensis B84634 = Timone 84634 = DSM 17679 = JCM 13223 strain=DSM 17679, Bact_mass_DSM_17679_V1",61edb0d0d8fa658bb8f1cd38bd81ed44,0.0560599182932365,225000,3,2599000,ERR480464.fastq.gz,ERR480464,91e65b0b,11202000,51,DNA,1000,11202,True,0.9279352529666981,0.9450695570644517,0.9365024050155749,0.9450695570644517,False,250,1810,11968,d__Bacteria;p__Bacteroidota;c__Bacteroidia;o__Bacteroidales;f__Bacteroidaceae;g__Phocaeicola;s__Phocaeicola massiliensis
165000,0.01472951258703803,0.06161314413741598,0.01472951258703803,0.016042780748663103,1.1636363636363636,1.0,0.9741564126224513,/tmp/nxf.XXXXj8Wkmc/sourmash_database/gtdb-rs214-reps.k51.zip,"GCA_025152405.1 [Ruminococcus] lactaris ATCC 29176 strain=ATCC 29176, ASM2515240v1",5ce8603892234499b54852ec8c952d29,0.06161314413741598,165000,4,2434000,ERR480464.fastq.gz,ERR480464,91e65b0b,11202000,51,DNA,1000,11202,True,0.9206236450785212,0.9468214873334339,0.9337225662059776,0.9468214873334339,False,192,2002,11968,d__Bacteria;p__Bacillota_A;c__Clostridia;o__Lachnospirales;f__Lachnospiraceae;g__Mediterraneibacter;s__Mediterraneibacter lactaris
144000,0.012854847348687734,0.038461538461538464,0.012587038028923407,0.012533422459893048,1.0638297872340425,1.0,0.29685744023342336,/tmp/nxf.XXXXj8Wkmc/sourmash_database/gtdb-rs214-reps.k51.zip,"GCF_900129655.1 Bacteroides clarus YIT 12056 strain=YIT 12056, IMG-taxon 2695420967 annotated assembly",eef5c104e47b66d2c40e62a552d9325e,0.03927986906710311,141000,5,2293000,ERR480464.fastq.gz,ERR480464,91e65b0b,11202000,51,DNA,1000,11202,True,0.9181695395321607,0.9385009282305198,0.9283352338813402,0.9385009282305198,False,150,2152,11968,d__Bacteria;p__Bacteroidota;c__Bacteroidia;o__Bacteroidales;f__Bacteroidaceae;g__Bacteroides;s__Bacteroides clarus
132000,0.011783610069630423,0.03175378602833415,0.011605070523120872,0.011447192513368985,1.0538461538461539,1.0,0.22571385770955707,/tmp/nxf.XXXXj8Wkmc/sourmash_database/gtdb-rs214-reps.k51.zip,"GCF_020554845.1 Blautia faecis strain=DFI.3.66, ASM2055484v1",966f2aea56b388fc36102b75054e49d4,0.03224230581338544,130000,6,2163000,ERR480464.fastq.gz,ERR480464,91e65b0b,11202000,51,DNA,1000,11202,True,0.9166043810363906,0.9348747988800094,0.9257395899581999,0.9348747988800094,False,137,2289,11968,d__Bacteria;p__Bacillota_A;c__Clostridia;o__Lachnospirales;f__Lachnospiraceae;g__Blautia_A;s__Blautia_A faecis
121000,0.010801642563827887,0.03139377537212449,0.010355293697554007,0.010277406417112299,1.0603448275862069,1.0,0.2719277637170259,/tmp/nxf.XXXXj8Wkmc/sourmash_database/gtdb-rs214-reps.k51.zip,"GCA_025145845.1 Alistipes shahii WAL 8301 strain=WAL 8301, ASM2514584v1",ce3fdcea4344bf5e1303cba1f2181070,0.03274695534506089,116000,7,2047000,ERR480464.fastq.gz,ERR480464,91e65b0b,11202000,51,DNA,1000,11202,True,0.9150418905893973,0.93515953096212,0.9251007107757587,0.93515953096212,False,123,2412,11968,d__Bacteria;p__Bacteroidota;c__Bacteroidia;o__Bacteroidales;f__Rikenellaceae;g__Alistipes;s__Alistipes shahii
114000,0.010176754151044456,0.0343213728549142,0.009819675058025352,0.010528074866310161,1.1454545454545455,1.0,0.37746435440048537,/tmp/nxf.XXXXj8Wkmc/sourmash_database/gtdb-rs214-reps.k51.zip,"GCA_000020605.1 [Eubacterium] rectale ATCC 33656 strain=ATCC 33656, ASM2060v1",bb4d1c2199066ffc1226ec8433ce5698,0.035569422776911074,110000,8,1937000,ERR480464.fastq.gz,ERR480464,91e65b0b,11202000,51,DNA,1000,11202,True,0.9139733137321505,0.9366767524259515,0.925325033079051,0.9366767524259515,False,126,2538,11968,d__Bacteria;p__Bacillota_A;c__Clostridia;o__Lachnospirales;f__Lachnospiraceae;g__Agathobacter;s__Agathobacter rectalis
118000,0.01053383324406356,0.043824701195219126,0.009819675058025352,0.009692513368983958,1.0545454545454545,1.0,0.22709083630539625,/tmp/nxf.XXXXj8Wkmc/sourmash_database/gtdb-rs214-reps.k51.zip,"GCF_000154465.1 Alistipes putredinis DSM 17216 strain=DSM 17216, ASM15446v1",2f08d0845365d89ec7bf59fbef01de57,0.04701195219123506,110000,9,1827000,ERR480464.fastq.gz,ERR480464,91e65b0b,11202000,51,DNA,1000,11202,True,0.914591551060405,0.9418134067503983,0.9282024789054016,0.9418134067503983,False,116,2654,11968,d__Bacteria;p__Bacteroidota;c__Bacteroidia;o__Bacteroidales;f__Rikenellaceae;g__Alistipes;s__Alistipes putredinis
108000,0.0096411355115158,0.02184769038701623,0.009373326191751474,0.009274732620320856,1.0571428571428572,1.0,0.2321153829895989,/tmp/nxf.XXXXj8Wkmc/sourmash_database/gtdb-rs214-reps.k51.zip,"GCF_000012845.1 Parabacteroides distasonis ATCC 8503 strain=ATCC 8503, ASM1284v1",85c74583c59734abc0e8f1a3e909b79d,0.02247191011235955,105000,10,1722000,ERR480464.fastq.gz,ERR480464,91e65b0b,11202000,51,DNA,1000,11202,True,0.9130048860328257,0.9282804742742876,0.9206426801535567,0.9282804742742876,False,111,2765,11968,d__Bacteria;p__Bacteroidota;c__Bacteroidia;o__Bacteroidales;f__Tannerellaceae;g__Parabacteroides;s__Parabacteroides distasonis
103000,0.00919478664524192,0.028768699654775604,0.008926977325477594,0.009358288770053475,1.12,1.0,0.35440090293338705,/tmp/nxf.XXXXj8Wkmc/sourmash_database/gtdb-rs214-reps.k51.zip,"GCF_000296465.1 Barnesiella intestinihominis YIT 11860 strain=YIT 11860, Barn_inte_YIT_11860_V1",d196529161357ff3df29b07d59ecfd62,0.029631760644418872,100000,11,1622000,ERR480464.fastq.gz,ERR480464,91e65b0b,11202000,51,DNA,1000,11202,True,0.9121566827144476,0.933328354611324,0.9227425186628858,0.933328354611324,False,112,2877,11968,d__Bacteria;p__Bacteroidota;c__Bacteroidia;o__Bacteroidales;f__Barnesiellaceae;g__Barnesiella;s__Barnesiella intestinihominis
97000,0.008659168005713265,0.027194066749072928,0.007855740046420282,0.00777072192513369,1.0568181818181819,1.0,0.23149487258481097,/tmp/nxf.XXXXj8Wkmc/sourmash_database/gtdb-rs214-reps.k51.zip,"GCA_025149785.1 Coprococcus comes ATCC 27758 strain=ATCC 27758, ASM2514978v1",3a055d916786f743b82f17b95fcc483f,0.029975278121137205,88000,12,1534000,ERR480464.fastq.gz,ERR480464,91e65b0b,11202000,51,DNA,1000,11202,True,0.9110838664753728,0.9335393142897286,0.9223115903825507,0.9335393142897286,False,93,2970,11968,d__Bacteria;p__Bacillota_A;c__Clostridia;o__Lachnospirales;f__Lachnospiraceae;g__Bariatricus;s__Bariatricus comes
92000,0.008212819139439385,0.029716655148583276,0.00767720049991073,0.007520053475935829,1.0465116279069768,1.0,0.26000790436044063,/tmp/nxf.XXXXj8Wkmc/sourmash_database/gtdb-rs214-reps.k51.zip,"GCA_900112995.1 Lactobacillus rogosae strain=ATCC 27753, IMG-taxon 2597490368 annotated assembly",ed1efb2cfdd72a79a58a29bdfe7eb6ab,0.03178991015894955,86000,13,1448000,ERR480464.fastq.gz,ERR480464,91e65b0b,11202000,51,DNA,1000,11202,True,0.910138930442555,0.9346158105303699,0.9223773704864624,0.9346158105303699,False,90,3060,11968,d__Bacteria;p__Bacillota_A;c__Clostridia;o__Lachnospirales;f__Lachnospiraceae;g__Lachnospira;s__Lachnospira rogosae
116000,0.010355293697554007,0.01390728476821192,0.007498660953401178,0.007603609625668449,1.0833333333333333,1.0,0.4930066485916346,/tmp/nxf.XXXXj8Wkmc/sourmash_database/gtdb-rs214-reps.k51.zip,"GCF_000172175.1 Bacteroides intestinalis DSM 17393 strain=DSM 17393, ASM17217v1",88d0574f8547abcdfff80042523ef059,0.019205298013245033,84000,14,1364000,ERR480464.fastq.gz,ERR480464,91e65b0b,11202000,51,DNA,1000,11202,True,0.914285045091752,0.9254257705378173,0.9198554078147847,0.9254257705378173,False,91,3151,11968,d__Bacteria;p__Bacteroidota;c__Bacteroidia;o__Bacteroidales;f__Bacteroidaceae;g__Bacteroides;s__Bacteroides intestinalis
83000,0.0074093911801464026,0.043319415448851775,0.0074093911801464026,0.007352941176470588,1.0602409638554218,1.0,0.28409219572413485,/tmp/nxf.XXXXj8Wkmc/sourmash_database/gtdb-rs214-reps.k51.zip,"GCA_900767875.1 uncultured Sutterella sp., SRS476034_4",f9db4ac177d93815b75a7d61d495baf6,0.043319415448851775,83000,15,1281000,ERR480464.fastq.gz,ERR480464,91e65b0b,11202000,51,DNA,1000,11202,True,0.908303588276501,0.940304005316314,0.9243037967964075,0.940304005316314,False,88,3239,11968,d__Bacteria;p__Pseudomonadota;c__Gammaproteobacteria;o__Burkholderiales;f__Burkholderiaceae_A;g__Duodenibacillus;s__Duodenibacillus sp900767875
108000,0.0096411355115158,0.01275306870715766,0.007141581860382075,0.006935160427807487,1.0375,1.0,0.18998355191963334,/tmp/nxf.XXXXj8Wkmc/sourmash_database/gtdb-rs214-reps.k51.zip,"GCF_000011065.1 Bacteroides thetaiotaomicron VPI-5482 strain=VPI-5482, ASM1106v1",36e5cf9f0e4c0a0411f3300c5364f87f,0.01721664275466284,80000,16,1201000,ERR480464.fastq.gz,ERR480464,91e65b0b,11202000,51,DNA,1000,11202,True,0.9130048860328257,0.9234444049003689,0.9182246454665973,0.9234444049003689,False,83,3322,11968,d__Bacteria;p__Bacteroidota;c__Bacteroidia;o__Bacteroidales;f__Bacteroidaceae;g__Bacteroides;s__Bacteroides thetaiotaomicron
82000,0.007320121406891627,0.030710172744721688,0.007141581860382075,0.007436497326203209,1.1125,1.0,0.35333235062756424,/tmp/nxf.XXXXj8Wkmc/sourmash_database/gtdb-rs214-reps.k51.zip,"GCF_000153925.1 [Ruminococcus] torques ATCC 27756 strain=ATCC 27756, ASM15392v1",4abf9d69f1e69e10e84c4f7510c75164,0.03147792706333973,80000,17,1121000,ERR480464.fastq.gz,ERR480464,91e65b0b,11202000,51,DNA,1000,11202,True,0.908087734021778,0.93443509205815,0.921261413039964,0.93443509205815,False,89,3411,11968,d__Bacteria;p__Bacillota_A;c__Clostridia;o__Lachnospirales;f__Lachnospiraceae;g__Mediterraneibacter;s__Mediterraneibacter torques
82000,0.007320121406891627,0.02474162229877858,0.007052312087127299,0.007185828877005348,1.0886075949367089,1.0,0.3958606524332124,/tmp/nxf.XXXXj8Wkmc/sourmash_database/gtdb-rs214-reps.k51.zip,"GCF_900167555.1 Gemmiger formicilis strain=ATCC 27749, IMG-taxon 2590828806 annotated assembly",316f66857e7940a11e48de3faf3d397d,0.025681177575947386,79000,18,1042000,ERR480464.fastq.gz,ERR480464,91e65b0b,11202000,51,DNA,1000,11202,True,0.908087734021778,0.9307134264820499,0.919400580251914,0.9307134264820499,False,86,3497,11968,d__Bacteria;p__Bacillota_A;c__Clostridia;o__Oscillospirales;f__Ruminococcaceae;g__Gemmiger;s__Gemmiger formicilis
102000,0.009105516871987145,0.01698464402047464,0.0065166934475986435,0.006183155080213904,1.0136986301369864,1.0,0.11623673115395301,/tmp/nxf.XXXXj8Wkmc/sourmash_database/gtdb-rs214-reps.k51.zip,"GCA_025151215.1 Parabacteroides merdae ATCC 43184 strain=ATCC 43184, ASM2515121v1",04366d02afc93cbeed4bfc2d3a9aa9a9,0.023731968357375524,73000,19,969000,ERR480464.fastq.gz,ERR480464,91e65b0b,11202000,51,DNA,1000,11202,True,0.9119822060667091,0.9292740277297464,0.9206281168982278,0.9292740277297464,False,74,3571,11968,d__Bacteria;p__Bacteroidota;c__Bacteroidia;o__Bacteroidales;f__Tannerellaceae;g__Parabacteroides;s__Parabacteroides merdae
79000,0.007052312087127299,0.023404255319148935,0.0058918050348152114,0.005765374331550802,1.0454545454545454,1.0,0.20829889522526548,/tmp/nxf.XXXXj8Wkmc/sourmash_database/gtdb-rs214-reps.k51.zip,"GCF_024168045.1 Dorea longicatena strain=NB2A-3-NA, ASM2416804v1",5fba9226860b39ee4f11395602a350d1,0.02801418439716312,66000,20,903000,ERR480464.fastq.gz,ERR480464,91e65b0b,11202000,51,DNA,1000,11202,True,0.907424335354276,0.932301603195222,0.9198629692747491,0.932301603195222,False,69,3640,11968,d__Bacteria;p__Bacillota_A;c__Clostridia;o__Lachnospirales;f__Lachnospiraceae;g__Dorea_A;s__Dorea_A longicatena_B
64000,0.005713265488305659,0.028082492321193506,0.005713265488305659,0.005681818181818182,1.0625,1.0,0.24206145913796356,/tmp/nxf.XXXXj8Wkmc/sourmash_database/gtdb-rs214-reps.k51.zip,"GCF_003269275.1 Phascolarctobacterium faecium DSM 14760 strain=DSM 14760, ASM326927v1",7c43b2da8075c4100917842aa30c8367,0.028082492321193506,64000,21,839000,ERR480464.fastq.gz,ERR480464,91e65b0b,11202000,51,DNA,1000,11202,True,0.903685556976034,0.9323461237725807,0.9180158403743074,0.9323461237725807,False,68,3708,11968,d__Bacteria;p__Bacillota_C;c__Negativicutes;o__Acidaminococcales;f__Acidaminococcaceae;g__Phascolarctobacterium;s__Phascolarctobacterium faecium
216000,0.0192822710230316,0.024171539961013646,0.005534725941796108,0.006016042780748663,1.1612903225806452,1.0,0.4469808535661619,/tmp/nxf.XXXXj8Wkmc/sourmash_database/gtdb-rs214-reps.k51.zip,"GCA_019414665.1 Bacteroides sp., ASM1941466v1",020e6e4bea30c62d0c7beb17e6beaf5f,0.08421052631578947,62000,22,777000,ERR480464.fastq.gz,ERR480464,91e65b0b,11202000,51,DNA,1000,11202,True,0.9254983538874239,0.952639867545136,0.9390691107162799,0.952639867545136,False,72,3780,11968,d__Bacteria;p__Bacteroidota;c__Bacteroidia;o__Bacteroidales;f__Bacteroidaceae;g__Phocaeicola;s__Phocaeicola sp019414665
69000,0.006159614354579539,0.018719806763285024,0.005534725941796108,0.005431149732620321,1.0483870967741935,1.0,0.2798282511757657,/tmp/nxf.XXXXj8Wkmc/sourmash_database/gtdb-rs214-reps.k51.zip,"GCF_001406815.1 Roseburia faecis strain=M72, M72",a0f3a6070b93943510064cfd96143d45,0.020833333333333332,62000,23,715000,ERR480464.fastq.gz,ERR480464,91e65b0b,11202000,51,DNA,1000,11202,True,0.9050194486806288,0.9269034220522349,0.9159614353664318,0.9269034220522349,False,65,3845,11968,d__Bacteria;p__Bacillota_A;c__Clostridia;o__Lachnospirales;f__Lachnospiraceae;g__Agathobacter;s__Agathobacter faecis
68000,0.006070344581324764,0.01886168100595632,0.005088377075522228,0.004846256684491979,1.0175438596491229,1.0,0.13128622409733126,/tmp/nxf.XXXXj8Wkmc/sourmash_database/gtdb-rs214-reps.k51.zip,"GCF_010509575.1 Faecalibacterium prausnitzii A2-165 strain=JCM 31915, ASM1050957v1",5136f6c0a3924e615495681fbaf7095d,0.022501654533421574,57000,24,658000,ERR480464.fastq.gz,ERR480464,91e65b0b,11202000,51,DNA,1000,11202,True,0.9047604230613779,0.9283045507513031,0.9165324869063405,0.9283045507513031,False,58,3903,11968,d__Bacteria;p__Bacillota_A;c__Clostridia;o__Oscillospirales;f__Ruminococcaceae;g__Faecalibacterium;s__Faecalibacterium duncaniae
53000,0.004731297982503125,0.017666666666666667,0.004731297982503125,0.004512032085561497,1.0188679245283019,1.0,0.1360585386967543,/tmp/nxf.XXXXj8Wkmc/sourmash_database/gtdb-rs214-reps.k51.zip,"GCF_018847375.1 Akkermansia muciniphila strain=Akk1573, ASM1884737v1",a0187232545fc87ef446a1156ce94909,0.017666666666666667,53000,25,605000,ERR480464.fastq.gz,ERR480464,91e65b0b,11202000,51,DNA,1000,11202,True,0.9003500197985219,0.9239117335950733,0.9121308766967976,0.9239117335950733,False,54,3957,11968,d__Bacteria;p__Verrucomicrobiota;c__Verrucomicrobiae;o__Verrucomicrobiales;f__Akkermansiaceae;g__Akkermansia;s__Akkermansia muciniphila_B
61000,0.0054454561685413315,0.012081784386617101,0.004642028209248348,0.0053475935828877,1.2307692307692308,1.0,1.011765110612762,/tmp/nxf.XXXXj8Wkmc/sourmash_database/gtdb-rs214-reps.k51.zip,"GCF_000190535.1 Odoribacter splanchnicus DSM 20712 strain=DSM 220712, ASM19053v1",903d4323f292a4facda7c7138f35e12d,0.014172862453531599,52000,26,553000,ERR480464.fastq.gz,ERR480464,91e65b0b,11202000,51,DNA,1000,11202,True,0.9028352663116683,0.9199284920490691,0.9113818791803687,0.9199284920490691,False,64,4021,11968,d__Bacteria;p__Bacteroidota;c__Bacteroidia;o__Bacteroidales;f__Marinifilaceae;g__Odoribacter;s__Odoribacter splanchnicus
