intersect_bp,f_orig_query,f_match,f_unique_to_query,f_unique_weighted,average_abund,median_abund,std_abund,filename,name,md5,f_match_orig,unique_intersect_bp,gather_result_rank,remaining_bp,query_filename,query_name,query_md5,query_bp,ksize,moltype,scaled,query_n_hashes,query_abundance,query_containment_ani,match_containment_ani,average_containment_ani,max_containment_ani,potential_false_negative,n_unique_weighted_found,sum_weighted_found,total_weighted_hashes,lineage
662000,0.06537625913490026,0.13031496062992126,0.06537625913490026,0.07336301242812095,1.1948640483383686,1.0,0.631335009249331,/tmp/nxf.XXXX1C6G8R/sourmash_database/gtdb-rs214-reps.k51.zip,"GCF_000012825.1 Bacteroides vulgatus ATCC 8482 strain=ATCC 8482, ASM1282v1",63b92dc09e7b5ffbd878d8e5fce5cfec,0.13031496062992126,662000,0,2862000,ERR480465.fastq.gz,ERR480465,fb5fe669,10126000,51,DNA,1000,10126,True,0.9479227414548366,0.9608308673148522,0.9543768043848444,0.9608308673148522,False,791,791,10782,d__Bacteria;p__Bacteroidota;c__Bacteroidia;o__Bacteroidales;f__Bacteroidaceae;g__Phocaeicola;s__Phocaeicola vulgatus
326000,0.03219435117519257,0.07092972501091227,0.03209559549674106,0.03311074012242626,1.0984615384615384,1.0,0.4466946324666956,/tmp/nxf.XXXX1C6G8R/sourmash_database/gtdb-rs214-reps.k51.zip,"GCA_025147485.1 Bacteroides uniformis strain=ATCC 8492, ASM2514748v1",177d80c9d0f18e5195e47e20bdf54706,0.07114797031863815,325000,1,2537000,ERR480465.fastq.gz,ERR480465,fb5fe669,10126000,51,DNA,1000,10126,True,0.9348475150941057,0.9494965316052065,0.9421720233496561,0.9494965316052065,False,357,1148,10782,d__Bacteria;p__Bacteroidota;c__Bacteroidia;o__Bacteroidales;f__Bacteroidaceae;g__Bacteroides;s__Bacteroides uniformis
224000,0.022121271973138457,0.04584657285519746,0.019948647047205215,0.02012613615284734,1.0742574257425743,1.0,0.3438723759764803,/tmp/nxf.XXXX1C6G8R/sourmash_database/gtdb-rs214-reps.k51.zip,"GCF_000382445.1 Bacteroides massiliensis B84634 = Timone 84634 = DSM 17679 = JCM 13223 strain=DSM 17679, Bact_mass_DSM_17679_V1",61edb0d0d8fa658bb8f1cd38bd81ed44,0.05083976395823876,202000,2,2335000,ERR480465.fastq.gz,ERR480465,fb5fe669,10126000,51,DNA,1000,10126,True,0.9279942728987518,0.9432600512426266,0.9356271620706892,0.9432600512426266,False,217,1365,10782,d__Bacteria;p__Bacteroidota;c__Bacteroidia;o__Bacteroidales;f__Bacteroidaceae;g__Phocaeicola;s__Phocaeicola massiliensis
199000,0.01965238001185068,0.04212373848179026,0.018961090262690106,0.018363939899833055,1.03125,1.0,0.17399263633843817,/tmp/nxf.XXXX1C6G8R/sourmash_database/gtdb-rs214-reps.k51.zip,"GCF_002222615.2 Bacteroides caccae strain=ATCC 43185, ASM222261v2",d7e7663bc3ede65000c2f57952616ae4,0.04365949978060553,192000,3,2143000,ERR480465.fastq.gz,ERR480465,fb5fe669,10126000,51,DNA,1000,10126,True,0.9258434363205855,0.9404481956847939,0.9331458160026898,0.9404481956847939,False,198,1563,10782,d__Bacteria;p__Bacteroidota;c__Bacteroidia;o__Bacteroidales;f__Bacteroidaceae;g__Bacteroides;s__Bacteroides caccae
144000,0.01422081769701758,0.0537714712471994,0.01422081769701758,0.014839547393804489,1.1111111111111112,1.0,0.4267303193260337,/tmp/nxf.XXXX1C6G8R/sourmash_database/gtdb-rs214-reps.k51.zip,"GCA_025152405.1 [Ruminococcus] lactaris ATCC 29176 strain=ATCC 29176, ASM2515240v1",5ce8603892234499b54852ec8c952d29,0.0537714712471994,144000,4,1999000,ERR480465.fastq.gz,ERR480465,fb5fe669,10126000,51,DNA,1000,10126,True,0.9199894237216305,0.9442975462247084,0.9321434849731695,0.9442975462247084,False,160,1723,10782,d__Bacteria;p__Bacillota_A;c__Clostridia;o__Lachnospirales;f__Lachnospiraceae;g__Mediterraneibacter;s__Mediterraneibacter lactaris
124000,0.01224570412798736,0.033278777959629025,0.012048192771084338,0.011964385086254869,1.0573770491803278,1.0,0.2325616550673952,/tmp/nxf.XXXX1C6G8R/sourmash_database/gtdb-rs214-reps.k51.zip,"GCF_900129655.1 Bacteroides clarus YIT 12056 strain=YIT 12056, IMG-taxon 2695420967 annotated assembly",eef5c104e47b66d2c40e62a552d9325e,0.03382433169667212,122000,5,1877000,ERR480465.fastq.gz,ERR480465,fb5fe669,10126000,51,DNA,1000,10126,True,0.9172959700557716,0.935753278420233,0.9265246242380023,0.935753278420233,False,129,1852,10782,d__Bacteria;p__Bacteroidota;c__Bacteroidia;o__Bacteroidales;f__Bacteroidaceae;g__Bacteroides;s__Bacteroides clarus
116000,0.011455658700375272,0.028089887640449437,0.011356903021923761,0.012057132257466147,1.1304347826086956,1.0,0.4476360930863913,/tmp/nxf.XXXX1C6G8R/sourmash_database/gtdb-rs214-reps.k51.zip,"GCF_020554845.1 Blautia faecis strain=DFI.3.66, ASM2055484v1",966f2aea56b388fc36102b75054e49d4,0.028334147532975085,115000,6,1762000,ERR480465.fastq.gz,ERR480465,fb5fe669,10126000,51,DNA,1000,10126,True,0.9160972299079451,0.9325092322630054,0.9243032310854753,0.9325092322630054,False,130,1982,10782,d__Bacteria;p__Bacillota_A;c__Clostridia;o__Lachnospirales;f__Lachnospiraceae;g__Blautia_A;s__Blautia_A faecis
114000,0.01125814734347225,0.030040595399188092,0.010961880308117717,0.011222407716564645,1.09009009009009,1.0,0.2863107852625351,/tmp/nxf.XXXX1C6G8R/sourmash_database/gtdb-rs214-reps.k51.zip,"GCA_025145845.1 Alistipes shahii WAL 8301 strain=WAL 8301, ASM2514584v1",ce3fdcea4344bf5e1303cba1f2181070,0.030852503382949932,111000,7,1651000,ERR480465.fastq.gz,ERR480465,fb5fe669,10126000,51,DNA,1000,10126,True,0.9157848806722888,0.9340674609236913,0.9249261707979901,0.9340674609236913,False,121,2103,10782,d__Bacteria;p__Bacteroidota;c__Bacteroidia;o__Bacteroidales;f__Rikenellaceae;g__Alistipes;s__Alistipes shahii
109000,0.010764368951214695,0.02184769038701623,0.010369346237408652,0.010202188833240587,1.0476190476190477,1.0,0.21295885499998,/tmp/nxf.XXXX1C6G8R/sourmash_database/gtdb-rs214-reps.k51.zip,"GCF_000012845.1 Parabacteroides distasonis ATCC 8503 strain=ATCC 8503, ASM1284v1",85c74583c59734abc0e8f1a3e909b79d,0.02267998335414066,105000,8,1546000,ERR480465.fastq.gz,ERR480465,fb5fe669,10126000,51,DNA,1000,10126,True,0.9149798725310653,0.9284482470997948,0.9217140598154301,0.9284482470997948,False,110,2213,10782,d__Bacteria;p__Bacteroidota;c__Bacteroidia;o__Bacteroidales;f__Tannerellaceae;g__Parabacteroides;s__Parabacteroides distasonis
112000,0.011060635986569228,0.016556291390728478,0.009875567845151097,0.010387683175663142,1.12,1.0,0.9086253353280435,/tmp/nxf.XXXX1C6G8R/sourmash_database/gtdb-rs214-reps.k51.zip,"GCF_000172175.1 Bacteroides intestinalis DSM 17393 strain=DSM 17393, ASM17217v1",88d0574f8547abcdfff80042523ef059,0.018543046357615896,100000,9,1446000,ERR480465.fastq.gz,ERR480465,fb5fe669,10126000,51,DNA,1000,10126,True,0.9154671121868896,0.9247892363812891,0.9201281742840893,0.9247892363812891,False,112,2325,10782,d__Bacteria;p__Bacteroidota;c__Bacteroidia;o__Bacteroidales;f__Bacteroidaceae;g__Bacteroides;s__Bacteroides intestinalis
97000,0.009579300809796564,0.036468330134357005,0.009381789452893542,0.009181969949916527,1.0421052631578946,1.0,0.20082930556146225,/tmp/nxf.XXXX1C6G8R/sourmash_database/gtdb-rs214-reps.k51.zip,"GCF_000153925.1 [Ruminococcus] torques ATCC 27756 strain=ATCC 27756, ASM15392v1",4abf9d69f1e69e10e84c4f7510c75164,0.03723608445297505,95000,10,1351000,ERR480465.fastq.gz,ERR480465,fb5fe669,10126000,51,DNA,1000,10126,True,0.9128897063039565,0.9375181546304125,0.9252039304671845,0.9375181546304125,False,99,2424,10782,d__Bacteria;p__Bacillota_A;c__Clostridia;o__Lachnospirales;f__Lachnospiraceae;g__Mediterraneibacter;s__Mediterraneibacter torques
97000,0.009579300809796564,0.028705148205928236,0.009085522417539009,0.009274717121127806,1.0869565217391304,1.0,0.35053294557819775,/tmp/nxf.XXXX1C6G8R/sourmash_database/gtdb-rs214-reps.k51.zip,"GCA_000020605.1 [Eubacterium] rectale ATCC 33656 strain=ATCC 33656, ASM2060v1",bb4d1c2199066ffc1226ec8433ce5698,0.030265210608424336,92000,11,1259000,ERR480465.fastq.gz,ERR480465,fb5fe669,10126000,51,DNA,1000,10126,True,0.9128897063039565,0.9337155302194377,0.923302618261697,0.9337155302194377,False,100,2524,10782,d__Bacteria;p__Bacillota_A;c__Clostridia;o__Lachnospirales;f__Lachnospiraceae;g__Agathobacter;s__Agathobacter rectalis
96000,0.009480545131345053,0.036254980079681275,0.008986766739087498,0.008810981265071415,1.043956043956044,1.0,0.25298603149937005,/tmp/nxf.XXXX1C6G8R/sourmash_database/gtdb-rs214-reps.k51.zip,"GCF_000154465.1 Alistipes putredinis DSM 17216 strain=DSM 17216, ASM15446v1",2f08d0845365d89ec7bf59fbef01de57,0.03824701195219123,91000,12,1168000,ERR480465.fastq.gz,ERR480465,fb5fe669,10126000,51,DNA,1000,10126,True,0.912704233351555,0.9380107040777513,0.9253574687146532,0.9380107040777513,False,95,2619,10782,d__Bacteria;p__Bacteroidota;c__Bacteroidia;o__Bacteroidales;f__Rikenellaceae;g__Alistipes;s__Alistipes putredinis
99000,0.009776812166699586,0.031098825155494125,0.008888011060635987,0.008532739751437582,1.0222222222222221,1.0,0.14740554623801777,/tmp/nxf.XXXX1C6G8R/sourmash_database/gtdb-rs214-reps.k51.zip,"GCA_900112995.1 Lactobacillus rogosae strain=ATCC 27753, IMG-taxon 2597490368 annotated assembly",ed1efb2cfdd72a79a58a29bdfe7eb6ab,0.03420870767104354,90000,13,1078000,ERR480465.fastq.gz,ERR480465,fb5fe669,10126000,51,DNA,1000,10126,True,0.9132550940913478,0.9359606313956359,0.9246078627434918,0.9359606313956359,False,92,2711,10782,d__Bacteria;p__Bacillota_A;c__Clostridia;o__Lachnospirales;f__Lachnospiraceae;g__Lachnospira;s__Lachnospira rogosae
92000,0.009085522417539009,0.023485784919653894,0.0075054315623148335,0.007419773696902244,1.0526315789473684,1.0,0.22329687826943606,/tmp/nxf.XXXX1C6G8R/sourmash_database/gtdb-rs214-reps.k51.zip,"GCA_025149785.1 Coprococcus comes ATCC 27758 strain=ATCC 27758, ASM2514978v1",3a055d916786f743b82f17b95fcc483f,0.02843016069221261,76000,14,1002000,ERR480465.fastq.gz,ERR480465,fb5fe669,10126000,51,DNA,1000,10126,True,0.911942897333656,0.9325710884560993,0.9222569928948776,0.9325710884560993,False,80,2791,10782,d__Bacteria;p__Bacillota_A;c__Clostridia;o__Lachnospirales;f__Lachnospiraceae;g__Bariatricus;s__Bariatricus comes
82000,0.0080979656330239,0.023175696836830566,0.0073079202054118116,0.00714153218326841,1.0405405405405406,1.0,0.19722323674765438,/tmp/nxf.XXXX1C6G8R/sourmash_database/gtdb-rs214-reps.k51.zip,"GCF_900167555.1 Gemmiger formicilis strain=ATCC 27749, IMG-taxon 2590828806 annotated assembly",316f66857e7940a11e48de3faf3d397d,0.025681177575947386,74000,15,928000,ERR480465.fastq.gz,ERR480465,fb5fe669,10126000,51,DNA,1000,10126,True,0.9098876352803623,0.9307134264820499,0.9203005308812061,0.9307134264820499,False,77,2868,10782,d__Bacteria;p__Bacillota_A;c__Clostridia;o__Oscillospirales;f__Ruminococcaceae;g__Gemmiger;s__Gemmiger formicilis
73000,0.007209164526960301,0.038100208768267224,0.007209164526960301,0.00714153218326841,1.0547945205479452,1.0,0.28140600800238547,/tmp/nxf.XXXX1C6G8R/sourmash_database/gtdb-rs214-reps.k51.zip,"GCA_900767875.1 uncultured Sutterella sp., SRS476034_4",f9db4ac177d93815b75a7d61d495baf6,0.038100208768267224,73000,16,855000,ERR480465.fastq.gz,ERR480465,fb5fe669,10126000,51,DNA,1000,10126,True,0.9078158141128322,0.937939975647734,0.9228778948802832,0.937939975647734,False,77,2945,10782,d__Bacteria;p__Pseudomonadota;c__Gammaproteobacteria;o__Burkholderiales;f__Burkholderiaceae_A;g__Duodenibacillus;s__Duodenibacillus sp900767875
82000,0.0080979656330239,0.021437198067632852,0.007011653170057279,0.006770543498423298,1.028169014084507,1.0,0.2356788807138241,/tmp/nxf.XXXX1C6G8R/sourmash_database/gtdb-rs214-reps.k51.zip,"GCF_001406815.1 Roseburia faecis strain=M72, M72",a0f3a6070b93943510064cfd96143d45,0.024758454106280192,71000,17,784000,ERR480465.fastq.gz,ERR480465,fb5fe669,10126000,51,DNA,1000,10126,True,0.9098876352803623,0.93004590057763,0.9199667679289962,0.93004590057763,False,73,3018,10782,d__Bacteria;p__Bacillota_A;c__Clostridia;o__Lachnospirales;f__Lachnospiraceae;g__Agathobacter;s__Agathobacter faecis
84000,0.008295476989926921,0.016286644951140065,0.006912897491605768,0.006770543498423298,1.042857142857143,1.0,0.2025349554108261,/tmp/nxf.XXXX1C6G8R/sourmash_database/gtdb-rs214-reps.k51.zip,"GCA_025151215.1 Parabacteroides merdae ATCC 43184 strain=ATCC 43184, ASM2515121v1",04366d02afc93cbeed4bfc2d3a9aa9a9,0.019543973941368076,70000,18,714000,ERR480465.fastq.gz,ERR480465,fb5fe669,10126000,51,DNA,1000,10126,True,0.9103176596937355,0.9257430249583641,0.9180303423260499,0.9257430249583641,False,73,3091,10782,d__Bacteria;p__Bacteroidota;c__Bacteroidia;o__Bacteroidales;f__Tannerellaceae;g__Parabacteroides;s__Parabacteroides merdae
92000,0.009085522417539009,0.010999521759923482,0.006814141813154257,0.006770543498423298,1.0579710144927537,1.0,0.23368863038546522,/tmp/nxf.XXXX1C6G8R/sourmash_database/gtdb-rs214-reps.k51.zip,"GCF_000011065.1 Bacteroides thetaiotaomicron VPI-5482 strain=VPI-5482, ASM1106v1",36e5cf9f0e4c0a0411f3300c5364f87f,0.014666029013231309,69000,19,645000,ERR480465.fastq.gz,ERR480465,fb5fe669,10126000,51,DNA,1000,10126,True,0.911942897333656,0.92054567928015,0.916244288306903,0.92054567928015,False,73,3164,10782,d__Bacteria;p__Bacteroidota;c__Bacteroidia;o__Bacteroidales;f__Bacteroidaceae;g__Bacteroides;s__Bacteroides thetaiotaomicron
71000,0.007011653170057279,0.017836593785960874,0.00612285206399368,0.006028566128733074,1.0483870967741935,1.0,0.21458281767177534,/tmp/nxf.XXXX1C6G8R/sourmash_database/gtdb-rs214-reps.k51.zip,"GCF_000296465.1 Barnesiella intestinihominis YIT 11860 strain=YIT 11860, Barn_inte_YIT_11860_V1",d196529161357ff3df29b07d59ecfd62,0.020425776754890677,62000,20,583000,ERR480465.fastq.gz,ERR480465,fb5fe669,10126000,51,DNA,1000,10126,True,0.907321463905664,0.9265444237742517,0.9169329438399578,0.9265444237742517,False,65,3229,10782,d__Bacteria;p__Bacteroidota;c__Bacteroidia;o__Bacteroidales;f__Barnesiellaceae;g__Barnesiella;s__Barnesiella intestinihominis
203000,0.020047402725656725,0.021052631578947368,0.005332806636381592,0.006028566128733074,1.2037037037037037,1.0,0.5570966280181971,/tmp/nxf.XXXX1C6G8R/sourmash_database/gtdb-rs214-reps.k51.zip,"GCA_019414665.1 Bacteroides sp., ASM1941466v1",020e6e4bea30c62d0c7beb17e6beaf5f,0.07914230019493178,54000,21,529000,ERR480465.fastq.gz,ERR480465,fb5fe669,10126000,51,DNA,1000,10126,True,0.9262047882524738,0.951481108733018,0.9388429484927459,0.951481108733018,False,65,3294,10782,d__Bacteria;p__Bacteroidota;c__Bacteroidia;o__Bacteroidales;f__Bacteroidaceae;g__Phocaeicola;s__Phocaeicola sp019414665
53000,0.005234050957930081,0.023255813953488372,0.005234050957930081,0.005008347245409015,1.0188679245283019,1.0,0.13605853869675427,/tmp/nxf.XXXX1C6G8R/sourmash_database/gtdb-rs214-reps.k51.zip,"GCF_003269275.1 Phascolarctobacterium faecium DSM 14760 strain=DSM 14760, ASM326927v1",7c43b2da8075c4100917842aa30c8367,0.023255813953488372,53000,22,476000,ERR480465.fastq.gz,ERR480465,fb5fe669,10126000,51,DNA,1000,10126,True,0.902134584299382,0.9289047993714703,0.9155196918354261,0.9289047993714703,False,54,3348,10782,d__Bacteria;p__Bacillota_C;c__Negativicutes;o__Acidaminococcales;f__Acidaminococcaceae;g__Phascolarctobacterium;s__Phascolarctobacterium faecium
64000,0.006320363420896702,0.017207147584381206,0.00513529527947857,0.004915600074197737,1.0192307692307692,1.0,0.13733516208736252,/tmp/nxf.XXXX1C6G8R/sourmash_database/gtdb-rs214-reps.k51.zip,"GCF_010509575.1 Faecalibacterium prausnitzii A2-165 strain=JCM 31915, ASM1050957v1",5136f6c0a3924e615495681fbaf7095d,0.021178027796161483,52000,23,424000,ERR480465.fastq.gz,ERR480465,fb5fe669,10126000,51,DNA,1000,10126,True,0.9054767327737313,0.9272017139637514,0.9163392233687413,0.9272017139637514,False,53,3401,10782,d__Bacteria;p__Bacillota_A;c__Clostridia;o__Oscillospirales;f__Ruminococcaceae;g__Faecalibacterium;s__Faecalibacterium duncaniae
61000,0.006024096385542169,0.01773049645390071,0.004937783922575548,0.004822852902986459,1.04,1.0,0.19595917942265428,/tmp/nxf.XXXX1C6G8R/sourmash_database/gtdb-rs214-reps.k51.zip,"GCF_024168045.1 Dorea longicatena strain=NB2A-3-NA, ASM2416804v1",5fba9226860b39ee4f11395602a350d1,0.021631205673758865,50000,24,374000,ERR480465.fastq.gz,ERR480465,fb5fe669,10126000,51,DNA,1000,10126,True,0.9046247567664416,0.9275867236632264,0.916105740214834,0.9275867236632264,False,52,3453,10782,d__Bacteria;p__Bacillota_A;c__Clostridia;o__Lachnospirales;f__Lachnospiraceae;g__Dorea_A;s__Dorea_A longicatena_B
