intersect_bp,f_orig_query,f_match,f_unique_to_query,f_unique_weighted,average_abund,median_abund,std_abund,filename,name,md5,f_match_orig,unique_intersect_bp,gather_result_rank,remaining_bp,query_filename,query_name,query_md5,query_bp,ksize,moltype,scaled,query_n_hashes,query_abundance,query_containment_ani,match_containment_ani,average_containment_ani,max_containment_ani,potential_false_negative,n_unique_weighted_found,sum_weighted_found,total_weighted_hashes,lineage
237000,0.0321007720438846,0.04076367389060888,0.0321007720438846,0.029344073647871116,1.0759493670886076,1.0,0.2950571094860268,/tmp/nxf.XXXXvqFvpW/sourmash_database/gtdb-rs214-reps.k51.zip,"GCF_000210075.1 Bacteroides xylanisolvens XB1A strain=XB1A, ASM21007v1",6bf3ff1d807c2ab1988e6b3c386a7cec,0.04076367389060888,237000,0,2888000,ERR480888.fastq.gz,ERR480888,9a6152af,7383000,51,DNA,1000,7383,True,0.9347941583296061,0.9391835067862159,0.936988832557911,0.9391835067862159,False,255,255,8690,d__Bacteria;p__Bacteroidota;c__Bacteroidia;o__Bacteroidales;f__Bacteroidaceae;g__Bacteroides;s__Bacteroides xylanisolvens
234000,0.03169443315725315,0.063557010365521,0.03155898686170933,0.03084004602991945,1.150214592274678,1.0,0.4802649897586997,/tmp/nxf.XXXXvqFvpW/sourmash_database/gtdb-rs214-reps.k51.zip,"GCF_900129655.1 Bacteroides clarus YIT 12056 strain=YIT 12056, IMG-taxon 2695420967 annotated assembly",eef5c104e47b66d2c40e62a552d9325e,0.06382978723404255,233000,1,2655000,ERR480888.fastq.gz,ERR480888,9a6152af,7383000,51,DNA,1000,7383,True,0.9345606900994347,0.9474778943445911,0.9410192922220129,0.9474778943445911,False,268,523,8690,d__Bacteria;p__Bacteroidota;c__Bacteroidia;o__Bacteroidales;f__Bacteroidaceae;g__Bacteroides;s__Bacteroides clarus
213000,0.028850060950832996,0.03204208512673362,0.027224705404307194,0.024626006904487917,1.064676616915423,1.0,0.3005732829252381,/tmp/nxf.XXXXvqFvpW/sourmash_database/gtdb-rs214-reps.k51.zip,"GCF_000011065.1 Bacteroides thetaiotaomicron VPI-5482 strain=VPI-5482, ASM1106v1",36e5cf9f0e4c0a0411f3300c5364f87f,0.03395504543280727,201000,2,2454000,ERR480888.fastq.gz,ERR480888,9a6152af,7383000,51,DNA,1000,7383,True,0.9328392234062891,0.935824050472973,0.9343316369396311,0.935824050472973,False,214,737,8690,d__Bacteria;p__Bacteroidota;c__Bacteroidia;o__Bacteroidales;f__Bacteroidaceae;g__Bacteroides;s__Bacteroides thetaiotaomicron
200000,0.027089259108763374,0.04119850187265917,0.026818366517675742,0.024050632911392405,1.0555555555555556,1.0,0.25014025246545035,/tmp/nxf.XXXXvqFvpW/sourmash_database/gtdb-rs214-reps.k51.zip,"GCF_000012845.1 Parabacteroides distasonis ATCC 8503 strain=ATCC 8503, ASM1284v1",85c74583c59734abc0e8f1a3e909b79d,0.04161464835622139,198000,3,2256000,ERR480888.fastq.gz,ERR480888,9a6152af,7383000,51,DNA,1000,7383,True,0.9316880644203818,0.9395640616564176,0.9356260630383997,0.9395640616564176,False,209,946,8690,d__Bacteria;p__Bacteroidota;c__Bacteroidia;o__Bacteroidales;f__Tannerellaceae;g__Parabacteroides;s__Parabacteroides distasonis
188000,0.025463903562237572,0.09051516610495908,0.025463903562237572,0.024050632911392405,1.1117021276595744,1.0,0.3314559702407531,/tmp/nxf.XXXXvqFvpW/sourmash_database/gtdb-rs214-reps.k51.zip,"GCF_004843545.1 Streptococcus pasteurianus strain=WUSP067, ASM484354v1",6736e580373f561321cc539b496daf3e,0.09051516610495908,188000,4,2068000,ERR480888.fastq.gz,ERR480888,9a6152af,7383000,51,DNA,1000,7383,True,0.9305583856283701,0.9539894148335074,0.9422739002309388,0.9539894148335074,False,209,1155,8690,d__Bacteria;p__Bacillota;c__Bacilli;o__Lactobacillales;f__Streptococcaceae;g__Streptococcus;s__Streptococcus pasteurianus
170000,0.02302587024244887,0.05872133425990271,0.02289042394690505,0.021749136939010358,1.1183431952662721,1.0,0.40436330327266007,/tmp/nxf.XXXXvqFvpW/sourmash_database/gtdb-rs214-reps.k51.zip,"GCF_020687245.1 Faecalibacterium longum CLA-AA-H243 strain=CLA-AA-H243, ASM2068724v1",e1ff3e2f54ab82a776eb959bb6aa8673,0.05906879777623349,169000,5,1899000,ERR480888.fastq.gz,ERR480888,9a6152af,7383000,51,DNA,1000,7383,True,0.9287238301686604,0.9460388750187383,0.9373813525936994,0.9460388750187383,False,189,1344,8690,d__Bacteria;p__Bacillota_A;c__Clostridia;o__Oscillospirales;f__Ruminococcaceae;g__Faecalibacterium;s__Faecalibacterium longum
168000,0.022754977651361235,0.03671943711521548,0.02261953135581742,0.02197928653624856,1.1437125748502994,1.0,0.48046196708784467,/tmp/nxf.XXXXvqFvpW/sourmash_database/gtdb-rs214-reps.k51.zip,"GCA_025148125.1 Blautia wexlerae DSM 19850 strain=DSM 19850, ASM2514812v1",7f2073ec6218c72ec98b02ac15cb9880,0.036939313984168866,167000,6,1732000,ERR480888.fastq.gz,ERR480888,9a6152af,7383000,51,DNA,1000,7383,True,0.9285083464879088,0.9373710695750626,0.9329397080314856,0.9373710695750626,False,191,1535,8690,d__Bacteria;p__Bacillota_A;c__Clostridia;o__Lachnospirales;f__Lachnospiraceae;g__Blautia_A;s__Blautia_A wexlerae
174000,0.023567655424624138,0.036010475774770845,0.022348638764729784,0.02048331415420023,1.0787878787878789,1.0,0.3300666376773358,/tmp/nxf.XXXXvqFvpW/sourmash_database/gtdb-rs214-reps.k51.zip,"GCA_025147485.1 Bacteroides uniformis strain=ATCC 8492, ASM2514748v1",177d80c9d0f18e5195e47e20bdf54706,0.0379746835443038,165000,7,1567000,ERR480888.fastq.gz,ERR480888,9a6152af,7383000,51,DNA,1000,7383,True,0.9291474405148611,0.9378792865238912,0.9335133635193762,0.9378792865238912,False,178,1713,8690,d__Bacteria;p__Bacteroidota;c__Bacteroidia;o__Bacteroidales;f__Bacteroidaceae;g__Bacteroides;s__Bacteroides uniformis
153000,0.02072328321820398,0.038146441372247826,0.020181498036028714,0.020368239355581127,1.1879194630872483,1.0,0.5098904674690625,/tmp/nxf.XXXXvqFvpW/sourmash_database/gtdb-rs214-reps.k51.zip,"GCF_002224675.1 Prevotella copri strain=Indica, ASM222467v1",100ed987d307a1e5f3e9b7b1c90b6227,0.03917050691244239,149000,8,1418000,ERR480888.fastq.gz,ERR480888,9a6152af,7383000,51,DNA,1000,7383,True,0.9268071670984654,0.9384496237888957,0.9326283954436806,0.9384496237888957,False,177,1890,8690,d__Bacteria;p__Bacteroidota;c__Bacteroidia;o__Bacteroidales;f__Bacteroidaceae;g__Prevotella;s__Prevotella copri_A
149000,0.020181498036028714,0.06345826235093696,0.020181498036028714,0.019677790563866513,1.1476510067114094,1.0,0.5099787984298758,/tmp/nxf.XXXXvqFvpW/sourmash_database/gtdb-rs214-reps.k51.zip,"GCF_002834235.1 Ruminococcus bromii strain=5AMG, ASM283423v1",c788aae2c6f3cc3e1e9802e6b555f644,0.06345826235093696,149000,9,1269000,ERR480888.fastq.gz,ERR480888,9a6152af,7383000,51,DNA,1000,7383,True,0.9263258682098416,0.9473694503370582,0.9368476592734499,0.9473694503370582,False,171,2061,8690,d__Bacteria;p__Bacillota_A;c__Clostridia;o__Oscillospirales;f__Acutalibacteraceae;g__Ruminococcus_E;s__Ruminococcus_E bromii_B
141000,0.01909792767167818,0.05989804587935429,0.01909792767167818,0.018757192174913694,1.1560283687943262,1.0,0.4501172100034732,/tmp/nxf.XXXXvqFvpW/sourmash_database/gtdb-rs214-reps.k51.zip,"GCF_000196555.1 Bifidobacterium longum subsp. longum JCM 1217 strain=JCM 1217, ASM19655v1",4e5724ba16e37517faabf3d6eac4a812,0.05989804587935429,141000,10,1128000,ERR480888.fastq.gz,ERR480888,9a6152af,7383000,51,DNA,1000,7383,True,0.9253240455465592,0.9462975138583631,0.9358107797024612,0.9462975138583631,False,163,2224,8690,d__Bacteria;p__Actinomycetota;c__Actinomycetia;o__Actinomycetales;f__Bifidobacteriaceae;g__Bifidobacterium;s__Bifidobacterium longum
145000,0.019639712853853446,0.047157190635451506,0.01909792767167818,0.01795166858457998,1.1063829787234043,1.0,0.37097012285452535,/tmp/nxf.XXXXvqFvpW/sourmash_database/gtdb-rs214-reps.k51.zip,"GCF_003479605.1 Roseburia sp. AF12-17LB strain=AF12-17LB, ASM347960v1",eff3b6e1f36602de5c0b298cebd0503e,0.048494983277591976,141000,11,987000,ERR480888.fastq.gz,ERR480888,9a6152af,7383000,51,DNA,1000,7383,True,0.9258317313947287,0.94238713626056,0.9341094338276443,0.94238713626056,False,156,2380,8690,d__Bacteria;p__Bacillota_A;c__Clostridia;o__Lachnospirales;f__Lachnospiraceae;g__RUG115;s__RUG115 sp900066395
110000,0.014899092509819856,0.031211372064276884,0.013680075849925505,0.012543153049482163,1.0792079207920793,1.0,0.3045258712718752,/tmp/nxf.XXXXvqFvpW/sourmash_database/gtdb-rs214-reps.k51.zip,"GCA_025149785.1 Coprococcus comes ATCC 27758 strain=ATCC 27758, ASM2514978v1",3a055d916786f743b82f17b95fcc483f,0.033992583436341164,101000,12,886000,ERR480888.fastq.gz,ERR480888,9a6152af,7383000,51,DNA,1000,7383,True,0.9208303061397014,0.9358443252289284,0.9283373156843149,0.9358443252289284,False,109,2489,8690,d__Bacteria;p__Bacillota_A;c__Clostridia;o__Lachnospirales;f__Lachnospiraceae;g__Bariatricus;s__Bariatricus comes
102000,0.01381552214546932,0.047524752475247525,0.01300284437220642,0.011737629459148446,1.0625,1.0,0.24206145913796356,/tmp/nxf.XXXXvqFvpW/sourmash_database/gtdb-rs214-reps.k51.zip,"GCF_010120595.1 Streptococcus thermophilus strain=ATCC 19258, ASM1012059v1",fe15cc94fe7d35e445b7ede4a1b368ee,0.0504950495049505,96000,13,790000,ERR480888.fastq.gz,ERR480888,9a6152af,7383000,51,DNA,1000,7383,True,0.9194679885442719,0.9431342268653977,0.9313011077048348,0.9431342268653977,False,102,2591,8690,d__Bacteria;p__Bacillota;c__Bacilli;o__Lactobacillales;f__Streptococcaceae;g__Streptococcus;s__Streptococcus thermophilus
86000,0.011648381416768251,0.03147792706333973,0.011106596234592984,0.009666283084004603,1.024390243902439,1.0,0.1542574468374819,/tmp/nxf.XXXXvqFvpW/sourmash_database/gtdb-rs214-reps.k51.zip,"GCF_000153925.1 [Ruminococcus] torques ATCC 27756 strain=ATCC 27756, ASM15392v1",4abf9d69f1e69e10e84c4f7510c75164,0.03301343570057581,82000,14,708000,ERR480888.fastq.gz,ERR480888,9a6152af,7383000,51,DNA,1000,7383,True,0.9163969580195069,0.9353081530032574,0.9258525555113821,0.9353081530032574,False,84,2675,8690,d__Bacteria;p__Bacillota_A;c__Clostridia;o__Lachnospirales;f__Lachnospiraceae;g__Mediterraneibacter;s__Mediterraneibacter torques
81000,0.010971149939049168,0.018729255571360834,0.010700257347961534,0.009436133486766397,1.0379746835443038,1.0,0.1911350489941962,/tmp/nxf.XXXXvqFvpW/sourmash_database/gtdb-rs214-reps.k51.zip,"GCF_000233955.1 Paraprevotella clara YIT 11840 strain=YIT 11840, ASM23395v1",a7b69f5cd84ffe9ff1895f0e06bca3c3,0.019203413940256046,79000,15,629000,ERR480888.fastq.gz,ERR480888,9a6152af,7383000,51,DNA,1000,7383,True,0.9153213059871315,0.9254239903371005,0.920372648162116,0.9254239903371005,False,82,2757,8690,d__Bacteria;p__Bacteroidota;c__Bacteroidia;o__Bacteroidales;f__Bacteroidaceae;g__Paraprevotella;s__Paraprevotella clara
80000,0.01083570364350535,0.01645458534444932,0.010158472165786265,0.009896432681242807,1.1466666666666667,1.0,0.4224794538067963,/tmp/nxf.XXXXvqFvpW/sourmash_database/gtdb-rs214-reps.k51.zip,"GCF_002222615.2 Bacteroides caccae strain=ATCC 43185, ASM222261v2",d7e7663bc3ede65000c2f57952616ae4,0.017551557700745943,75000,16,554000,ERR480888.fastq.gz,ERR480888,9a6152af,7383000,51,DNA,1000,7383,True,0.91509838025139,0.9237933188695355,0.9194458495604627,0.9237933188695355,False,86,2843,8690,d__Bacteria;p__Bacteroidota;c__Bacteroidia;o__Bacteroidales;f__Bacteroidaceae;g__Bacteroides;s__Bacteroides caccae
77000,0.0104293647568739,0.016510596352883194,0.00907490180143573,0.007940161104718067,1.0298507462686568,1.0,0.17017543658196088,/tmp/nxf.XXXXvqFvpW/sourmash_database/gtdb-rs214-reps.k51.zip,"GCF_024622975.1 Blautia caecimuris strain=DSM 29492, ASM2462297v1",1248931c5307393cc9ef816719d4b9e7,0.01897486446525382,67000,17,487000,ERR480888.fastq.gz,ERR480888,9a6152af,7383000,51,DNA,1000,7383,True,0.9144128299175865,0.9252067609025758,0.9198097954100812,0.9252067609025758,False,69,2912,8690,d__Bacteria;p__Bacillota_A;c__Clostridia;o__Lachnospirales;f__Lachnospiraceae;g__Blautia_A;s__Blautia_A caecimuris
74000,0.010023025870242449,0.01812428078250863,0.008533116619260463,0.007479861910241657,1.0317460317460319,1.0,0.1753231907490041,/tmp/nxf.XXXXvqFvpW/sourmash_database/gtdb-rs214-reps.k51.zip,"GCF_008121495.1 [Ruminococcus] gnavus ATCC 29149 strain=JCM6515, ASM812149v1",c0af2b4fd1a1fb3c5fc7e5a29e4fe5d1,0.021288837744533946,63000,18,424000,ERR480888.fastq.gz,ERR480888,9a6152af,7383000,51,DNA,1000,7383,True,0.9137005767419667,0.9272965963932828,0.9204985865676247,0.9272965963932828,False,65,2977,8690,d__Bacteria;p__Bacillota_A;c__Clostridia;o__Lachnospirales;f__Lachnospiraceae;g__Ruminococcus_B;s__Ruminococcus_B gnavus
115000,0.01557632398753894,0.007902076231794236,0.00690776107273466,0.0066743383199079406,1.1372549019607843,1.0,0.4436748430974416,/tmp/nxf.XXXXvqFvpW/sourmash_database/gtdb-rs214-reps.k51.zip,"GCF_001314995.1 Bacteroides ovatus strain=ATCC 8483, ASM131499v1",c28ea957513bf36bf9dc694cd077b880,0.017818407189339944,51000,19,373000,ERR480888.fastq.gz,ERR480888,9a6152af,7383000,51,DNA,1000,7383,True,0.9216332546452355,0.924066681328018,0.9228499679866267,0.924066681328018,False,58,3035,8690,d__Bacteria;p__Bacteroidota;c__Bacteroidia;o__Bacteroidales;f__Bacteroidaceae;g__Bacteroides;s__Bacteroides ovatus
61000,0.008262224028172829,0.012619888944977285,0.0067723147771908436,0.005983889528193326,1.04,1.0,0.19595917942265426,/tmp/nxf.XXXXvqFvpW/sourmash_database/gtdb-rs214-reps.k51.zip,"GCA_003584705.1 Lachnospiraceae bacterium GAM79 strain=GAM79, ASM358470v1",70a12b75803f82aa8bff2c80aad9821b,0.015396264512872286,50000,20,323000,ERR480888.fastq.gz,ERR480888,9a6152af,7383000,51,DNA,1000,7383,True,0.9102459683755059,0.9214231615303328,0.9158345649529194,0.9214231615303328,False,52,3087,8690,d__Bacteria;p__Bacillota_A;c__Clostridia;o__Lachnospirales;f__Lachnospiraceae;g__Acetatifactor;s__Acetatifactor sp900066565
