intersect_bp,f_orig_query,f_match,f_unique_to_query,f_unique_weighted,average_abund,median_abund,std_abund,filename,name,md5,f_match_orig,unique_intersect_bp,gather_result_rank,remaining_bp,query_filename,query_name,query_md5,query_bp,ksize,moltype,scaled,query_n_hashes,query_abundance,query_containment_ani,match_containment_ani,average_containment_ani,max_containment_ani,potential_false_negative,n_unique_weighted_found,sum_weighted_found,total_weighted_hashes,lineage
565000,0.08238553514144065,0.10805125262956589,0.08238553514144065,0.08743540930106064,1.1380530973451328,1.0,0.39292832647576276,/tmp/nxf.XXXXKnRNrF/sourmash_database/gtdb-rs214-reps.k51.zip,"GCF_000025985.1 Bacteroides fragilis NCTC 9343, ASM2598v1",5ed7bd7e8a301425ed2ad891c3e399f5,0.10805125262956589,565000,0,2725000,ERR480773.fastq.gz,ERR480773,6b1349af,6858000,51,DNA,1000,6858,True,0.9522306929146782,0.9573077279852248,0.9547692104499514,0.9573077279852248,False,643,643,7354,d__Bacteria;p__Bacteroidota;c__Bacteroidia;o__Bacteroidales;f__Bacteroidaceae;g__Bacteroides;s__Bacteroides fragilis
416000,0.06065908428113152,0.08149606299212599,0.06036745406824147,0.06391079684525429,1.1352657004830917,1.0,0.42399389514833824,/tmp/nxf.XXXXKnRNrF/sourmash_database/gtdb-rs214-reps.k51.zip,"GCF_000012825.1 Bacteroides vulgatus ATCC 8482 strain=ATCC 8482, ASM1282v1",63b92dc09e7b5ffbd878d8e5fce5cfec,0.08188976377952756,414000,1,2311000,ERR480773.fastq.gz,ERR480773,6b1349af,6858000,51,DNA,1000,6858,True,0.9465318076151483,0.9521180025498748,0.9493249050825115,0.9521180025498748,False,470,1113,7354,d__Bacteria;p__Bacteroidota;c__Bacteroidia;o__Bacteroidales;f__Bacteroidaceae;g__Phocaeicola;s__Phocaeicola vulgatus
319000,0.04651501895596384,0.14388813712223725,0.04651501895596384,0.05004079412564591,1.1536050156739812,1.0,0.4317833335391472,/tmp/nxf.XXXXKnRNrF/sourmash_database/gtdb-rs214-reps.k51.zip,"GCF_001025135.1 Bifidobacterium bifidum ATCC 29521 = JCM 1255 = DSM 20456 strain=JCM 1255, ASM102513v1",404c2d0a233dc79a88353930897b2669,0.14388813712223725,319000,2,1992000,ERR480773.fastq.gz,ERR480773,6b1349af,6858000,51,DNA,1000,6858,True,0.941617186103443,0.9626993666054771,0.95215827635446,0.9626993666054771,False,368,1481,7354,d__Bacteria;p__Actinomycetota;c__Actinomycetia;o__Actinomycetales;f__Bifidobacteriaceae;g__Bifidobacterium;s__Bifidobacterium bifidum
242000,0.035287255759696705,0.09289827255278311,0.035287255759696705,0.03753059559423443,1.140495867768595,1.0,0.44174307487248815,/tmp/nxf.XXXXKnRNrF/sourmash_database/gtdb-rs214-reps.k51.zip,"GCF_000153925.1 [Ruminococcus] torques ATCC 27756 strain=ATCC 27756, ASM15392v1",4abf9d69f1e69e10e84c4f7510c75164,0.09289827255278311,242000,3,1750000,ERR480773.fastq.gz,ERR480773,6b1349af,6858000,51,DNA,1000,6858,True,0.9365304864198505,0.9544756549196081,0.9455030706697293,0.9544756549196081,False,276,1757,7354,d__Bacteria;p__Bacillota_A;c__Clostridia;o__Lachnospirales;f__Lachnospiraceae;g__Mediterraneibacter;s__Mediterraneibacter torques
194000,0.028288130650335374,0.047337278106508875,0.02799650043744532,0.02950775088387272,1.1302083333333333,1.0,0.40661708842253824,/tmp/nxf.XXXXKnRNrF/sourmash_database/gtdb-rs214-reps.k51.zip,"GCF_000174195.1 Roseburia inulinivorans DSM 16841 strain=DSM 16841, ASM17419v1",e3692c21f5a57009b8f3ea43032066c2,0.04783037475345168,192000,4,1558000,ERR480773.fastq.gz,ERR480773,6b1349af,6858000,51,DNA,1000,6858,True,0.9324795131399483,0.9421321818192032,0.9373058474795757,0.9421321818192032,False,217,1974,7354,d__Bacteria;p__Bacillota_A;c__Clostridia;o__Lachnospirales;f__Lachnospiraceae;g__Roseburia;s__Roseburia inulinivorans
151000,0.022018081073199185,0.05283687943262411,0.021726450860309127,0.021892847429970084,1.080536912751678,1.0,0.2721226165464872,/tmp/nxf.XXXXKnRNrF/sourmash_database/gtdb-rs214-reps.k51.zip,"GCF_023347275.1 Faecalibacterium sp. I3389 strain=I3389, ASM2334727v1",105d513d0b8d24a4f97fa1ab6cc3e404,0.05354609929078014,149000,5,1409000,ERR480773.fastq.gz,ERR480773,6b1349af,6858000,51,DNA,1000,6858,True,0.9279091980010781,0.9442197818868626,0.9360644899439703,0.9442197818868626,False,161,2135,7354,d__Bacteria;p__Bacillota_A;c__Clostridia;o__Oscillospirales;f__Ruminococcaceae;g__Faecalibacterium;s__Faecalibacterium sp900758465
120000,0.017497812773403325,0.025010969723562967,0.016622922134733157,0.016045689420723416,1.0350877192982457,1.0,0.1840015523105529,/tmp/nxf.XXXXKnRNrF/sourmash_database/gtdb-rs214-reps.k51.zip,"GCF_002222615.2 Bacteroides caccae strain=ATCC 43185, ASM222261v2",d7e7663bc3ede65000c2f57952616ae4,0.02632733655111891,114000,6,1295000,ERR480773.fastq.gz,ERR480773,6b1349af,6858000,51,DNA,1000,6858,True,0.9237377694944908,0.9311670221401503,0.9274523958173206,0.9311670221401503,False,118,2253,7354,d__Bacteria;p__Bacteroidota;c__Bacteroidia;o__Bacteroidales;f__Bacteroidaceae;g__Bacteroides;s__Bacteroides caccae
110000,0.01603966170895305,0.030568921596377016,0.015748031496062992,0.015093826488985586,1.0277777777777777,1.0,0.16433554953054488,/tmp/nxf.XXXXKnRNrF/sourmash_database/gtdb-rs214-reps.k51.zip,"GCA_003573975.1 Clostridiales bacterium CCNA10 strain=CCNA10, ASM357397v1",00fa92bb3e4b24b2703f629c0d80feb8,0.031135012737050664,108000,7,1187000,ERR480773.fastq.gz,ERR480773,6b1349af,6858000,51,DNA,1000,6858,True,0.9221631191107232,0.9342344194022759,0.9281987692564996,0.9342344194022759,False,111,2364,7354,d__Bacteria;p__Bacillota_A;c__Clostridia;o__Oscillospirales;f__Oscillospiraceae;g__Lawsonibacter;s__Lawsonibacter sp900066825
100000,0.014581510644502771,0.02534059945504087,0.013560804899387576,0.013326081044329616,1.053763440860215,1.0,0.2255502899290649,/tmp/nxf.XXXXKnRNrF/sourmash_database/gtdb-rs214-reps.k51.zip,"GCA_025147765.1 Blautia obeum ATCC 29174 strain=ATCC 29174, ASM2514776v1",aa800a95b7aa246d998085e9b2fb3124,0.027247956403269755,93000,8,1094000,ERR480773.fastq.gz,ERR480773,6b1349af,6858000,51,DNA,1000,6858,True,0.920441365056002,0.9317947801899793,0.9261180726229907,0.9317947801899793,False,98,2462,7354,d__Bacteria;p__Bacillota_A;c__Clostridia;o__Lachnospirales;f__Lachnospiraceae;g__Blautia_A;s__Blautia_A obeum
81000,0.011811023622047244,0.01693497804725068,0.011811023622047244,0.011014413924394888,1.0,1.0,0.0,/tmp/nxf.XXXXKnRNrF/sourmash_database/gtdb-rs214-reps.k51.zip,"GCF_000701705.1 Bilophila wadsworthia ATCC 49260 strain=ATCC 49260, ASM70170v1",b1bd0a4998658b6084d0785f2a2c686c,0.01693497804725068,81000,9,1013000,ERR480773.fastq.gz,ERR480773,6b1349af,6858000,51,DNA,1000,6858,True,0.9166461452122722,0.9231457763658466,0.9198959607890593,0.9231457763658466,False,81,2543,7354,d__Bacteria;p__Desulfobacterota;c__Desulfovibrionia;o__Desulfovibrionales;f__Desulfovibrionaceae;g__Bilophila;s__Bilophila wadsworthia
80000,0.011665208515602217,0.02100115074798619,0.010644502770487023,0.010470492249116127,1.0547945205479452,1.0,0.22757873597035824,/tmp/nxf.XXXXKnRNrF/sourmash_database/gtdb-rs214-reps.k51.zip,"GCF_008121495.1 [Ruminococcus] gnavus ATCC 29149 strain=JCM6515, ASM812149v1",c0af2b4fd1a1fb3c5fc7e5a29e4fe5d1,0.023014959723820484,73000,10,940000,ERR480773.fastq.gz,ERR480773,6b1349af,6858000,51,DNA,1000,6858,True,0.9164228968130496,0.9287151994561555,0.9225690481346025,0.9287151994561555,False,77,2620,7354,d__Bacteria;p__Bacillota_A;c__Clostridia;o__Lachnospirales;f__Lachnospiraceae;g__Ruminococcus_B;s__Ruminococcus_B gnavus
81000,0.011811023622047244,0.024226110363391656,0.010498687664041995,0.010062550992657057,1.0277777777777777,1.0,0.16433554953054488,/tmp/nxf.XXXXKnRNrF/sourmash_database/gtdb-rs214-reps.k51.zip,"GCA_025150085.1 Dorea longicatena strain=DSM 13814, ASM2515008v1",77e56408450c979b22420d0739bfd623,0.02725437415881561,72000,11,868000,ERR480773.fastq.gz,ERR480773,6b1349af,6858000,51,DNA,1000,6858,True,0.9166461452122722,0.9317990829705092,0.9242226140913907,0.9317990829705092,False,74,2694,7354,d__Bacteria;p__Bacillota_A;c__Clostridia;o__Lachnospirales;f__Lachnospiraceae;g__Dorea_A;s__Dorea_A longicatena
71000,0.010352872557596968,0.01684836471754212,0.009915427238261883,0.009518629317378298,1.0294117647058822,1.0,0.16895772489817729,/tmp/nxf.XXXXKnRNrF/sourmash_database/gtdb-rs214-reps.k51.zip,"GCF_000949455.1 Ruthenibacterium lactatiformans strain=585-1, ASM94945v1",1562c71162861a5c6e3bb1e6d2a266f2,0.01759167492566898,68000,12,800000,ERR480773.fastq.gz,ERR480773,6b1349af,6858000,51,DNA,1000,6858,True,0.9142808531166542,0.9238346744120302,0.9190577637643422,0.9238346744120302,False,70,2764,7354,d__Bacteria;p__Bacillota_A;c__Clostridia;o__Oscillospirales;f__Ruminococcaceae;g__Ruthenibacterium;s__Ruthenibacterium lactatiformans
64000,0.009332166812481774,0.017195056421278884,0.009332166812481774,0.008838727223279847,1.015625,1.0,0.12401959270615269,/tmp/nxf.XXXXKnRNrF/sourmash_database/gtdb-rs214-reps.k51.zip,"GCF_000239295.1 Flavonifractor plautii ATCC 29863 strain=ATCC 29863, ASM23929v1",1ed22d796c79d0337723a67a4b313636,0.017195056421278884,64000,13,736000,ERR480773.fastq.gz,ERR480773,6b1349af,6858000,51,DNA,1000,6858,True,0.9124219724220279,0.9234216885765199,0.9179218304992739,0.9234216885765199,False,65,2829,7354,d__Bacteria;p__Bacillota_A;c__Clostridia;o__Oscillospirales;f__Oscillospiraceae;g__Flavonifractor;s__Flavonifractor plautii
61000,0.00889472149314669,0.02842497670083877,0.00889472149314669,0.008294805548001088,1.0,1.0,0.0,/tmp/nxf.XXXXKnRNrF/sourmash_database/gtdb-rs214-reps.k51.zip,"GCF_900128485.1 Duodenibacillus massiliensis strain=Marseille-P2968, PRJEB18048",7c1d9a60b4cf4f3b2c0abfd9da2e4d8e,0.02842497670083877,61000,14,675000,ERR480773.fastq.gz,ERR480773,6b1349af,6858000,51,DNA,1000,6858,True,0.9115634615394278,0.9325677539190395,0.9220656077292336,0.9325677539190395,False,61,2890,7354,d__Bacteria;p__Pseudomonadota;c__Gammaproteobacteria;o__Burkholderiales;f__Burkholderiaceae_A;g__Duodenibacillus;s__Duodenibacillus massiliensis
61000,0.00889472149314669,0.01326198231735691,0.008311461067366578,0.007886864291542018,1.0175438596491229,1.0,0.13128622409733126,/tmp/nxf.XXXXKnRNrF/sourmash_database/gtdb-rs214-reps.k51.zip,"GCA_025151215.1 Parabacteroides merdae ATCC 43184 strain=ATCC 43184, ASM2515121v1",04366d02afc93cbeed4bfc2d3a9aa9a9,0.014192647743136343,57000,15,618000,ERR480773.fastq.gz,ERR480773,6b1349af,6858000,51,DNA,1000,6858,True,0.9115634615394278,0.9199536555875882,0.915758558563508,0.9199536555875882,False,58,2948,7354,d__Bacteria;p__Bacteroidota;c__Bacteroidia;o__Bacteroidales;f__Tannerellaceae;g__Parabacteroides;s__Parabacteroides merdae
64000,0.009332166812481774,0.015478164731896076,0.008165645960921552,0.007886864291542018,1.0357142857142858,1.0,0.18557687223952257,/tmp/nxf.XXXXKnRNrF/sourmash_database/gtdb-rs214-reps.k51.zip,"GCF_000225345.1 Roseburia hominis A2-183 strain=A2-183, ASM22534v1",2a06d44b517751a885debff12d3f2b01,0.017689331122166942,56000,16,562000,ERR480773.fastq.gz,ERR480773,6b1349af,6858000,51,DNA,1000,6858,True,0.9124219724220279,0.9239349597870984,0.9181784661045631,0.9239349597870984,False,58,3006,7354,d__Bacteria;p__Bacillota_A;c__Clostridia;o__Lachnospirales;f__Lachnospiraceae;g__Roseburia;s__Roseburia hominis
54000,0.007874015748031496,0.014614343707713126,0.007874015748031496,0.007342942616263258,1.0,1.0,0.0,/tmp/nxf.XXXXKnRNrF/sourmash_database/gtdb-rs214-reps.k51.zip,"GCA_025145845.1 Alistipes shahii WAL 8301 strain=WAL 8301, ASM2514584v1",ce3fdcea4344bf5e1303cba1f2181070,0.014614343707713126,54000,17,508000,ERR480773.fastq.gz,ERR480773,6b1349af,6858000,51,DNA,1000,6858,True,0.9093874295165494,0.9204819585020879,0.9149346940093186,0.9204819585020879,False,54,3060,7354,d__Bacteria;p__Bacteroidota;c__Bacteroidia;o__Bacteroidales;f__Rikenellaceae;g__Alistipes;s__Alistipes shahii
52000,0.00758238553514144,0.032807570977917984,0.00758238553514144,0.0070709817786238785,1.0,1.0,0.0,/tmp/nxf.XXXXKnRNrF/sourmash_database/gtdb-rs214-reps.k51.zip,"GCF_003019695.1 Fusobacterium gonidiaformans ATCC 25563 strain=ATCC 25563, ASM301969v1",eb25fabc2007164c48d9432681601085,0.032807570977917984,52000,18,456000,ERR480773.fastq.gz,ERR480773,6b1349af,6858000,51,DNA,1000,6858,True,0.9087147259036017,0.9351934415627354,0.9219540837331686,0.9351934415627354,False,52,3112,7354,d__Bacteria;p__Fusobacteriota;c__Fusobacteriia;o__Fusobacteriales;f__Fusobacteriaceae;g__Fusobacterium_C;s__Fusobacterium_C gonidiaformans
54000,0.007874015748031496,0.020080321285140562,0.007290755322251386,0.006799020940984498,1.0,1.0,0.0,/tmp/nxf.XXXXKnRNrF/sourmash_database/gtdb-rs214-reps.k51.zip,"GCF_003865035.1 Anaerotignum faecicola strain=KCTC 15736, ASM386503v1",d775a586ddd3ad1c0d4170f8396a304f,0.021686746987951807,50000,19,406000,ERR480773.fastq.gz,ERR480773,6b1349af,6858000,51,DNA,1000,6858,True,0.9093874295165494,0.9276333652942953,0.9185103974054223,0.9276333652942953,False,50,3162,7354,d__Bacteria;p__Bacillota_A;c__Clostridia;o__Lachnospirales;f__Anaerotignaceae;g__Anaerotignum;s__Anaerotignum faecicola
50000,0.007290755322251386,0.02253267237494367,0.007290755322251386,0.007342942616263258,1.08,1.0,0.3370459909270544,/tmp/nxf.XXXXKnRNrF/sourmash_database/gtdb-rs214-reps.k51.zip,"GCF_015558785.1 Collinsella aerofaciens strain=1001136B_160425_H1, ASM1555878v1",c95449659173d79c73b169ec345d3165,0.02253267237494367,50000,20,356000,ERR480773.fastq.gz,ERR480773,6b1349af,6858000,51,DNA,1000,6858,True,0.9080161623983556,0.9283296247806342,0.9181728935894948,0.9283296247806342,False,54,3216,7354,d__Bacteria;p__Actinomycetota;c__Coriobacteriia;o__Coriobacteriales;f__Coriobacteriaceae;g__Collinsella;s__Collinsella aerofaciens_P
