intersect_bp,f_orig_query,f_match,f_unique_to_query,f_unique_weighted,average_abund,median_abund,std_abund,filename,name,md5,f_match_orig,unique_intersect_bp,gather_result_rank,remaining_bp,query_filename,query_name,query_md5,query_bp,ksize,moltype,scaled,query_n_hashes,query_abundance,query_containment_ani,match_containment_ani,average_containment_ani,max_containment_ani,potential_false_negative,n_unique_weighted_found,sum_weighted_found,total_weighted_hashes,lineage
228000,0.03407053197848177,0.062193126022913256,0.03407053197848177,0.032266325224071704,1.105263157894737,1.0,0.3208656343538927,/tmp/nxf.XXXXHBe2nv/sourmash_database/gtdb-rs214-reps.k51.zip,"GCF_900129655.1 Bacteroides clarus YIT 12056 strain=YIT 12056, IMG-taxon 2695420967 annotated assembly",eef5c104e47b66d2c40e62a552d9325e,0.062193126022913256,228000,0,2479000,ERR480887.fastq.gz,ERR480887,9d03f49a,6692000,51,DNA,1000,6692,True,0.9358863562118321,0.946995444683851,0.9414409004478416,0.946995444683851,False,252,252,7810,d__Bacteria;p__Bacteroidota;c__Bacteroidia;o__Bacteroidales;f__Bacteroidaceae;g__Bacteroides;s__Bacteroides clarus
220000,0.0328750747160789,0.037667698658410735,0.03272564255827854,0.030729833546734954,1.095890410958904,1.0,0.3881009928927082,/tmp/nxf.XXXXHBe2nv/sourmash_database/gtdb-rs214-reps.k51.zip,"GCF_000210075.1 Bacteroides xylanisolvens XB1A strain=XB1A, ASM21007v1",6bf3ff1d807c2ab1988e6b3c386a7cec,0.03783969728242174,219000,1,2260000,ERR480887.fastq.gz,ERR480887,9d03f49a,6692000,51,DNA,1000,6692,True,0.9352311334047679,0.9378138033019874,0.9365224683533777,0.9378138033019874,False,240,492,7810,d__Bacteria;p__Bacteroidota;c__Bacteroidia;o__Bacteroidales;f__Bacteroidaceae;g__Bacteroides;s__Bacteroides xylanisolvens
209000,0.031231320980274955,0.04348730753225135,0.031231320980274955,0.029193341869398207,1.0909090909090908,1.0,0.30366759143774985,/tmp/nxf.XXXXHBe2nv/sourmash_database/gtdb-rs214-reps.k51.zip,"GCF_000012845.1 Parabacteroides distasonis ATCC 8503 strain=ATCC 8503, ASM1284v1",85c74583c59734abc0e8f1a3e909b79d,0.04348730753225135,209000,2,2051000,ERR480887.fastq.gz,ERR480887,9d03f49a,6692000,51,DNA,1000,6692,True,0.9342909967292614,0.9403753270635461,0.9373331618964038,0.9403753270635461,False,228,720,7810,d__Bacteria;p__Bacteroidota;c__Bacteroidia;o__Bacteroidales;f__Tannerellaceae;g__Parabacteroides;s__Parabacteroides distasonis
188000,0.028093245666467422,0.02789733779690738,0.02615062761506276,0.023303457106274007,1.04,1.0,0.19595917942265426,/tmp/nxf.XXXXHBe2nv/sourmash_database/gtdb-rs214-reps.k51.zip,"GCF_000011065.1 Bacteroides thetaiotaomicron VPI-5482 strain=VPI-5482, ASM1106v1",36e5cf9f0e4c0a0411f3300c5364f87f,0.0299697114618205,175000,3,1876000,ERR480887.fastq.gz,ERR480887,9d03f49a,6692000,51,DNA,1000,6692,True,0.9323531227312454,0.9335359146460832,0.9329445186886642,0.9335359146460832,False,182,902,7810,d__Bacteria;p__Bacteroidota;c__Bacteroidia;o__Bacteroidales;f__Bacteroidaceae;g__Bacteroides;s__Bacteroides thetaiotaomicron
170000,0.02540346682606097,0.03737906772207564,0.02540346682606097,0.025096030729833546,1.1529411764705881,1.0,0.7113513627214575,/tmp/nxf.XXXXHBe2nv/sourmash_database/gtdb-rs214-reps.k51.zip,"GCA_025148125.1 Blautia wexlerae DSM 19850 strain=DSM 19850, ASM2514812v1",7f2073ec6218c72ec98b02ac15cb9880,0.03737906772207564,170000,4,1706000,ERR480887.fastq.gz,ERR480887,9d03f49a,6692000,51,DNA,1000,6692,True,0.9305150290252507,0.9375886100732888,0.9340518195492697,0.9375886100732888,False,196,1098,7810,d__Bacteria;p__Bacillota_A;c__Clostridia;o__Lachnospirales;f__Lachnospiraceae;g__Blautia_A;s__Blautia_A wexlerae
150000,0.022414823670053794,0.05211952744961779,0.022414823670053794,0.023303457106274007,1.2133333333333334,1.0,0.511033810579648,/tmp/nxf.XXXXHBe2nv/sourmash_database/gtdb-rs214-reps.k51.zip,"GCF_020687245.1 Faecalibacterium longum CLA-AA-H243 strain=CLA-AA-H243, ASM2068724v1",e1ff3e2f54ab82a776eb959bb6aa8673,0.05211952744961779,150000,5,1556000,ERR480887.fastq.gz,ERR480887,9d03f49a,6692000,51,DNA,1000,6692,True,0.9282341782803446,0.9437199726845578,0.9359770754824512,0.9437199726845578,False,182,1280,7810,d__Bacteria;p__Bacillota_A;c__Clostridia;o__Oscillospirales;f__Ruminococcaceae;g__Faecalibacterium;s__Faecalibacterium longum
144000,0.021518230723251645,0.06117247238742566,0.021518230723251645,0.02112676056338028,1.1458333333333333,1.0,0.42440726640548676,/tmp/nxf.XXXXHBe2nv/sourmash_database/gtdb-rs214-reps.k51.zip,"GCF_000196555.1 Bifidobacterium longum subsp. longum JCM 1217 strain=JCM 1217, ASM19655v1",4e5724ba16e37517faabf3d6eac4a812,0.06117247238742566,144000,6,1412000,ERR480887.fastq.gz,ERR480887,9d03f49a,6692000,51,DNA,1000,6692,True,0.9274914878986655,0.9466882374177877,0.9370898626582267,0.9466882374177877,False,165,1445,7810,d__Bacteria;p__Actinomycetota;c__Actinomycetia;o__Actinomycetales;f__Bifidobacteriaceae;g__Bifidobacterium;s__Bifidobacterium longum
142000,0.021219366407650927,0.06788637457871931,0.02106993424985057,0.019846350832266324,1.099290780141844,1.0,0.36329782907420416,/tmp/nxf.XXXXHBe2nv/sourmash_database/gtdb-rs214-reps.k51.zip,"GCF_004843545.1 Streptococcus pasteurianus strain=WUSP067, ASM484354v1",6736e580373f561321cc539b496daf3e,0.06836783822821377,141000,7,1271000,ERR480887.fastq.gz,ERR480887,9d03f49a,6692000,51,DNA,1000,6692,True,0.9272371674711272,0.948754738136531,0.9379959528038291,0.948754738136531,False,155,1600,7810,d__Bacteria;p__Bacillota;c__Bacilli;o__Lactobacillales;f__Streptococcaceae;g__Streptococcus;s__Streptococcus pasteurianus
136000,0.020322773460848775,0.028153644696639023,0.019276748356246265,0.017797695262483995,1.0775193798449612,1.0,0.42430797467919407,/tmp/nxf.XXXXHBe2nv/sourmash_database/gtdb-rs214-reps.k51.zip,"GCA_025147485.1 Bacteroides uniformis strain=ATCC 8492, ASM2514748v1",177d80c9d0f18e5195e47e20bdf54706,0.02968136185072021,129000,8,1142000,ERR480887.fastq.gz,ERR480887,9d03f49a,6692000,51,DNA,1000,6692,True,0.9264525811217925,0.9333589631751661,0.9299057721484794,0.9333589631751661,False,139,1739,7810,d__Bacteria;p__Bacteroidota;c__Bacteroidia;o__Bacteroidales;f__Bacteroidaceae;g__Bacteroides;s__Bacteroides uniformis
129000,0.019276748356246265,0.03225806451612903,0.01882845188284519,0.019846350832266324,1.2301587301587302,1.0,0.5931179171915358,/tmp/nxf.XXXXHBe2nv/sourmash_database/gtdb-rs214-reps.k51.zip,"GCF_002224675.1 Prevotella copri strain=Indica, ASM222467v1",100ed987d307a1e5f3e9b7b1c90b6227,0.03302611367127496,126000,9,1016000,ERR480887.fastq.gz,ERR480887,9d03f49a,6692000,51,DNA,1000,6692,True,0.9254931556380073,0.9353151944487588,0.930404175043383,0.9353151944487588,False,155,1894,7810,d__Bacteria;p__Bacteroidota;c__Bacteroidia;o__Bacteroidales;f__Bacteroidaceae;g__Prevotella;s__Prevotella copri_A
119000,0.01778242677824268,0.05068143100511073,0.01778242677824268,0.01741357234314981,1.1428571428571428,1.0,0.41577535720514225,/tmp/nxf.XXXXHBe2nv/sourmash_database/gtdb-rs214-reps.k51.zip,"GCF_002834235.1 Ruminococcus bromii strain=5AMG, ASM283423v1",c788aae2c6f3cc3e1e9802e6b555f644,0.05068143100511073,119000,10,897000,ERR480887.fastq.gz,ERR480887,9d03f49a,6692000,51,DNA,1000,6692,True,0.9240300577626042,0.9432023622542253,0.9336162100084147,0.9432023622542253,False,136,2030,7810,d__Bacteria;p__Bacillota_A;c__Clostridia;o__Oscillospirales;f__Acutalibacteraceae;g__Ruminococcus_E;s__Ruminococcus_E bromii_B
115000,0.017184698147041242,0.03779264214046823,0.016885833831440527,0.015749039692701666,1.0884955752212389,1.0,0.2840142749713489,/tmp/nxf.XXXXHBe2nv/sourmash_database/gtdb-rs214-reps.k51.zip,"GCF_003479605.1 Roseburia sp. AF12-17LB strain=AF12-17LB, ASM347960v1",eff3b6e1f36602de5c0b298cebd0503e,0.038461538461538464,113000,11,784000,ERR480887.fastq.gz,ERR480887,9d03f49a,6692000,51,DNA,1000,6692,True,0.9234107781439234,0.9381135837926067,0.930762180968265,0.9381135837926067,False,123,2153,7810,d__Bacteria;p__Bacillota_A;c__Clostridia;o__Lachnospirales;f__Lachnospiraceae;g__RUG115;s__RUG115 sp900066395
107000,0.015989240884638375,0.031211372064276884,0.015092647937836223,0.013700384122919334,1.0594059405940595,1.0,0.3395332316729159,/tmp/nxf.XXXXHBe2nv/sourmash_database/gtdb-rs214-reps.k51.zip,"GCA_025149785.1 Coprococcus comes ATCC 27758 strain=ATCC 27758, ASM2514978v1",3a055d916786f743b82f17b95fcc483f,0.033065512978986404,101000,12,683000,ERR480887.fastq.gz,ERR480887,9d03f49a,6692000,51,DNA,1000,6692,True,0.9221061915723285,0.9353370602344412,0.9287216259033848,0.9353370602344412,False,107,2260,7810,d__Bacteria;p__Bacillota_A;c__Clostridia;o__Lachnospirales;f__Lachnospiraceae;g__Bariatricus;s__Bariatricus comes
99000,0.014793783622235506,0.020842474769635806,0.01419605499103407,0.013060179257362355,1.0736842105263158,1.0,0.261256287284018,/tmp/nxf.XXXXHBe2nv/sourmash_database/gtdb-rs214-reps.k51.zip,"GCF_002222615.2 Bacteroides caccae strain=ATCC 43185, ASM222261v2",d7e7663bc3ede65000c2f57952616ae4,0.0217200526546731,95000,13,588000,ERR480887.fastq.gz,ERR480887,9d03f49a,6692000,51,DNA,1000,6692,True,0.9207022431011286,0.9276612780789428,0.9241817605900358,0.9276612780789428,False,102,2362,7810,d__Bacteria;p__Bacteroidota;c__Bacteroidia;o__Bacteroidales;f__Bacteroidaceae;g__Bacteroides;s__Bacteroides caccae
90000,0.013448894202032277,0.04257425742574258,0.012851165570830842,0.011907810499359794,1.0813953488372092,1.0,0.2734413027047639,/tmp/nxf.XXXXHBe2nv/sourmash_database/gtdb-rs214-reps.k51.zip,"GCF_010120595.1 Streptococcus thermophilus strain=ATCC 19258, ASM1012059v1",fe15cc94fe7d35e445b7ede4a1b368ee,0.04455445544554455,86000,14,502000,ERR480887.fastq.gz,ERR480887,9d03f49a,6692000,51,DNA,1000,6692,True,0.9189832166215413,0.9408224443183217,0.9299028304699315,0.9408224443183217,False,93,2455,7810,d__Bacteria;p__Bacillota;c__Bacilli;o__Lactobacillales;f__Streptococcaceae;g__Streptococcus;s__Streptococcus thermophilus
85000,0.012701733413030485,0.032245681381957776,0.012552301255230125,0.011011523687580026,1.0238095238095237,1.0,0.1524553389864964,/tmp/nxf.XXXXHBe2nv/sourmash_database/gtdb-rs214-reps.k51.zip,"GCF_000153925.1 [Ruminococcus] torques ATCC 27756 strain=ATCC 27756, ASM15392v1",4abf9d69f1e69e10e84c4f7510c75164,0.03262955854126679,84000,15,418000,ERR480887.fastq.gz,ERR480887,9d03f49a,6692000,51,DNA,1000,6692,True,0.9179538401754633,0.935093679531585,0.9265237598535241,0.935093679531585,False,86,2541,7810,d__Bacteria;p__Bacillota_A;c__Clostridia;o__Lachnospirales;f__Lachnospiraceae;g__Mediterraneibacter;s__Mediterraneibacter torques
66000,0.00986252241482367,0.015173067804646752,0.009563658099222952,0.008962868117797696,1.09375,1.0,0.2914805954090255,/tmp/nxf.XXXXHBe2nv/sourmash_database/gtdb-rs214-reps.k51.zip,"GCF_000233955.1 Paraprevotella clara YIT 11840 strain=YIT 11840, ASM23395v1",a7b69f5cd84ffe9ff1895f0e06bca3c3,0.015647226173541962,64000,16,354000,ERR480887.fastq.gz,ERR480887,9d03f49a,6692000,51,DNA,1000,6692,True,0.9134114080739025,0.9217153304942429,0.9175633692840728,0.9217153304942429,False,70,2611,7810,d__Bacteria;p__Bacteroidota;c__Bacteroidia;o__Bacteroidales;f__Bacteroidaceae;g__Paraprevotella;s__Paraprevotella clara
63000,0.009414225941422594,0.01611047180667434,0.008368200836820083,0.007298335467349552,1.0178571428571428,1.0,0.13243211584099399,/tmp/nxf.XXXXHBe2nv/sourmash_database/gtdb-rs214-reps.k51.zip,"GCF_008121495.1 [Ruminococcus] gnavus ATCC 29149 strain=JCM6515, ASM812149v1",c0af2b4fd1a1fb3c5fc7e5a29e4fe5d1,0.01812428078250863,56000,17,298000,ERR480887.fastq.gz,ERR480887,9d03f49a,6692000,51,DNA,1000,6692,True,0.9125786131871527,0.9243751261749661,0.9184768696810595,0.9243751261749661,False,57,2668,7810,d__Bacteria;p__Bacillota_A;c__Clostridia;o__Lachnospirales;f__Lachnospiraceae;g__Ruminococcus_B;s__Ruminococcus_B gnavus
60000,0.008965929468021518,0.012814194184327254,0.007770472205618649,0.00678617157490397,1.0192307692307692,1.0,0.13733516208736252,/tmp/nxf.XXXXHBe2nv/sourmash_database/gtdb-rs214-reps.k51.zip,"GCF_024622975.1 Blautia caecimuris strain=DSM 29492, ASM2462297v1",1248931c5307393cc9ef816719d4b9e7,0.014785608674223755,52000,18,246000,ERR480887.fastq.gz,ERR480887,9d03f49a,6692000,51,DNA,1000,6692,True,0.9117059941803212,0.9206922644364115,0.9161991293083663,0.9206922644364115,False,53,2721,7810,d__Bacteria;p__Bacillota_A;c__Clostridia;o__Lachnospirales;f__Lachnospiraceae;g__Blautia_A;s__Blautia_A caecimuris
