intersect_bp,f_orig_query,f_match,f_unique_to_query,f_unique_weighted,average_abund,median_abund,std_abund,filename,name,md5,f_match_orig,unique_intersect_bp,gather_result_rank,remaining_bp,query_filename,query_name,query_md5,query_bp,ksize,moltype,scaled,query_n_hashes,query_abundance,query_containment_ani,match_containment_ani,average_containment_ani,max_containment_ani,potential_false_negative,n_unique_weighted_found,sum_weighted_found,total_weighted_hashes,lineage
1971000,0.1099765651155005,0.433377308707124,0.1099765651155005,0.16099193072229875,2.0750887874175548,2.0,1.9497605336919897,/tmp/nxf.XXXXtbAxzD/sourmash_database/gtdb-rs214-reps.k51.zip,"GCA_025148125.1 Blautia wexlerae DSM 19850 strain=DSM 19850, ASM2514812v1",7f2073ec6218c72ec98b02ac15cb9880,0.433377308707124,1971000,0,8037000,ERR688441.fastq.gz,ERR688441,eda290e3,17922000,51,DNA,1000,17922,True,0.9576393071203495,0.9837386366740719,0.9706889718972107,0.9837386366740719,False,4090,4090,25405,d__Bacteria;p__Bacillota_A;c__Clostridia;o__Lachnospirales;f__Lachnospiraceae;g__Blautia_A;s__Blautia_A wexlerae
703000,0.03922553286463564,0.2113230396609143,0.03894654614440353,0.035740995866955325,1.3008595988538683,1.0,0.6499057505404244,/tmp/nxf.XXXXtbAxzD/sourmash_database/gtdb-rs214-reps.k51.zip,"GCF_000173975.1 Anaerobutyricum hallii DSM 3353 strain=DSM 3353, ASM17397v1",8fce16b2b7ed2405807ddf248dc6febb,0.21283681501665153,698000,1,7339000,ERR688441.fastq.gz,ERR688441,eda290e3,17922000,51,DNA,1000,17922,True,0.938475455327476,0.9701177394332318,0.9542965973803539,0.9701177394332318,False,908,4998,25405,d__Bacteria;p__Bacillota_A;c__Clostridia;o__Lachnospirales;f__Lachnospiraceae;g__Anaerobutyricum;s__Anaerobutyricum hallii
661000,0.03688204441468586,0.27385008517887566,0.03587769222185024,0.04892737650068884,1.9331259720062208,2.0,1.6601281672102781,/tmp/nxf.XXXXtbAxzD/sourmash_database/gtdb-rs214-reps.k51.zip,"GCF_002834235.1 Ruminococcus bromii strain=5AMG, ASM283423v1",c788aae2c6f3cc3e1e9802e6b555f644,0.2815161839863714,643000,2,6696000,ERR688441.fastq.gz,ERR688441,eda290e3,17922000,51,DNA,1000,17922,True,0.9373425523848807,0.9754521007552116,0.9563973265700462,0.9754521007552116,False,1243,6241,25405,d__Bacteria;p__Bacillota_A;c__Clostridia;o__Oscillospirales;f__Acutalibacteraceae;g__Ruminococcus_E;s__Ruminococcus_E bromii_B
677000,0.037774801919428634,0.1732196865548529,0.03515232674924674,0.031371777209210784,1.265079365079365,1.0,0.6258096292914345,/tmp/nxf.XXXXtbAxzD/sourmash_database/gtdb-rs214-reps.k51.zip,"GCF_015557635.1 Fusicatenibacter saccharivorans strain=D41t1_190614_C8, ASM1555763v1",d2fdc17cdae8aecf1aac02f627d3979a,0.18614242507561177,630000,3,6066000,ERR688441.fastq.gz,ERR688441,eda290e3,17922000,51,DNA,1000,17922,True,0.9377822403347646,0.9675718895505538,0.9526770649426592,0.9675718895505538,False,797,7038,25405,d__Bacteria;p__Bacillota_A;c__Clostridia;o__Lachnospirales;f__Lachnospiraceae;g__Fusicatenibacter;s__Fusicatenibacter saccharivorans
583000,0.032529851579064836,0.16148325358851676,0.03013056578506863,0.030702617594961623,1.4444444444444444,1.0,0.8727705282957992,/tmp/nxf.XXXXtbAxzD/sourmash_database/gtdb-rs214-reps.k51.zip,"GCA_001312505.1 [Ruminococcus] faecis JCM 15917 strain=JCM 15917, ASM131250v1",74084a0ba33e0aad9e3ea50a89ace6e7,0.17434210526315788,540000,4,5526000,ERR688441.fastq.gz,ERR688441,eda290e3,17922000,51,DNA,1000,17922,True,0.935037568198048,0.9663301612509217,0.9506838647244849,0.9663301612509217,False,780,7818,25405,d__Bacteria;p__Bacillota_A;c__Clostridia;o__Lachnospirales;f__Lachnospiraceae;g__Mediterraneibacter;s__Mediterraneibacter faecis
523000,0.029182010936279434,0.24822021831988608,0.029182010936279434,0.030348356622712066,1.474187380497132,1.0,0.8944288259753179,/tmp/nxf.XXXXtbAxzD/sourmash_database/gtdb-rs214-reps.k51.zip,"GCA_902362275.1 Coriobacteriaceae bacterium, MGYG-HGUT-00017",f7e31a71fdbc19c93c57b83c335573f5,0.24822021831988608,523000,5,5003000,ERR688441.fastq.gz,ERR688441,eda290e3,17922000,51,DNA,1000,17922,True,0.933048501920935,0.9730475462698507,0.9530480240953929,0.9730475462698507,False,771,8589,25405,d__Bacteria;p__Actinomycetota;c__Coriobacteriia;o__Coriobacteriales;f__Coriobacteriaceae;g__Collinsella;s__Collinsella sp902362275
480000,0.026782725142283227,0.1369745496139548,0.026726927798236804,0.022633339893721707,1.2004175365344467,1.0,0.5304111071362213,/tmp/nxf.XXXXtbAxzD/sourmash_database/gtdb-rs214-reps.k51.zip,"GCF_000024265.1 Eggerthella lenta DSM 2243 strain=DSM 2243, ASM2426v1",9c03bee3a8ea07d1dca079c2919284a2,0.1372605090077209,479000,6,4524000,ERR688441.fastq.gz,ERR688441,eda290e3,17922000,51,DNA,1000,17922,True,0.9314801894416816,0.9618096486733512,0.9466449190575164,0.9618096486733512,False,575,9164,25405,d__Bacteria;p__Actinomycetota;c__Coriobacteriia;o__Coriobacteriales;f__Eggerthellaceae;g__Eggerthella;s__Eggerthella lenta
341000,0.019026894319830377,0.11980712166172107,0.018022542126994754,0.014918323164731353,1.173374613003096,1.0,0.49857698950499063,/tmp/nxf.XXXXtbAxzD/sourmash_database/gtdb-rs214-reps.k51.zip,"GCF_000332875.2 Anaerostipes hadrus DSM 3319 strain=DSM 3319, ASM33287v2",11a8e5e9f5fa6b11c020b08a3ba744de,0.12648367952522255,323000,7,4201000,ERR688441.fastq.gz,ERR688441,eda290e3,17922000,51,DNA,1000,17922,True,0.9252564383717827,0.9602688324723604,0.9427626354220715,0.9602688324723604,False,379,9543,25405,d__Bacteria;p__Bacillota_A;c__Clostridia;o__Lachnospirales;f__Lachnospiraceae;g__Anaerostipes;s__Anaerostipes hadrus
918000,0.05122196183461667,0.07362129856017387,0.015121080236580738,0.020035426097224956,1.878228782287823,1.0,1.3126991851184697,/tmp/nxf.XXXXtbAxzD/sourmash_database/gtdb-rs214-reps.k51.zip,"GCF_013300825.1 Blautia wexlerae strain=MSK.20.46, ASM1330082v1",f0cfb5d5e2d9fea502197382ec21bc76,0.24938875305623473,271000,8,3930000,ERR688441.fastq.gz,ERR688441,eda290e3,17922000,51,DNA,1000,17922,True,0.9433985833825057,0.9731371586685228,0.9582678710255143,0.9731371586685228,False,509,10052,25405,d__Bacteria;p__Bacillota_A;c__Clostridia;o__Lachnospirales;f__Lachnospiraceae;g__Blautia_A;s__Blautia_A wexlerae_B
325000,0.0181341368150876,0.06417830290010741,0.01333556522709519,0.010903365479236371,1.1589958158995817,1.0,0.4838745255413318,/tmp/nxf.XXXXtbAxzD/sourmash_database/gtdb-rs214-reps.k51.zip,"GCF_001487165.1 Blautia massiliensis strain=GD9, Blautia massiliensis1",26a084514a434ed691fd39a9b849e9f4,0.08727175080558539,239000,9,3691000,ERR688441.fastq.gz,ERR688441,eda290e3,17922000,51,DNA,1000,17922,True,0.924384979973519,0.9533070777655925,0.9388460288695557,0.9533070777655925,False,277,10329,25405,d__Bacteria;p__Bacillota_A;c__Clostridia;o__Lachnospirales;f__Lachnospiraceae;g__Blautia_A;s__Blautia_A massiliensis
261000,0.014563106796116505,0.07332293291731669,0.013112375850909496,0.010194843534737257,1.102127659574468,1.0,0.3165568495897411,/tmp/nxf.XXXXtbAxzD/sourmash_database/gtdb-rs214-reps.k51.zip,"GCA_000020605.1 [Eubacterium] rectale ATCC 33656 strain=ATCC 33656, ASM2060v1",bb4d1c2199066ffc1226ec8433ce5698,0.0814352574102964,235000,10,3456000,ERR688441.fastq.gz,ERR688441,eda290e3,17922000,51,DNA,1000,17922,True,0.920418572086174,0.9520141026161373,0.9362163373511556,0.9520141026161373,False,259,10588,25405,d__Bacteria;p__Bacillota_A;c__Clostridia;o__Lachnospirales;f__Lachnospiraceae;g__Agathobacter;s__Agathobacter rectalis
278000,0.015511661644905703,0.05227161700048852,0.011940631625934605,0.011729974414485337,1.3925233644859814,1.0,1.4772860273025819,/tmp/nxf.XXXXtbAxzD/sourmash_database/gtdb-rs214-reps.k51.zip,"GCF_020554845.1 Blautia faecis strain=DFI.3.66, ASM2055484v1",966f2aea56b388fc36102b75054e49d4,0.06790425012212994,214000,11,3242000,ERR688441.fastq.gz,ERR688441,eda290e3,17922000,51,DNA,1000,17922,True,0.9215580820191142,0.9486281736512736,0.9350931278351939,0.9486281736512736,False,298,10886,25405,d__Bacteria;p__Bacillota_A;c__Clostridia;o__Lachnospirales;f__Lachnospiraceae;g__Blautia_A;s__Blautia_A faecis
240000,0.013391362571141614,0.0531055900621118,0.0095413458319384,0.00936823459948829,1.391812865497076,1.0,1.1865437991085284,/tmp/nxf.XXXXtbAxzD/sourmash_database/gtdb-rs214-reps.k51.zip,"GCF_020687205.1 Hominisplanchenecus faecis strain=CLA-AA-H246, ASM2068720v1",0a411542971e35712722644c0bed8e6b,0.07453416149068323,171000,12,3071000,ERR688441.fastq.gz,ERR688441,eda290e3,17922000,51,DNA,1000,17922,True,0.9189059717187616,0.9503625649260135,0.9346342683223876,0.9503625649260135,False,238,11124,25405,d__Bacteria;p__Bacillota_A;c__Clostridia;o__Lachnospirales;f__Lachnospiraceae;g__Hominisplanchenecus;s__Hominisplanchenecus faecis
223000,0.012442807722352416,0.04250681198910082,0.008704385671242048,0.008266089352489667,1.3461538461538463,1.0,0.9104369629528714,/tmp/nxf.XXXXtbAxzD/sourmash_database/gtdb-rs214-reps.k51.zip,"GCA_025147765.1 Blautia obeum ATCC 29174 strain=ATCC 29174, ASM2514776v1",aa800a95b7aa246d998085e9b2fb3124,0.060762942779291555,156000,13,2915000,ERR688441.fastq.gz,ERR688441,eda290e3,17922000,51,DNA,1000,17922,True,0.9175832108719468,0.9465635578528777,0.9320733843624123,0.9465635578528777,False,210,11334,25405,d__Bacteria;p__Bacillota_A;c__Clostridia;o__Lachnospirales;f__Lachnospiraceae;g__Blautia_A;s__Blautia_A obeum
146000,0.008146412230777816,0.043439452543885745,0.008146412230777816,0.009604408580987994,1.6712328767123288,1.0,1.6137660752935776,/tmp/nxf.XXXXtbAxzD/sourmash_database/gtdb-rs214-reps.k51.zip,"GCF_009494135.1 Prevotella copri strain=iAK278, ASM949413v1",29c5ed357ad46138fbfbe389c1783ea0,0.043439452543885745,146000,14,2769000,ERR688441.fastq.gz,ERR688441,eda290e3,17922000,51,DNA,1000,17922,True,0.9099940580280409,0.940355025470246,0.9251745417491435,0.940355025470246,False,244,11578,25405,d__Bacteria;p__Bacteroidota;c__Bacteroidia;o__Bacteroidales;f__Bacteroidaceae;g__Prevotella;s__Prevotella copri_B
224000,0.012498605066398839,0.043357076494270674,0.007811628166499275,0.0064160598307419795,1.1642857142857144,1.0,0.7132492480163708,/tmp/nxf.XXXXtbAxzD/sourmash_database/gtdb-rs214-reps.k51.zip,"GCA_025150245.1 Dorea formicigenerans strain=ATCC 27755, ASM2515024v1",7b7bf80b0639b07bda378c4de7e251f0,0.06937132239083307,140000,15,2629000,ERR688441.fastq.gz,ERR688441,eda290e3,17922000,51,DNA,1000,17922,True,0.91766371488503,0.9490258425537277,0.9333447787193788,0.9490258425537277,False,163,11741,25405,d__Bacteria;p__Bacillota_A;c__Clostridia;o__Lachnospirales;f__Lachnospiraceae;g__Dorea;s__Dorea formicigenerans
205000,0.011438455529516795,0.033760473139477575,0.0076442361343600045,0.006061798858492423,1.1240875912408759,1.0,0.443036230817329,/tmp/nxf.XXXXtbAxzD/sourmash_database/gtdb-rs214-reps.k51.zip,"GCF_024622975.1 Blautia caecimuris strain=DSM 29492, ASM2462297v1",1248931c5307393cc9ef816719d4b9e7,0.05051749630359783,137000,16,2492000,ERR688441.fastq.gz,ERR688441,eda290e3,17922000,51,DNA,1000,17922,True,0.9160702351318428,0.9431424457771824,0.9296063404545126,0.9431424457771824,False,154,11895,25405,d__Bacteria;p__Bacillota_A;c__Clostridia;o__Lachnospirales;f__Lachnospiraceae;g__Blautia_A;s__Blautia_A caecimuris
194000,0.010824684745006138,0.0371900826446281,0.007030465349849347,0.005825624876992718,1.1746031746031746,1.0,0.5356995882757525,/tmp/nxf.XXXXtbAxzD/sourmash_database/gtdb-rs214-reps.k51.zip,"GCA_003481745.1 Firmicutes bacterium OM04-13BH strain=OM04-13BH, ASM348174v1",fa6f3b0aaec63a9374368bc5f3dfe959,0.05726092089728453,126000,17,2366000,ERR688441.fastq.gz,ERR688441,eda290e3,17922000,51,DNA,1000,17922,True,0.9150801246873997,0.94546244100613,0.9302712828467649,0.94546244100613,False,148,12043,25405,d__Bacteria;p__Bacillota_A;c__Clostridia;o__Lachnospirales;f__Lachnospiraceae;g__Blautia;s__Blautia stercoris
162000,0.009039169735520589,0.0425531914893617,0.006695681285570807,0.005313914583743358,1.125,1.0,0.4195731958391368,/tmp/nxf.XXXXtbAxzD/sourmash_database/gtdb-rs214-reps.k51.zip,"GCF_024168045.1 Dorea longicatena strain=NB2A-3-NA, ASM2416804v1",5fba9226860b39ee4f11395602a350d1,0.0574468085106383,120000,18,2246000,ERR688441.fastq.gz,ERR688441,eda290e3,17922000,51,DNA,1000,17922,True,0.9118514416158271,0.9455225273873475,0.9286869845015873,0.9455225273873475,False,135,12178,25405,d__Bacteria;p__Bacillota_A;c__Clostridia;o__Lachnospirales;f__Lachnospiraceae;g__Dorea_A;s__Dorea_A longicatena_B
357000,0.01991965182457315,0.05856299212598425,0.006639883941524384,0.009446959259988192,2.0168067226890756,2.0,1.1880581803745158,/tmp/nxf.XXXXtbAxzD/sourmash_database/gtdb-rs214-reps.k51.zip,"GCF_002834225.1 Ruminococcus bromii strain=ATCC 27255, ASM283422v1",cc0d1920d867de31a7e6286955b7e12a,0.17568897637795275,119000,19,2127000,ERR688441.fastq.gz,ERR688441,eda290e3,17922000,51,DNA,1000,17922,True,0.9260886960821659,0.9664759888395225,0.9462823424608442,0.9664759888395225,False,240,12418,25405,d__Bacteria;p__Bacillota_A;c__Clostridia;o__Oscillospirales;f__Acutalibacteraceae;g__Ruminococcus_E;s__Ruminococcus_E bromii
132000,0.007365249414127887,0.040418621436304585,0.0062493025331994195,0.0049990159417437514,1.1339285714285714,1.0,0.5087719057110135,/tmp/nxf.XXXXtbAxzD/sourmash_database/gtdb-rs214-reps.k51.zip,"GCF_003024685.1 Faecalibacillus intestinalis strain=SNUG30099, ASM302468v1",4a3ada76144d96da9058de1efa570bf0,0.04763623240707326,112000,20,2015000,ERR688441.fastq.gz,ERR688441,eda290e3,17922000,51,DNA,1000,17922,True,0.9081971741022513,0.9420570500309642,0.9251271120666078,0.9420570500309642,False,127,12545,25405,d__Bacteria;p__Bacillota;c__Bacilli;o__Erysipelotrichales;f__Coprobacillaceae;g__Faecalibacillus;s__Faecalibacillus intestinalis
112000,0.0062493025331994195,0.03275109170305677,0.005858721124874456,0.004605392639244243,1.1142857142857143,1.0,0.5400932144288696,/tmp/nxf.XXXXtbAxzD/sourmash_database/gtdb-rs214-reps.k51.zip,"GCA_003460745.1 Firmicutes bacterium AM55-24TS strain=AM55-24TS, ASM346074v1",80420d374bef48c7644cd7f87f70f8f9,0.034934497816593885,105000,21,1910000,ERR688441.fastq.gz,ERR688441,eda290e3,17922000,51,DNA,1000,17922,True,0.9052760082239745,0.9363460070758024,0.9208110076498884,0.9363460070758024,False,117,12662,25405,d__Bacteria;p__Bacillota_A;c__Clostridia;o__UBA1381;f__UBA1381;g__CAG-41;s__CAG-41 sp900066215
216000,0.012052226314027453,0.02927400468384075,0.005579734404642339,0.006337335170242079,1.61,1.0,1.4892615619829848,/tmp/nxf.XXXXtbAxzD/sourmash_database/gtdb-rs214-reps.k51.zip,"GCF_900209925.1 Anaerobutyricum hallii, EH1",84b0ba7d93d1acab2a2022439c432f48,0.06323185011709602,100000,22,1810000,ERR688441.fastq.gz,ERR688441,eda290e3,17922000,51,DNA,1000,17922,True,0.9170095703518933,0.9473030574418512,0.9321563138968723,0.9473030574418512,False,161,12823,25405,d__Bacteria;p__Bacillota_A;c__Clostridia;o__Lachnospirales;f__Lachnospiraceae;g__Anaerobutyricum;s__Anaerobutyricum soehngenii
397000,0.022151545586430087,0.020985846754514398,0.0047985715879924114,0.004802204290493997,1.4186046511627908,1.0,1.0395114715640472,/tmp/nxf.XXXXtbAxzD/sourmash_database/gtdb-rs214-reps.k51.zip,"GCF_003471165.1 Ruminococcus sp. AM22-13 strain=AM22-13, ASM347116v1",eb25a624fa651d73118847d8c54261dd,0.09687652513421181,86000,23,1724000,ERR688441.fastq.gz,ERR688441,eda290e3,17922000,51,DNA,1000,17922,True,0.9280191579250192,0.9552607471342924,0.9416399525296558,0.9552607471342924,False,122,12945,25405,d__Bacteria;p__Bacillota_A;c__Clostridia;o__Lachnospirales;f__Lachnospiraceae;g__Blautia_A;s__Blautia_A sp003471165
106000,0.005914518468920879,0.025955804980708524,0.004129003459435331,0.004251131666994686,1.4594594594594594,1.0,2.119339450823281,/tmp/nxf.XXXXtbAxzD/sourmash_database/gtdb-rs214-reps.k51.zip,"GCA_003096535.1 Agathobaculum butyriciproducens strain=DSM 100391, ASM309653v1",f95593bb2ec2b82c10cb0d4ba8cefe38,0.037179936864258155,74000,24,1650000,ERR688441.fastq.gz,ERR688441,eda290e3,17922000,51,DNA,1000,17922,True,0.9042991964799594,0.9374904151816353,0.9208948058307973,0.9374904151816353,False,108,13053,25405,d__Bacteria;p__Bacillota_A;c__Clostridia;o__Oscillospirales;f__Butyricicoccaceae;g__Agathobaculum;s__Agathobaculum butyriciproducens
226000,0.012610199754491687,0.0208398133748056,0.003738422051110367,0.0037787837039952765,1.4328358208955223,1.0,1.0957704383867257,/tmp/nxf.XXXXtbAxzD/sourmash_database/gtdb-rs214-reps.k51.zip,"GCA_934309345.1 uncultured Mediterraneibacter sp., ERR7738595_bin.190",136dc434e251d95d4ae62e9116676515,0.07029548989113531,67000,25,1583000,ERR688441.fastq.gz,ERR688441,eda290e3,17922000,51,DNA,1000,17922,True,0.9178236712656105,0.9492721389269085,0.9335479050962595,0.9492721389269085,False,96,13149,25405,d__Bacteria;p__Bacillota_A;c__Clostridia;o__Lachnospirales;f__Lachnospiraceae;g__Mediterraneibacter;s__Mediterraneibacter sp934309345
68000,0.0037942193951567907,0.021143847487001734,0.003403637986831827,0.0026766384569966543,1.1147540983606556,1.0,0.546174795047793,/tmp/nxf.XXXXtbAxzD/sourmash_database/gtdb-rs214-reps.k51.zip,"GCF_015560805.1 Mediterraneibacter glycyrrhizinilyticus strain=BSD2780061687b_171204_B1, ASM1556080v1",cf9239adc869fdb33e75fe12f966af18,0.023570190641247834,61000,26,1522000,ERR688441.fastq.gz,ERR688441,eda290e3,17922000,51,DNA,1000,17922,True,0.8964618503512018,0.9291494002178408,0.9128056252845214,0.9291494002178408,False,68,13217,25405,d__Bacteria;p__Bacillota_A;c__Clostridia;o__Lachnospirales;f__Lachnospiraceae;g__Schaedlerella;s__Schaedlerella glycyrrhizinilytica_A
60000,0.0033478406427854034,0.016656384947563233,0.003013056578506863,0.002164928163747294,1.0185185185185186,1.0,0.13481684980149106,/tmp/nxf.XXXXtbAxzD/sourmash_database/gtdb-rs214-reps.k51.zip,"GCF_900199375.1 Gordonibacter urolithinfaciens strain=DSM 27213T, G142160_polished_assembly_ID17483",d7eaa3023b4605cf120952272bc556e5,0.01850709438618137,54000,27,1468000,ERR688441.fastq.gz,ERR688441,eda290e3,17922000,51,DNA,1000,17922,True,0.8942644697443616,0.924754045729805,0.9095092577370834,0.924754045729805,False,55,13272,25405,d__Bacteria;p__Actinomycetota;c__Coriobacteriia;o__Coriobacteriales;f__Eggerthellaceae;g__Gordonibacter;s__Gordonibacter urolithinfaciens
123000,0.006863073317710077,0.015289620699794178,0.002901461890414016,0.002361739814997048,1.1538461538461537,1.0,0.532938710021193,/tmp/nxf.XXXXtbAxzD/sourmash_database/gtdb-rs214-reps.k51.zip,"GCF_000469345.1 Eubacterium ramulus ATCC 29099 strain=ATCC 29099, ASM46934v1",8221e40b6dea7608c75d90b7e6d6d600,0.036165833578359306,52000,28,1416000,ERR688441.fastq.gz,ERR688441,eda290e3,17922000,51,DNA,1000,17922,True,0.9069405016871257,0.9369822045969102,0.9219613531420179,0.9369822045969102,False,60,13332,25405,d__Bacteria;p__Bacillota_A;c__Clostridia;o__Lachnospirales;f__Lachnospiraceae;g__Eubacterium_I;s__Eubacterium_I ramulus
