intersect_bp,f_orig_query,f_match,f_unique_to_query,f_unique_weighted,average_abund,median_abund,std_abund,filename,name,md5,f_match_orig,unique_intersect_bp,gather_result_rank,remaining_bp,query_filename,query_name,query_md5,query_bp,ksize,moltype,scaled,query_n_hashes,query_abundance,query_containment_ani,match_containment_ani,average_containment_ani,max_containment_ani,potential_false_negative,n_unique_weighted_found,sum_weighted_found,total_weighted_hashes,lineage
3308000,0.26331290296903603,0.6511811023622047,0.26331290296903603,0.44931762510206463,3.493349455864571,3.0,3.035304841372138,/tmp/nxf.XXXXh7WCtx/sourmash_database/gtdb-rs214-reps.k51.zip,"GCF_000012825.1 Bacteroides vulgatus ATCC 8482 strain=ATCC 8482, ASM1282v1",63b92dc09e7b5ffbd878d8e5fce5cfec,0.6511811023622047,3308000,0,3003000,ERR688501.fastq.gz,ERR688501,b26b6245,12563000,51,DNA,1000,12563,True,0.9741743908961987,0.9916241474153762,0.9828992691557874,0.9916241474153762,False,11556,11556,25719,d__Bacteria;p__Bacteroidota;c__Bacteroidia;o__Bacteroidales;f__Bacteroidaceae;g__Phocaeicola;s__Phocaeicola vulgatus
512000,0.04075459683196689,0.11174159755565255,0.04075459683196689,0.02780045880477468,1.396484375,1.0,2.4312876249799937,/tmp/nxf.XXXXh7WCtx/sourmash_database/gtdb-rs214-reps.k51.zip,"GCA_025147485.1 Bacteroides uniformis strain=ATCC 8492, ASM2514748v1",177d80c9d0f18e5195e47e20bdf54706,0.11174159755565255,512000,1,2491000,ERR688501.fastq.gz,ERR688501,b26b6245,12563000,51,DNA,1000,12563,True,0.9391794056942028,0.9579383201901879,0.9485588629421953,0.9579383201901879,False,715,12271,25719,d__Bacteria;p__Bacteroidota;c__Bacteroidia;o__Bacteroidales;f__Bacteroidaceae;g__Bacteroides;s__Bacteroides uniformis
470000,0.03741144631059461,0.06966363781284872,0.03478468518665924,0.024417745635522375,1.437070938215103,1.0,4.2105673562819295,/tmp/nxf.XXXXh7WCtx/sourmash_database/gtdb-rs214-reps.k51.zip,"GCF_000011065.1 Bacteroides thetaiotaomicron VPI-5482 strain=VPI-5482, ASM1106v1",36e5cf9f0e4c0a0411f3300c5364f87f,0.07492427865455126,437000,2,2054000,ERR688501.fastq.gz,ERR688501,b26b6245,12563000,51,DNA,1000,12563,True,0.9376045280274832,0.950459850168879,0.9440321890981811,0.950459850168879,False,628,12899,25719,d__Bacteria;p__Bacteroidota;c__Bacteroidia;o__Bacteroidales;f__Bacteroidaceae;g__Bacteroides;s__Bacteroides thetaiotaomicron
332000,0.026426808883228528,0.14975191700496165,0.026426808883228528,0.01683580232512928,1.3042168674698795,1.0,0.6991261679780217,/tmp/nxf.XXXXh7WCtx/sourmash_database/gtdb-rs214-reps.k51.zip,"GCF_001025135.1 Bifidobacterium bifidum ATCC 29521 = JCM 1255 = DSM 20456 strain=JCM 1255, ASM102513v1",404c2d0a233dc79a88353930897b2669,0.14975191700496165,332000,3,1722000,ERR688501.fastq.gz,ERR688501,b26b6245,12563000,51,DNA,1000,12563,True,0.9312358793920086,0.9634536606715325,0.9473447700317705,0.9634536606715325,False,433,13332,25719,d__Bacteria;p__Actinomycetota;c__Actinomycetia;o__Actinomycetales;f__Bifidobacteriaceae;g__Bifidobacterium;s__Bifidobacterium bifidum
204000,0.016238159675236806,0.05868814729574223,0.016238159675236806,0.008553987324546056,1.0784313725490196,1.0,0.3031298987007903,/tmp/nxf.XXXXh7WCtx/sourmash_database/gtdb-rs214-reps.k51.zip,"GCF_008121495.1 [Ruminococcus] gnavus ATCC 29149 strain=JCM6515, ASM812149v1",c0af2b4fd1a1fb3c5fc7e5a29e4fe5d1,0.05868814729574223,204000,4,1518000,ERR688501.fastq.gz,ERR688501,b26b6245,12563000,51,DNA,1000,12563,True,0.9223855408644956,0.9459189574980957,0.9341522491812957,0.9459189574980957,False,220,13552,25719,d__Bacteria;p__Bacillota_A;c__Clostridia;o__Lachnospirales;f__Lachnospiraceae;g__Ruminococcus_B;s__Ruminococcus_B gnavus
1098000,0.08739950648730399,0.03718556325191396,0.016238159675236806,0.02259030288891481,2.8480392156862746,2.0,3.3608831236761496,/tmp/nxf.XXXXh7WCtx/sourmash_database/gtdb-rs214-reps.k51.zip,"GCF_013009555.1 Bacteroides dorei strain=DSM 17855, ASM1300955v1",92c62d3d608447418f79f40c554d2f69,0.2001458257382428,204000,5,1314000,ERR688501.fastq.gz,ERR688501,b26b6245,12563000,51,DNA,1000,12563,True,0.9533344214932736,0.968948985815304,0.9611417036542889,0.968948985815304,False,581,14133,25719,d__Bacteria;p__Bacteroidota;c__Bacteroidia;o__Bacteroidales;f__Bacteroidaceae;g__Phocaeicola;s__Phocaeicola dorei
1429000,0.11374671654859508,0.03775484520513466,0.0119398232906153,0.019246471480228625,3.3,3.0,3.2532035493238562,/tmp/nxf.XXXXh7WCtx/sourmash_database/gtdb-rs214-reps.k51.zip,"GCA_900760795.1 Bacteroidaceae bacterium, SRS021948_34",d1db19c7390bdd0d48d0186cf7ff78fb,0.3596778253209162,150000,6,1164000,ERR688501.fastq.gz,ERR688501,b26b6245,12563000,51,DNA,1000,12563,True,0.9582724387897771,0.980149730366656,0.9692110845782165,0.980149730366656,False,495,14628,25719,d__Bacteria;p__Bacteroidota;c__Bacteroidia;o__Bacteroidales;f__Bacteroidaceae;g__Phocaeicola;s__Phocaeicola sp900760795
158000,0.012576613866114781,0.022531819745442036,0.010427445673804027,0.005326801197558226,1.0458015267175573,1.0,0.2428392934440743,/tmp/nxf.XXXXh7WCtx/sourmash_database/gtdb-rs214-reps.k51.zip,"GCF_000210075.1 Bacteroides xylanisolvens XB1A strain=XB1A, ASM21007v1",6bf3ff1d807c2ab1988e6b3c386a7cec,0.02717578259373925,131000,7,1033000,ERR688501.fastq.gz,ERR688501,b26b6245,12563000,51,DNA,1000,12563,True,0.9177756767527713,0.9317463227676277,0.9247609997601995,0.9317463227676277,False,137,14765,25719,d__Bacteria;p__Bacteroidota;c__Bacteroidia;o__Bacteroidales;f__Bacteroidaceae;g__Bacteroides;s__Bacteroides xylanisolvens
116000,0.009233463344742497,0.04671768022553363,0.009233463344742497,0.004899101831330923,1.0862068965517242,1.0,0.3365382982059162,/tmp/nxf.XXXXh7WCtx/sourmash_database/gtdb-rs214-reps.k51.zip,"GCF_010669225.1 Megamonas funiformis strain=JCM 14723, ASM1066922v1",7a7700ea5b75889aca0f5d12daf4fbbf,0.04671768022553363,116000,8,917000,ERR688501.fastq.gz,ERR688501,b26b6245,12563000,51,DNA,1000,12563,True,0.9122317607818798,0.9416974565893603,0.92696460868562,0.9416974565893603,False,126,14891,25719,d__Bacteria;p__Bacillota_C;c__Negativicutes;o__Selenomonadales;f__Selenomonadaceae;g__Megamonas;s__Megamonas funiformis
120000,0.009551858632492239,0.01938379922464803,0.007561888084056356,0.017924491620980598,4.852631578947369,4.0,5.26551526154175,/tmp/nxf.XXXXh7WCtx/sourmash_database/gtdb-rs214-reps.k51.zip,"GCF_000156195.1 Bacteroides finegoldii DSM 17565 strain=DSM 17565, ASM15619v1",9d0fea771ba61065a50bf9434f874c00,0.024484799020608038,95000,9,822000,ERR688501.fastq.gz,ERR688501,b26b6245,12563000,51,DNA,1000,12563,True,0.912838355944582,0.9298432358643899,0.9213407959044859,0.9298432358643899,False,461,15352,25719,d__Bacteria;p__Bacteroidota;c__Bacteroidia;o__Bacteroidales;f__Bacteroidaceae;g__Bacteroides;s__Bacteroides finegoldii
87000,0.0069250975085568735,0.02142857142857143,0.006447504576932261,0.013725261479839808,4.3580246913580245,3.0,3.649145484195229,/tmp/nxf.XXXXh7WCtx/sourmash_database/gtdb-rs214-reps.k51.zip,"GCF_900128495.1 Bacteroides ilei strain=Marseille-P3208, PRJEB18049",5b8f3d666e92098aa83663cb2eb10d80,0.023015873015873017,81000,10,741000,ERR688501.fastq.gz,ERR688501,b26b6245,12563000,51,DNA,1000,12563,True,0.9071005069636283,0.9287159220651926,0.9179082145144104,0.9287159220651926,False,353,15705,25719,d__Bacteria;p__Bacteroidota;c__Bacteroidia;o__Bacteroidales;f__Bacteroidaceae;g__Phocaeicola;s__Phocaeicola ilei
73000,0.005810714001432779,0.011503697617091208,0.0055719175356204725,0.0029161320424588824,1.0714285714285714,1.0,0.30805512361211174,/tmp/nxf.XXXXh7WCtx/sourmash_database/gtdb-rs214-reps.k51.zip,"GCF_003434055.1 Enterocloster aldensis strain=AF19-9LB, ASM343405v1",eecb9a883e1e8956a099f9d7e63aac1a,0.01199671322925226,70000,11,671000,ERR688501.fastq.gz,ERR688501,b26b6245,12563000,51,DNA,1000,12563,True,0.9039852883923696,0.9169265634446249,0.9104559259184972,0.9169265634446249,False,75,15780,25719,d__Bacteria;p__Bacillota_A;c__Clostridia;o__Lachnospirales;f__Lachnospiraceae;g__Enterocloster;s__Enterocloster aldenensis
67000,0.005333121069808167,0.028210526315789474,0.005333121069808167,0.002760605000194409,1.0597014925373134,1.0,0.23693295322966482,/tmp/nxf.XXXXh7WCtx/sourmash_database/gtdb-rs214-reps.k51.zip,"GCA_000411415.1 Actinomyces sp. HPA0247 strain=HPA0247, Acti_sp_HPA0247_V1",b60d5f6df05edb1699aff080037fc039,0.028210526315789474,67000,12,604000,ERR688501.fastq.gz,ERR688501,b26b6245,12563000,51,DNA,1000,12563,True,0.9024663317491948,0.9324292863352893,0.917447809042242,0.9324292863352893,False,71,15851,25719,d__Bacteria;p__Actinomycetota;c__Actinomycetia;o__Actinomycetales;f__Actinomycetaceae;g__Pauljensenia;s__Pauljensenia sp000411415
263000,0.020934490169545492,0.012910798122065728,0.005253522247870732,0.007776352113223687,3.0303030303030303,2.0,2.7022420375282366,/tmp/nxf.XXXXh7WCtx/sourmash_database/gtdb-rs214-reps.k51.zip,"GCA_900762515.1 uncultured Odoribacter sp., SRS144506_36",81ef5d08316e74d552edff3f0ef7eae3,0.05144757433489828,66000,13,538000,ERR688501.fastq.gz,ERR688501,b26b6245,12563000,51,DNA,1000,12563,True,0.9269914598501479,0.943479884405392,0.9352356721277699,0.943479884405392,False,200,16051,25719,d__Bacteria;p__Bacteroidota;c__Bacteroidia;o__Bacteroidales;f__Marinifilaceae;g__Odoribacter;s__Odoribacter sp900762515
741000,0.058982727055639575,0.019883040935672516,0.0040595399188092015,0.006765426338504608,3.411764705882353,3.0,2.2853023191111315,/tmp/nxf.XXXXh7WCtx/sourmash_database/gtdb-rs214-reps.k51.zip,"GCA_019414665.1 Bacteroides sp., ASM1941466v1",020e6e4bea30c62d0c7beb17e6beaf5f,0.28888888888888886,51000,14,487000,ERR688501.fastq.gz,ERR688501,b26b6245,12563000,51,DNA,1000,12563,True,0.9460118263117884,0.9759466886753276,0.9609792574935581,0.9759466886753276,False,174,16225,25719,d__Bacteria;p__Bacteroidota;c__Bacteroidia;o__Bacteroidales;f__Bacteroidaceae;g__Phocaeicola;s__Phocaeicola sp019414665
962000,0.07657406670381278,0.015379975874547648,0.0040595399188092015,0.004704693028500331,2.372549019607843,2.0,1.441143123530428,/tmp/nxf.XXXXh7WCtx/sourmash_database/gtdb-rs214-reps.k51.zip,"GCA_019414725.1 Bacteroides sp., ASM1941472v1",64c46002555414dcc8eeb8f014050549,0.29010856453558503,51000,15,436000,ERR688501.fastq.gz,ERR688501,b26b6245,12563000,51,DNA,1000,12563,True,0.9508658480504021,0.9760273141332051,0.9634465810918036,0.9760273141332051,False,121,16346,25719,d__Bacteria;p__Bacteroidota;c__Bacteroidia;o__Bacteroidales;f__Bacteroidaceae;g__Phocaeicola;s__Phocaeicola sp019414725
