intersect_bp,f_orig_query,f_match,f_unique_to_query,f_unique_weighted,average_abund,median_abund,std_abund,filename,name,md5,f_match_orig,unique_intersect_bp,gather_result_rank,remaining_bp,query_filename,query_name,query_md5,query_bp,ksize,moltype,scaled,query_n_hashes,query_abundance,query_containment_ani,match_containment_ani,average_containment_ani,max_containment_ani,potential_false_negative,n_unique_weighted_found,sum_weighted_found,total_weighted_hashes,lineage
2087000,0.08640390825536143,0.4235843312360463,0.08640390825536143,0.09323213156230234,1.7656923814087206,1.0,1.240280579124714,/tmp/nxf.XXXXMdRAhV/sourmash_database/gtdb-rs214-reps.k51.zip,"GCF_003697165.2 Escherichia coli DSM 30083 = JCM 1649 = ATCC 11775 strain=ATCC 11775, ASM369716v2",84efa859553c7c5d22f6f6377fa345fd,0.4235843312360463,2087000,0,9360000,ERR688484.fastq.gz,ERR688484,8a4b3a14,24154000,51,DNA,1000,24154,True,0.9531202868785411,0.9832978641499869,0.968209075514264,0.9832978641499869,False,3685,3685,39525,d__Bacteria;p__Pseudomonadota;c__Gammaproteobacteria;o__Enterobacterales;f__Enterobacteriaceae;g__Escherichia;s__Escherichia coli
1867000,0.07729568601473875,0.4727779184603697,0.07729568601473875,0.15091714104996837,3.1949651847884306,3.0,3.386465442179352,/tmp/nxf.XXXXMdRAhV/sourmash_database/gtdb-rs214-reps.k51.zip,"GCA_025147325.1 Bacteroides stercoris ATCC 43183 strain=ATCC 43183, ASM2514732v1",457cfca025715f640ca0a2d4865521d7,0.4727779184603697,1867000,1,7493000,ERR688484.fastq.gz,ERR688484,8a4b3a14,24154000,51,DNA,1000,24154,True,0.9510407429244281,0.9854185402771966,0.9682296416008123,0.9854185402771966,False,5965,9650,39525,d__Bacteria;p__Bacteroidota;c__Bacteroidia;o__Bacteroidales;f__Bacteroidaceae;g__Bacteroides;s__Bacteroides stercoris
1489000,0.06164610416494162,0.22698170731707318,0.06164610416494162,0.0690955091714105,1.8341168569509738,1.0,1.3550460041573251,/tmp/nxf.XXXXMdRAhV/sourmash_database/gtdb-rs214-reps.k51.zip,"GCF_002234575.2 Enterocloster bolteae strain=ATCC BAA-613, ASM223457v2",b5edd45c572fe04753d4848d8e14e842,0.22698170731707318,1489000,2,6004000,ERR688484.fastq.gz,ERR688484,8a4b3a14,24154000,51,DNA,1000,24154,True,0.9468314161677404,0.9713424520324581,0.9590869341000992,0.9713424520324581,False,2731,12381,39525,d__Bacteria;p__Bacillota_A;c__Clostridia;o__Lachnospirales;f__Lachnospiraceae;g__Enterocloster;s__Enterocloster bolteae
692000,0.028649499047776767,0.14795587280986372,0.028318290966299578,0.020543959519291586,1.1871345029239766,1.0,0.6882968891691706,/tmp/nxf.XXXXMdRAhV/sourmash_database/gtdb-rs214-reps.k51.zip,"GCF_001729745.1 Enterobacter hormaechei subsp. hoffmannii strain=DSM 14563, ASM172974v1",c984ea3d004cc2e684c08e1870e5c140,0.14968635085442353,684000,3,5320000,ERR688484.fastq.gz,ERR688484,8a4b3a14,24154000,51,DNA,1000,24154,True,0.9327116316553115,0.9634453877067091,0.9480785096810103,0.9634453877067091,False,812,13193,39525,d__Bacteria;p__Pseudomonadota;c__Gammaproteobacteria;o__Enterobacterales;f__Enterobacteriaceae;g__Enterobacter;s__Enterobacter hormaechei_A
610000,0.025254616212635587,0.13236587510993844,0.0249234081311584,0.021859582542694496,1.435215946843854,1.0,0.9311635113815524,/tmp/nxf.XXXXMdRAhV/sourmash_database/gtdb-rs214-reps.k51.zip,"GCA_025148125.1 Blautia wexlerae DSM 19850 strain=DSM 19850, ASM2514812v1",7f2073ec6218c72ec98b02ac15cb9880,0.13412489006156553,602000,4,4718000,ERR688484.fastq.gz,ERR688484,8a4b3a14,24154000,51,DNA,1000,24154,True,0.9304078126014887,0.9613739294840441,0.9458908710427665,0.9613739294840441,False,864,14057,39525,d__Bacteria;p__Bacillota_A;c__Clostridia;o__Lachnospirales;f__Lachnospiraceae;g__Blautia_A;s__Blautia_A wexlerae
512000,0.021197317214540035,0.14952153110047847,0.020700505092324253,0.01816571790006325,1.436,1.0,0.765443662198597,/tmp/nxf.XXXXMdRAhV/sourmash_database/gtdb-rs214-reps.k51.zip,"GCA_001312505.1 [Ruminococcus] faecis JCM 15917 strain=JCM 15917, ASM131250v1",74084a0ba33e0aad9e3ea50a89ace6e7,0.15311004784688995,500000,5,4218000,ERR688484.fastq.gz,ERR688484,8a4b3a14,24154000,51,DNA,1000,24154,True,0.9272182657106749,0.9638727009362377,0.9455454833234562,0.9638727009362377,False,718,14775,39525,d__Bacteria;p__Bacillota_A;c__Clostridia;o__Lachnospirales;f__Lachnospiraceae;g__Mediterraneibacter;s__Mediterraneibacter faecis
483000,0.019996687919185227,0.12702777014022545,0.019127266705307608,0.01411764705882353,1.2077922077922079,1.0,0.5011932688625559,/tmp/nxf.XXXXMdRAhV/sourmash_database/gtdb-rs214-reps.k51.zip,"GCF_015557635.1 Fusicatenibacter saccharivorans strain=D41t1_190614_C8, ASM1555763v1",d2fdc17cdae8aecf1aac02f627d3979a,0.13280175969205388,462000,6,3756000,ERR688484.fastq.gz,ERR688484,8a4b3a14,24154000,51,DNA,1000,24154,True,0.9261587888038857,0.9611870661002208,0.9436729274520532,0.9611870661002208,False,558,15333,39525,d__Bacteria;p__Bacillota_A;c__Clostridia;o__Lachnospirales;f__Lachnospiraceae;g__Fusicatenibacter;s__Fusicatenibacter saccharivorans
425000,0.017595429328475614,0.09822119102861562,0.01577378488035108,0.011865907653383934,1.230971128608924,1.0,0.5316110824639229,/tmp/nxf.XXXXMdRAhV/sourmash_database/gtdb-rs214-reps.k51.zip,"GCA_025145285.1 Alistipes onderdonkii strain=DSM 19147, ASM2514528v1",2de6e539bf1bbcefae850f4a041e233c,0.10956432070121165,381000,7,3375000,ERR688484.fastq.gz,ERR688484,8a4b3a14,24154000,51,DNA,1000,24154,True,0.9238385399712107,0.9575687914447234,0.940703665707967,0.9575687914447234,False,469,15802,39525,d__Bacteria;p__Bacteroidota;c__Bacteroidia;o__Bacteroidales;f__Rikenellaceae;g__Alistipes;s__Alistipes onderdonkii
343000,0.014200546493334437,0.07263294422827497,0.013910739422041898,0.009386464263124604,1.1041666666666667,1.0,0.3422360238661998,/tmp/nxf.XXXXMdRAhV/sourmash_database/gtdb-rs214-reps.k51.zip,"GCF_012317185.1 [Clostridium] innocuum strain=ATCC 14501, ASM1231718v1",91693cab416177f5c43d8f522dba510f,0.07414613056636403,336000,8,3039000,ERR688484.fastq.gz,ERR688484,8a4b3a14,24154000,51,DNA,1000,24154,True,0.9199636918561711,0.9502653034546535,0.9351144976554123,0.9502653034546535,False,371,16173,39525,d__Bacteria;p__Bacillota;c__Bacilli;o__Erysipelotrichales;f__Erysipelotrichaceae;g__Clostridium_AQ;s__Clostridium_AQ innocuum
282000,0.011675084872070878,0.08458308338332333,0.011675084872070878,0.007767235926628716,1.0886524822695036,1.0,0.33039675237992283,/tmp/nxf.XXXXMdRAhV/sourmash_database/gtdb-rs214-reps.k51.zip,"GCF_014131695.1 Erysipelatoclostridium ramosum DSM 1402 strain=DSM 1402, ASM1413169v1",7067e76f1f8fb6fb2a7b6a18482cbfb2,0.08458308338332333,282000,9,2757000,ERR688484.fastq.gz,ERR688484,8a4b3a14,24154000,51,DNA,1000,24154,True,0.9164381040329529,0.9527223278390944,0.9345802159360237,0.9527223278390944,False,307,16480,39525,d__Bacteria;p__Bacillota;c__Bacilli;o__Erysipelotrichales;f__Coprobacillaceae;g__Thomasclavelia;s__Thomasclavelia ramosa
232000,0.009605034362838454,0.07382992748846408,0.009273826281361265,0.006299810246679317,1.1116071428571428,1.0,0.34206451347304506,/tmp/nxf.XXXXMdRAhV/sourmash_database/gtdb-rs214-reps.k51.zip,"GCF_004346095.1 Faecalimonas umbilicata strain=DSM 103426, ASM434609v1",4d731f895c2fd95110047057d95e38e8,0.07646671061305207,224000,10,2533000,ERR688484.fastq.gz,ERR688484,8a4b3a14,24154000,51,DNA,1000,24154,True,0.9129377285880771,0.9508396907637074,0.9318887096758923,0.9508396907637074,False,249,16729,39525,d__Bacteria;p__Bacillota_A;c__Clostridia;o__Lachnospirales;f__Lachnospiraceae;g__Faecalimonas;s__Faecalimonas umbilicata
202000,0.008363004057298997,0.05427189682966147,0.008363004057298997,0.006097406704617331,1.193069306930693,1.0,0.915948615635003,/tmp/nxf.XXXXMdRAhV/sourmash_database/gtdb-rs214-reps.k51.zip,"GCF_000239295.1 Flavonifractor plautii ATCC 29863 strain=ATCC 29863, ASM23929v1",1ed22d796c79d0337723a67a4b313636,0.05427189682966147,202000,11,2331000,ERR688484.fastq.gz,ERR688484,8a4b3a14,24154000,51,DNA,1000,24154,True,0.9104623809007095,0.9444690811738563,0.9274657310372829,0.9444690811738563,False,241,16970,39525,d__Bacteria;p__Bacillota_A;c__Clostridia;o__Oscillospirales;f__Oscillospiraceae;g__Flavonifractor;s__Flavonifractor plautii
147000,0.006085948497143331,0.06976744186046512,0.006085948497143331,0.004351676154332701,1.1700680272108843,1.0,0.426569126709956,/tmp/nxf.XXXXMdRAhV/sourmash_database/gtdb-rs214-reps.k51.zip,"GCA_902362275.1 Coriobacteriaceae bacterium, MGYG-HGUT-00017",f7e31a71fdbc19c93c57b83c335573f5,0.06976744186046512,147000,12,2184000,ERR688484.fastq.gz,ERR688484,8a4b3a14,24154000,51,DNA,1000,24154,True,0.9048059676748273,0.9491318024006505,0.9269688850377389,0.9491318024006505,False,172,17142,39525,d__Bacteria;p__Actinomycetota;c__Coriobacteriia;o__Coriobacteriales;f__Coriobacteriaceae;g__Collinsella;s__Collinsella sp902362275
134000,0.0055477353647429,0.04686398872445384,0.0055063343545582516,0.003516761543327008,1.0451127819548873,1.0,0.20755148483973324,/tmp/nxf.XXXXMdRAhV/sourmash_database/gtdb-rs214-reps.k51.zip,"GCF_000723465.1 Ruminococcus bicirculans strain=80/3, Rb803",70a947f02b8a53314791d97d0ad7467e,0.047216349541930935,133000,13,2051000,ERR688484.fastq.gz,ERR688484,8a4b3a14,24154000,51,DNA,1000,24154,True,0.9031647421792874,0.9418935261598326,0.9225291341695601,0.9418935261598326,False,139,17281,39525,d__Bacteria;p__Bacillota_A;c__Clostridia;o__Oscillospirales;f__Ruminococcaceae;g__Ruminococcus_D;s__Ruminococcus_D bicirculans
229000,0.009480831332284508,0.030014641288433383,0.005092324252711766,0.004098671726755218,1.3170731707317074,1.0,0.7021114864189955,/tmp/nxf.XXXXMdRAhV/sourmash_database/gtdb-rs214-reps.k51.zip,"GCF_003471165.1 Ruminococcus sp. AM22-13 strain=AM22-13, ASM347116v1",eb25a624fa651d73118847d8c54261dd,0.05588091752074183,123000,14,1928000,ERR688484.fastq.gz,ERR688484,8a4b3a14,24154000,51,DNA,1000,24154,True,0.9127047735971161,0.9450102950095483,0.9288575343033322,0.9450102950095483,False,162,17443,39525,d__Bacteria;p__Bacillota_A;c__Clostridia;o__Lachnospirales;f__Lachnospiraceae;g__Blautia_A;s__Blautia_A sp003471165
120000,0.004968121222157821,0.02923686818632309,0.004885319201788523,0.003213156230234029,1.076271186440678,1.0,0.2956400600425832,/tmp/nxf.XXXXMdRAhV/sourmash_database/gtdb-rs214-reps.k51.zip,"GCF_000949455.1 Ruthenibacterium lactatiformans strain=585-1, ASM94945v1",1562c71162861a5c6e3bb1e6d2a266f2,0.02973240832507433,118000,15,1810000,ERR688484.fastq.gz,ERR688484,8a4b3a14,24154000,51,DNA,1000,24154,True,0.9012126885890291,0.9333904112877162,0.9173015499383727,0.9333904112877162,False,127,17570,39525,d__Bacteria;p__Bacillota_A;c__Clostridia;o__Oscillospirales;f__Ruminococcaceae;g__Ruthenibacterium;s__Ruthenibacterium lactatiformans
385000,0.015939388921089676,0.023121387283236993,0.004802517181419227,0.005009487666034156,1.706896551724138,1.0,1.0668778278899989,/tmp/nxf.XXXXMdRAhV/sourmash_database/gtdb-rs214-reps.k51.zip,"GCF_005843885.1 Escherichia sp. E4742 strain=E4742, ASM584388v1",440a1d2d5bc0973705d09cae59de539f,0.07673908710384691,116000,16,1694000,ERR688484.fastq.gz,ERR688484,8a4b3a14,24154000,51,DNA,1000,24154,True,0.922049733011673,0.9509059852086166,0.9364778591101448,0.9509059852086166,False,198,17768,39525,d__Bacteria;p__Pseudomonadota;c__Gammaproteobacteria;o__Enterobacterales;f__Enterobacteriaceae;g__Escherichia;s__Escherichia sp005843885
98000,0.004057298998095553,0.03938906752411576,0.004057298998095553,0.0026565464895635673,1.0714285714285714,1.0,0.25753937681885636,/tmp/nxf.XXXXMdRAhV/sourmash_database/gtdb-rs214-reps.k51.zip,"GCA_000435395.1 Firmicutes bacterium CAG:94, MGS94",ed152edf1ab19c10e04de036141eccf2,0.03938906752411576,98000,17,1596000,ERR688484.fastq.gz,ERR688484,8a4b3a14,24154000,51,DNA,1000,24154,True,0.8976410116954139,0.938552016341835,0.9180965140186245,0.938552016341835,False,105,17873,39525,d__Bacteria;p__Bacillota_A;c__Clostridia;o__Oscillospirales;f__Acutalibacteraceae;g__Acutalibacter;s__Acutalibacter ornithocaccae
320000,0.013248323259087522,0.024721543058951374,0.003767491926803014,0.003010752688172043,1.3076923076923077,1.0,0.6743708128600553,/tmp/nxf.XXXXMdRAhV/sourmash_database/gtdb-rs214-reps.k51.zip,"GCF_013300825.1 Blautia wexlerae strain=MSK.20.46, ASM1330082v1",f0cfb5d5e2d9fea502197382ec21bc76,0.08693289866883999,91000,18,1505000,ERR688484.fastq.gz,ERR688484,8a4b3a14,24154000,51,DNA,1000,24154,True,0.9187125008161156,0.9532343622467314,0.9359734315314234,0.9532343622467314,False,119,17992,39525,d__Bacteria;p__Bacillota_A;c__Clostridia;o__Lachnospirales;f__Lachnospiraceae;g__Blautia_A;s__Blautia_A wexlerae_B
88000,0.0036432888962490686,0.03763440860215054,0.0034776848555104745,0.002251739405439595,1.0595238095238095,1.0,0.2824716789929684,/tmp/nxf.XXXXMdRAhV/sourmash_database/gtdb-rs214-reps.k51.zip,"GCA_900543555.1 uncultured Ruminococcaceae bacterium, UMGS581",e87fa72ec8d4c2f5a130c2ef2ccca301,0.03942652329749104,84000,19,1421000,ERR688484.fastq.gz,ERR688484,8a4b3a14,24154000,51,DNA,1000,24154,True,0.8957486230101376,0.938569507915338,0.9171590654627377,0.938569507915338,False,89,18081,39525,d__Bacteria;p__Bacillota_A;c__Clostridia;o__Oscillospirales;f__Acutalibacteraceae;g__Acutalibacter;s__Acutalibacter stercoravium
76000,0.0031464767740332863,0.0409612233752048,0.003105075763848638,0.0019987349778621127,1.0533333333333332,1.0,0.2777688887466621,/tmp/nxf.XXXXMdRAhV/sourmash_database/gtdb-rs214-reps.k51.zip,"GCF_000156175.1 Collinsella intestinalis DSM 13280 strain=DSM 13280, ASM15617v1",f2ce7422bc3a9839d3098533117e6bc8,0.04150737302020754,75000,20,1346000,ERR688484.fastq.gz,ERR688484,8a4b3a14,24154000,51,DNA,1000,24154,True,0.8931774211224102,0.9395165107001738,0.9163469659112919,0.9395165107001738,False,79,18160,39525,d__Bacteria;p__Actinomycetota;c__Coriobacteriia;o__Coriobacteriales;f__Coriobacteriaceae;g__Collinsella;s__Collinsella intestinalis
84000,0.0034776848555104745,0.03109452736318408,0.003105075763848638,0.0019987349778621127,1.0533333333333332,1.0,0.22469732728470287,/tmp/nxf.XXXXMdRAhV/sourmash_database/gtdb-rs214-reps.k51.zip,"GCF_003425665.1 Evtepia gabavorous strain=KLE1738, ASM342566v1",825783787e9721103d4e3c056974af66,0.03482587064676617,75000,21,1271000,ERR688484.fastq.gz,ERR688484,8a4b3a14,24154000,51,DNA,1000,24154,True,0.8949319320136576,0.9362888311807112,0.9156103815971843,0.9362888311807112,False,79,18239,39525,d__Bacteria;p__Bacillota_A;c__Clostridia;o__Oscillospirales;f__Oscillospiraceae;g__Evtepia;s__Evtepia gabavorous
390000,0.016146393972012917,0.01649208825495877,0.0030636747536639895,0.003213156230234029,1.7162162162162162,1.0,1.3707392981602364,/tmp/nxf.XXXXMdRAhV/sourmash_database/gtdb-rs214-reps.k51.zip,"GCF_002965065.1 Escherichia sp. MOD1-EC7003 strain=MOD1-EC7003, ASM296506v1",10464a15002925b3d236f1c4c1df1115,0.0869177624247827,74000,22,1197000,ERR688484.fastq.gz,ERR688484,8a4b3a14,24154000,51,DNA,1000,24154,True,0.9222830484273995,0.9532311076248206,0.93775707802611,0.9532311076248206,False,127,18366,39525,d__Bacteria;p__Pseudomonadota;c__Gammaproteobacteria;o__Enterobacterales;f__Enterobacteriaceae;g__Escherichia;s__Escherichia sp002965065
361000,0.01494576467665811,0.01305091998288404,0.002525461621263559,0.0025553447185325743,1.6557377049180328,1.0,1.4697523589962562,/tmp/nxf.XXXXMdRAhV/sourmash_database/gtdb-rs214-reps.k51.zip,"GCF_000026225.1 Escherichia fergusonii ATCC 35469 strain=ATCC 35469T, ASM2622v1",7dbe6010890b58df30d52f7c51938181,0.07723577235772358,61000,23,1136000,ERR688484.fastq.gz,ERR688484,8a4b3a14,24154000,51,DNA,1000,24154,True,0.9208867792300423,0.9510262830477826,0.9359565311389124,0.9510262830477826,False,101,18467,39525,d__Bacteria;p__Pseudomonadota;c__Gammaproteobacteria;o__Enterobacterales;f__Enterobacteriaceae;g__Escherichia;s__Escherichia fergusonii
66000,0.0027324666721868012,0.008679023242130037,0.0024426596008942617,0.0018469323213156231,1.2372881355932204,1.0,0.531674140385021,/tmp/nxf.XXXXMdRAhV/sourmash_database/gtdb-rs214-reps.k51.zip,"GCA_025149285.1 Hungatella hathewayi strain=DSM 13479, ASM2514928v1",b55d263853c99ee47710856fc84fd988,0.009708737864077669,59000,24,1077000,ERR688484.fastq.gz,ERR688484,8a4b3a14,24154000,51,DNA,1000,24154,True,0.8907100859413616,0.913129983386235,0.9019200346637983,0.913129983386235,False,73,18540,39525,d__Bacteria;p__Bacillota_A;c__Clostridia;o__Lachnospirales;f__Lachnospiraceae;g__Hungatella;s__Hungatella hathewayi
65000,0.002691065662002153,0.007099879663056558,0.0024426596008942617,0.0031625553447185324,2.1186440677966103,2.0,1.4853493084885858,/tmp/nxf.XXXXMdRAhV/sourmash_database/gtdb-rs214-reps.k51.zip,"GCA_900761785.1 uncultured Bacteroides sp., SRS098827_17",45fd8f7382853829c2c562be7916791a,0.007821901323706379,59000,25,1018000,ERR688484.fastq.gz,ERR688484,8a4b3a14,24154000,51,DNA,1000,24154,True,0.8904434809194046,0.9092690290707135,0.8998562549950591,0.9092690290707135,False,125,18665,39525,d__Bacteria;p__Bacteroidota;c__Bacteroidia;o__Bacteroidales;f__Bacteroidaceae;g__Bacteroides;s__Bacteroides sp900761785
182000,0.007534983853606028,0.017418351477449457,0.002318456570340316,0.00232764073371284,1.6428571428571428,1.0,1.2309777099724348,/tmp/nxf.XXXXMdRAhV/sourmash_database/gtdb-rs214-reps.k51.zip,"GCA_934309345.1 uncultured Mediterraneibacter sp., ERR7738595_bin.190",136dc434e251d95d4ae62e9116676515,0.05660964230171073,56000,26,962000,ERR688484.fastq.gz,ERR688484,8a4b3a14,24154000,51,DNA,1000,24154,True,0.9086029933740911,0.9452504021422582,0.9269266977581747,0.9452504021422582,False,92,18757,39525,d__Bacteria;p__Bacillota_A;c__Clostridia;o__Lachnospirales;f__Lachnospiraceae;g__Mediterraneibacter;s__Mediterraneibacter sp934309345
