intersect_bp,f_orig_query,f_match,f_unique_to_query,f_unique_weighted,average_abund,median_abund,std_abund,filename,name,md5,f_match_orig,unique_intersect_bp,gather_result_rank,remaining_bp,query_filename,query_name,query_md5,query_bp,ksize,moltype,scaled,query_n_hashes,query_abundance,query_containment_ani,match_containment_ani,average_containment_ani,max_containment_ani,potential_false_negative,n_unique_weighted_found,sum_weighted_found,total_weighted_hashes,lineage
1522000,0.06488744884038199,0.30397443578989414,0.06488744884038199,0.06949865820931934,1.497371879106439,1.0,1.0876470062454824,/tmp/nxf.XXXXDLAYMY/sourmash_database/gtdb-rs214-reps.k51.zip,"GCF_000424325.1 [Clostridium] clostridioforme AGR2157 strain=AGR2157, ASM42432v1",00ec25d96f02a31f9560cc8fb0be0494,0.30397443578989414,1522000,0,10256000,ERR688498.fastq.gz,ERR688498,dab99bf1,23456000,51,DNA,1000,23456,True,0.9477832589448938,0.9769212359025123,0.9623522474237031,0.9769212359025123,False,2279,2279,32792,d__Bacteria;p__Bacillota_A;c__Clostridia;o__Lachnospirales;f__Lachnospiraceae;g__Enterocloster;s__Enterocloster clostridioformis_A
1453000,0.06194577080491132,0.27787339835532604,0.06194577080491132,0.06278970480605026,1.417068134893324,1.0,1.0117195947356605,/tmp/nxf.XXXXDLAYMY/sourmash_database/gtdb-rs214-reps.k51.zip,"GCF_000025985.1 Bacteroides fragilis NCTC 9343, ASM2598v1",5ed7bd7e8a301425ed2ad891c3e399f5,0.27787339835532604,1453000,1,8803000,ERR688498.fastq.gz,ERR688498,dab99bf1,23456000,51,DNA,1000,23456,True,0.9469214493198153,0.9752030225692215,0.9610622359445185,0.9752030225692215,False,2059,4338,32792,d__Bacteria;p__Bacteroidota;c__Bacteroidia;o__Bacteroidales;f__Bacteroidaceae;g__Bacteroides;s__Bacteroides fragilis
1351000,0.05759720327421555,0.4066827212522577,0.05759720327421555,0.06852281044157112,1.6632124352331605,1.0,1.3640628286362497,/tmp/nxf.XXXXDLAYMY/sourmash_database/gtdb-rs214-reps.k51.zip,"GCF_013304445.1 Blautia hansenii strain=MSK.15.26, ASM1330444v1",6863e91bf03a789759f0f329d888ab72,0.4066827212522577,1351000,2,7452000,ERR688498.fastq.gz,ERR688498,dab99bf1,23456000,51,DNA,1000,23456,True,0.9455710017131184,0.9825130951740307,0.9640420484435746,0.9825130951740307,False,2247,6585,32792,d__Bacteria;p__Bacillota_A;c__Clostridia;o__Lachnospirales;f__Lachnospiraceae;g__Blautia;s__Blautia sp900541955
1169000,0.04983799454297408,0.31783369803063455,0.04953956343792633,0.05388509392534765,1.5206540447504302,1.0,1.120918414523967,/tmp/nxf.XXXXDLAYMY/sourmash_database/gtdb-rs214-reps.k51.zip,"GCF_005280655.1 Anaerostipes rhamnosivorans strain=1y2, ASM528065v1",52dcd932fce94a878b8b04a3c8aa2f5c,0.3197483588621444,1162000,3,6290000,ERR688498.fastq.gz,ERR688498,dab99bf1,23456000,51,DNA,1000,23456,True,0.9428920450787677,0.9778907977312016,0.9603914214049847,0.9778907977312016,False,1767,8352,32792,d__Bacteria;p__Bacillota_A;c__Clostridia;o__Lachnospirales;f__Lachnospiraceae;g__Anaerostipes;s__Anaerostipes rhamnosivorans
1030000,0.04391200545702592,0.2764642665233745,0.0438693724420191,0.05748353256891925,1.8318756073858116,1.0,1.832095477521268,/tmp/nxf.XXXXDLAYMY/sourmash_database/gtdb-rs214-reps.k51.zip,"GCF_000239295.1 Flavonifractor plautii ATCC 29863 strain=ATCC 29863, ASM23929v1",1ed22d796c79d0337723a67a4b313636,0.276732939279957,1029000,4,5261000,ERR688498.fastq.gz,ERR688498,dab99bf1,23456000,51,DNA,1000,23456,True,0.9405545435523383,0.9751243845008762,0.9578394640266072,0.9751243845008762,False,1885,10237,32792,d__Bacteria;p__Bacillota_A;c__Clostridia;o__Oscillospirales;f__Oscillospiraceae;g__Flavonifractor;s__Flavonifractor plautii
579000,0.024684515688949523,0.08379400640093104,0.02455661664392906,0.0202488411807758,1.1527777777777777,1.0,0.4650185845217557,/tmp/nxf.XXXXDLAYMY/sourmash_database/gtdb-rs214-reps.k51.zip,"GCF_020091405.1 Bacteroides cellulosilyticus strain=BFG-250, ASM2009140v1",e37ed1690502390971d446c82f6240b5,0.08423043351760257,576000,5,4685000,ERR688498.fastq.gz,ERR688498,dab99bf1,23456000,51,DNA,1000,23456,True,0.9299913602938729,0.952644282762533,0.941317821528203,0.952644282762533,False,664,10901,32792,d__Bacteria;p__Bacteroidota;c__Bacteroidia;o__Bacteroidales;f__Bacteroidaceae;g__Bacteroides;s__Bacteroides sp900552405
521000,0.022211800818553888,0.18102849200833912,0.022211800818553888,0.03583191022200537,2.2552783109404992,2.0,2.214525414444062,/tmp/nxf.XXXXDLAYMY/sourmash_database/gtdb-rs214-reps.k51.zip,"GCF_020687245.1 Faecalibacterium longum CLA-AA-H243 strain=CLA-AA-H243, ASM2068724v1",e1ff3e2f54ab82a776eb959bb6aa8673,0.18102849200833912,521000,6,4164000,ERR688498.fastq.gz,ERR688498,dab99bf1,23456000,51,DNA,1000,23456,True,0.9280685888867385,0.9670435181459819,0.9475560535163602,0.9670435181459819,False,1175,12076,32792,d__Bacteria;p__Bacillota_A;c__Clostridia;o__Oscillospirales;f__Ruminococcaceae;g__Faecalibacterium;s__Faecalibacterium longum
514000,0.021913369713506138,0.10432311751572965,0.021913369713506138,0.01985240302512808,1.2665369649805447,1.0,0.7118841605009284,/tmp/nxf.XXXXDLAYMY/sourmash_database/gtdb-rs214-reps.k51.zip,"GCF_003697165.2 Escherichia coli DSM 30083 = JCM 1649 = ATCC 11775 strain=ATCC 11775, ASM369716v2",84efa859553c7c5d22f6f6377fa345fd,0.10432311751572965,514000,7,3650000,ERR688498.fastq.gz,ERR688498,dab99bf1,23456000,51,DNA,1000,23456,True,0.9278224690531364,0.9566488635777309,0.9422356663154337,0.9566488635777309,False,651,12727,32792,d__Bacteria;p__Pseudomonadota;c__Gammaproteobacteria;o__Enterobacterales;f__Enterobacteriaceae;g__Escherichia;s__Escherichia coli
518000,0.022083901773533424,0.14441887226697353,0.021401773533424283,0.02076726030739205,1.3565737051792828,1.0,0.7537070493770732,/tmp/nxf.XXXXDLAYMY/sourmash_database/gtdb-rs214-reps.k51.zip,"GCF_008121495.1 [Ruminococcus] gnavus ATCC 29149 strain=JCM6515, ASM812149v1",c0af2b4fd1a1fb3c5fc7e5a29e4fe5d1,0.14902186421173763,502000,8,3148000,ERR688498.fastq.gz,ERR688498,dab99bf1,23456000,51,DNA,1000,23456,True,0.9279635083651268,0.9633613434997736,0.9456624259324502,0.9633613434997736,False,681,13408,32792,d__Bacteria;p__Bacillota_A;c__Clostridia;o__Lachnospirales;f__Lachnospiraceae;g__Ruminococcus_B;s__Ruminococcus_B gnavus
382000,0.01628581173260573,0.06757000903342367,0.01594474761255116,0.012472554281532081,1.0935828877005347,1.0,0.3259072032982926,/tmp/nxf.XXXXDLAYMY/sourmash_database/gtdb-rs214-reps.k51.zip,"GCF_000828055.2 Klebsiella variicola strain=DSM 15968, ASM82805v2",ca204df8ee9b0eebdb0f442ab90dec5c,0.06901535682023487,374000,9,2774000,ERR688498.fastq.gz,ERR688498,dab99bf1,23456000,51,DNA,1000,23456,True,0.9224385393157543,0.9489301163979525,0.9356843278568534,0.9489301163979525,False,409,13817,32792,d__Bacteria;p__Pseudomonadota;c__Gammaproteobacteria;o__Enterobacterales;f__Enterobacteriaceae;g__Klebsiella;s__Klebsiella variicola
329000,0.014026261937244202,0.18037280701754385,0.014026261937244202,0.014698707001707733,1.465045592705167,1.0,0.9123402959151177,/tmp/nxf.XXXXDLAYMY/sourmash_database/gtdb-rs214-reps.k51.zip,"GCF_000160055.1 Dialister invisus DSM 15470 strain=DSM 15470, ASM16005v1",f5affa7513f69773c6fae6e4919ba6cc,0.18037280701754385,329000,10,2445000,ERR688498.fastq.gz,ERR688498,dab99bf1,23456000,51,DNA,1000,23456,True,0.9197409609026246,0.9669747168850155,0.94335783889382,0.9669747168850155,False,482,14299,32792,d__Bacteria;p__Bacillota_C;c__Negativicutes;o__Veillonellales;f__Dialisteraceae;g__Dialister;s__Dialister invisus
228000,0.009720327421555252,0.10438799076212471,0.00963506139154161,0.007776286899243718,1.1283185840707965,1.0,0.44760306106426634,/tmp/nxf.XXXXDLAYMY/sourmash_database/gtdb-rs214-reps.k51.zip,"GCA_900762445.1 uncultured Sutterella sp., SRS142712_7",f055aedf37e1b77712ed0543f53ab382,0.10531177829099307,226000,11,2219000,ERR688498.fastq.gz,ERR688498,dab99bf1,23456000,51,DNA,1000,23456,True,0.9131513439396439,0.9568258090636328,0.9349885765016384,0.9568258090636328,False,255,14554,32792,d__Bacteria;p__Pseudomonadota;c__Gammaproteobacteria;o__Burkholderiales;f__Burkholderiaceae_A;g__Sutterella;s__Sutterella sp900762445
207000,0.008825034106412005,0.11153017241379311,0.008825034106412005,0.007318858258111734,1.1594202898550725,1.0,0.4381512016762601,/tmp/nxf.XXXXDLAYMY/sourmash_database/gtdb-rs214-reps.k51.zip,"GCF_000165735.1 Megasphaera micronuciformis F0359 strain=F0359, ASM16573v1",1b8b01bd3fe6f4639025d9ca9e74876f,0.11153017241379311,207000,12,2012000,ERR688498.fastq.gz,ERR688498,dab99bf1,23456000,51,DNA,1000,23456,True,0.9114228852973708,0.9579027478655023,0.9346628165814366,0.9579027478655023,False,240,14794,32792,d__Bacteria;p__Bacillota_C;c__Negativicutes;o__Veillonellales;f__Megasphaeraceae;g__Anaeroglobus;s__Anaeroglobus micronuciformis
194000,0.008270804911323329,0.09862735129639044,0.008270804911323329,0.006830934374237619,1.1546391752577319,1.0,0.4835480164766422,/tmp/nxf.XXXXDLAYMY/sourmash_database/gtdb-rs214-reps.k51.zip,"GCF_002959915.1 Veillonella atypica KON strain=ATCC 17744, ASM295991v1",154e4b388ee290a12ac4205af985e5c8,0.09862735129639044,194000,13,1818000,ERR688498.fastq.gz,ERR688498,dab99bf1,23456000,51,DNA,1000,23456,True,0.9102644952689808,0.9555962971645175,0.9329303962167492,0.9555962971645175,False,224,15018,32792,d__Bacteria;p__Bacillota_C;c__Negativicutes;o__Veillonellales;f__Veillonellaceae;g__Veillonella;s__Veillonella atypica
182000,0.007759208731241474,0.038910505836575876,0.007673942701227831,0.005824591363747255,1.0611111111111111,1.0,0.26170146029586394,/tmp/nxf.XXXXDLAYMY/sourmash_database/gtdb-rs214-reps.k51.zip,"GCF_012317185.1 [Clostridium] innocuum strain=ATCC 14501, ASM1231718v1",91693cab416177f5c43d8f522dba510f,0.039342844790315606,180000,14,1638000,ERR688498.fastq.gz,ERR688498,dab99bf1,23456000,51,DNA,1000,23456,True,0.9091255666572448,0.9385304081690053,0.923827987413125,0.9385304081690053,False,191,15209,32792,d__Bacteria;p__Bacillota;c__Bacilli;o__Erysipelotrichales;f__Erysipelotrichaceae;g__Clostridium_AQ;s__Clostridium_AQ innocuum
165000,0.0070344474761255115,0.04767408263507657,0.0070344474761255115,0.00561112466455233,1.1151515151515152,1.0,0.3551535836117239,/tmp/nxf.XXXXDLAYMY/sourmash_database/gtdb-rs214-reps.k51.zip,"GCF_003019675.1 Fusobacterium ulcerans strain=ATCC 49185, ASM301967v1",5a5a15e83d287c74e3caf328966957f8,0.04767408263507657,165000,15,1473000,ERR688498.fastq.gz,ERR688498,dab99bf1,23456000,51,DNA,1000,23456,True,0.9073792077646844,0.9420717213453347,0.9247254645550096,0.9420717213453347,False,184,15393,32792,d__Bacteria;p__Fusobacteriota;c__Fusobacteriia;o__Fusobacteriales;f__Fusobacteriaceae;g__Fusobacterium_A;s__Fusobacterium_A ulcerans
168000,0.007162346521145975,0.03839066339066339,0.00532912687585266,0.004177848255672115,1.096,1.0,0.4275324549083963,/tmp/nxf.XXXXDLAYMY/sourmash_database/gtdb-rs214-reps.k51.zip,"GCF_002270485.1 Anaerostipes sp. BG01 strain=BG01, ASM227048v1",3a5aec1b2eac5ea92d6de84550011712,0.051597051597051594,125000,16,1348000,ERR688498.fastq.gz,ERR688498,dab99bf1,23456000,51,DNA,1000,23456,True,0.9076998451329417,0.9435335572866715,0.9256167012098067,0.9435335572866715,False,137,15530,32792,d__Bacteria;p__Bacillota_A;c__Clostridia;o__Lachnospirales;f__Lachnospiraceae;g__Anaerostipes;s__Anaerostipes hominis
100000,0.004263301500682128,0.01627670396744659,0.004092769440654843,0.002958038545986826,1.0104166666666667,1.0,0.1015291077584267,/tmp/nxf.XXXXDLAYMY/sourmash_database/gtdb-rs214-reps.k51.zip,"GCF_900461125.1 Blautia coccoides strain=NCTC11035, 49699_D02",45a3d39fe1c9487e12ba0324b7d409b5,0.0169548999660902,96000,17,1252000,ERR688498.fastq.gz,ERR688498,dab99bf1,23456000,51,DNA,1000,23456,True,0.8985131391960652,0.923167057576142,0.9108400983861036,0.923167057576142,False,97,15627,32792,d__Bacteria;p__Bacillota_A;c__Clostridia;o__Lachnospirales;f__Lachnospiraceae;g__Blautia;s__Blautia coccoides
94000,0.004007503410641201,0.02163344676713661,0.003794338335607094,0.0040558672847035866,1.4943820224719102,1.0,1.1129835952395317,/tmp/nxf.XXXXDLAYMY/sourmash_database/gtdb-rs214-reps.k51.zip,"GCA_025146565.1 Bacteroides eggerthii strain=DSM 20697, ASM2514656v1",45ad3ec1bc53e1675a4c17a92223f768,0.022848808945065628,89000,18,1163000,ERR688498.fastq.gz,ERR688498,dab99bf1,23456000,51,DNA,1000,23456,True,0.8974236852506343,0.9285832686954574,0.9130034769730458,0.9285832686954574,False,133,15760,32792,d__Bacteria;p__Bacteroidota;c__Bacteroidia;o__Bacteroidales;f__Bacteroidaceae;g__Bacteroides;s__Bacteroides eggerthii
298000,0.012704638472032742,0.011928715148031043,0.0035385402455661665,0.002927543303244694,1.1566265060240963,1.0,0.39521010763510184,/tmp/nxf.XXXXDLAYMY/sourmash_database/gtdb-rs214-reps.k51.zip,"GCF_000513195.1 Bacteroides timonensis, AP1",866b9dfffc66fc248b42c5707cded6b0,0.042828398965219894,83000,19,1080000,ERR688498.fastq.gz,ERR688498,dab99bf1,23456000,51,DNA,1000,23456,True,0.9179579563515458,0.9400938520808102,0.9290259042161779,0.9400938520808102,False,96,15856,32792,d__Bacteria;p__Bacteroidota;c__Bacteroidia;o__Bacteroidales;f__Bacteroidaceae;g__Bacteroides;s__Bacteroides timonensis
91000,0.003879604365620737,0.023361823361823363,0.003495907230559345,0.002531105147596975,1.0121951219512195,1.0,0.10975609756097561,/tmp/nxf.XXXXDLAYMY/sourmash_database/gtdb-rs214-reps.k51.zip,"GCF_004295125.1 [Clostridium] scindens ATCC 35704 strain=ATCC 35704, ASM429512v1",7cfec14eb0600804ba54be1adb1b9af4,0.025925925925925925,82000,20,998000,ERR688498.fastq.gz,ERR688498,dab99bf1,23456000,51,DNA,1000,23456,True,0.896853117986626,0.9308865395005513,0.9138698287435887,0.9308865395005513,False,83,15939,32792,d__Bacteria;p__Bacillota_A;c__Clostridia;o__Lachnospirales;f__Lachnospiraceae;g__Clostridium_AP;s__Clostridium_AP scindens
73000,0.0031122100954979535,0.010698878343399483,0.0026432469304229194,0.0019212002927543304,1.0161290322580645,1.0,0.12597176896623638,/tmp/nxf.XXXXDLAYMY/sourmash_database/gtdb-rs214-reps.k51.zip,"GCF_001598695.1 Klebsiella oxytoca NBRC 105695 strain=NBRC 105695, ASM159869v1",45761d177c62c8a8bffb732e9fd3fd1f,0.012597066436583261,62000,21,936000,ERR688498.fastq.gz,ERR688498,dab99bf1,23456000,51,DNA,1000,23456,True,0.8929856672872893,0.9178049185837526,0.9053952929355209,0.9178049185837526,False,63,16002,32792,d__Bacteria;p__Pseudomonadota;c__Gammaproteobacteria;o__Enterobacterales;f__Enterobacteriaceae;g__Klebsiella;s__Klebsiella oxytoca
77000,0.003282742155525239,0.011418904631000211,0.002302182810368349,0.001738228836301537,1.0555555555555556,1.0,0.22906142364542553,/tmp/nxf.XXXXDLAYMY/sourmash_database/gtdb-rs214-reps.k51.zip,"GCA_003481775.1 Clostridiaceae bacterium OM02-2AC strain=OM02-2AC, ASM348177v1",f565d31783b7a21f11bdf733e6a0eca8,0.01628251215901882,54000,22,882000,ERR688498.fastq.gz,ERR688498,dab99bf1,23456000,51,DNA,1000,23456,True,0.8939202186424038,0.922434874443782,0.9081775465430929,0.922434874443782,False,57,16059,32792,d__Bacteria;p__Bacillota;c__Bacilli;o__Erysipelotrichales;f__Erysipelotrichaceae;g__Clostridium_AQ;s__Clostridium_AQ sp003481775
56000,0.0023874488403819918,0.010236220472440945,0.002216916780354707,0.0020431812637228593,1.2884615384615385,1.0,0.688826718791243,/tmp/nxf.XXXXDLAYMY/sourmash_database/gtdb-rs214-reps.k51.zip,"GCF_000012825.1 Bacteroides vulgatus ATCC 8482 strain=ATCC 8482, ASM1282v1",63b92dc09e7b5ffbd878d8e5fce5cfec,0.011023622047244094,52000,23,830000,ERR688498.fastq.gz,ERR688498,dab99bf1,23456000,51,DNA,1000,23456,True,0.8883558009541962,0.9154069434081161,0.9018813721811562,0.9154069434081161,False,67,16126,32792,d__Bacteria;p__Bacteroidota;c__Bacteroidia;o__Bacteroidales;f__Bacteroidaceae;g__Phocaeicola;s__Phocaeicola vulgatus
