intersect_bp,f_orig_query,f_match,f_unique_to_query,f_unique_weighted,average_abund,median_abund,std_abund,filename,name,md5,f_match_orig,unique_intersect_bp,gather_result_rank,remaining_bp,query_filename,query_name,query_md5,query_bp,ksize,moltype,scaled,query_n_hashes,query_abundance,query_containment_ani,match_containment_ani,average_containment_ani,max_containment_ani,potential_false_negative,n_unique_weighted_found,sum_weighted_found,total_weighted_hashes,lineage
1247000,0.06741269326413667,0.3310326519777011,0.06741269326413667,0.13173455978975032,2.5725741780272653,2.0,2.934350117996623,/tmp/nxf.XXXXbY1k6A/sourmash_database/gtdb-rs214-reps.k51.zip,"GCF_001275135.1 Prevotella rara strain=109, ASM127513v1",4f7e646639da45e47eb5d1883df68753,0.3310326519777011,1247000,0,6454000,ERR688497.fastq.gz,ERR688497,51fd4a4d,18498000,51,DNA,1000,18498,True,0.9484930447033878,0.9785560415935859,0.9635245431484869,0.9785560415935859,False,3208,3208,24352,d__Bacteria;p__Bacteroidota;c__Bacteroidia;o__Bacteroidales;f__Bacteroidaceae;g__Prevotella;s__Prevotella rara
1035000,0.055951994810249754,0.1886620488516223,0.055951994810249754,0.05691524310118266,1.3391304347826087,1.0,0.9539975477699189,/tmp/nxf.XXXXbY1k6A/sourmash_database/gtdb-rs214-reps.k51.zip,"GCF_013009555.1 Bacteroides dorei strain=DSM 17855, ASM1300955v1",92c62d3d608447418f79f40c554d2f69,0.1886620488516223,1035000,1,5419000,ERR688497.fastq.gz,ERR688497,51fd4a4d,18498000,51,DNA,1000,18498,True,0.9450338489218147,0.9678270056017517,0.9564304272617832,0.9678270056017517,False,1386,4594,24352,d__Bacteria;p__Bacteroidota;c__Bacteroidia;o__Bacteroidales;f__Bacteroidaceae;g__Phocaeicola;s__Phocaeicola dorei
813000,0.04395069737268894,0.33305988515176377,0.04389663747432155,0.046484888304862026,1.3940886699507389,1.0,0.9402675083249082,/tmp/nxf.XXXXbY1k6A/sourmash_database/gtdb-rs214-reps.k51.zip,"GCA_900553465.1 uncultured Prevotella sp., UMGS1624",9c09ccc74e1ec48a684db6aa96a3430d,0.3334700574241181,812000,2,4607000,ERR688497.fastq.gz,ERR688497,51fd4a4d,18498000,51,DNA,1000,18498,True,0.9405707864406081,0.9786968114692012,0.9596337989549046,0.9786968114692012,False,1132,5726,24352,d__Bacteria;p__Bacteroidota;c__Bacteroidia;o__Bacteroidales;f__Bacteroidaceae;g__Prevotella;s__Prevotella sp900553465
676000,0.03654449129635636,0.1464426014840681,0.03627419180451941,0.035643889618922474,1.293591654247392,1.0,0.9161267883159732,/tmp/nxf.XXXXbY1k6A/sourmash_database/gtdb-rs214-reps.k51.zip,"GCA_025147485.1 Bacteroides uniformis strain=ATCC 8492, ASM2514748v1",177d80c9d0f18e5195e47e20bdf54706,0.14753382802269752,671000,3,3936000,ERR688497.fastq.gz,ERR688497,51fd4a4d,18498000,51,DNA,1000,18498,True,0.9371735817830883,0.9631717963840422,0.9501726890835652,0.9631717963840422,False,868,6594,24352,d__Bacteria;p__Bacteroidota;c__Bacteroidia;o__Bacteroidales;f__Bacteroidaceae;g__Bacteroides;s__Bacteroides uniformis
467000,0.025245972537571628,0.10525036460865338,0.023407935993080334,0.020573258869908014,1.1570438799076213,1.0,0.5548880339096982,/tmp/nxf.XXXXbY1k6A/sourmash_database/gtdb-rs214-reps.k51.zip,"GCA_025146565.1 Bacteroides eggerthii strain=DSM 20697, ASM2514656v1",45ad3ec1bc53e1675a4c17a92223f768,0.11351482741857073,433000,4,3503000,ERR688497.fastq.gz,ERR688497,51fd4a4d,18498000,51,DNA,1000,18498,True,0.930401567583325,0.9582340950280573,0.9443178313056912,0.9582340950280573,False,501,7095,24352,d__Bacteria;p__Bacteroidota;c__Bacteroidia;o__Bacteroidales;f__Bacteroidaceae;g__Bacteroides;s__Bacteroides eggerthii
396000,0.021407719753486862,0.06011775643012086,0.020975240566547735,0.01737023653088042,1.0902061855670102,1.0,0.34373173242990607,/tmp/nxf.XXXXbY1k6A/sourmash_database/gtdb-rs214-reps.k51.zip,"GCF_001314995.1 Bacteroides ovatus strain=ATCC 8483, ASM131499v1",c28ea957513bf36bf9dc694cd077b880,0.06135729779981407,388000,5,3115000,ERR688497.fastq.gz,ERR688497,51fd4a4d,18498000,51,DNA,1000,18498,True,0.9273978537516474,0.9467442389668214,0.9370710463592344,0.9467442389668214,False,423,7518,24352,d__Bacteria;p__Bacteroidota;c__Bacteroidia;o__Bacteroidales;f__Bacteroidaceae;g__Bacteroides;s__Bacteroides ovatus
239000,0.012920315709806465,0.061645602269796235,0.012920315709806465,0.010553547963206308,1.0753138075313808,1.0,0.27930241453186,/tmp/nxf.XXXXbY1k6A/sourmash_database/gtdb-rs214-reps.k51.zip,"GCA_003112755.1 Lawsonibacter asaccharolyticus strain=3BBH22, ASM311275v1",361208864dd572270a6b0d29d09d6bd1,0.061645602269796235,239000,6,2876000,ERR688497.fastq.gz,ERR688497,51fd4a4d,18498000,51,DNA,1000,18498,True,0.9182610003987265,0.9468312650165486,0.9325461327076375,0.9468312650165486,False,257,7775,24352,d__Bacteria;p__Bacillota_A;c__Clostridia;o__Oscillospirales;f__Oscillospiraceae;g__Lawsonibacter;s__Lawsonibacter asaccharolyticus
204000,0.011028219266947779,0.04223886808156471,0.010974159368580387,0.009239487516425756,1.1083743842364533,1.0,0.40693352567612584,/tmp/nxf.XXXXbY1k6A/sourmash_database/gtdb-rs214-reps.k51.zip,"GCF_000012845.1 Parabacteroides distasonis ATCC 8503 strain=ATCC 8503, ASM1284v1",85c74583c59734abc0e8f1a3e909b79d,0.04244694132334582,203000,7,2673000,ERR688497.fastq.gz,ERR688497,51fd4a4d,18498000,51,DNA,1000,18498,True,0.9154144272775867,0.9399289528250836,0.9276716900513351,0.9399289528250836,False,225,8000,24352,d__Bacteria;p__Bacteroidota;c__Bacteroidia;o__Bacteroidales;f__Tannerellaceae;g__Parabacteroides;s__Parabacteroides distasonis
184000,0.009947021299599956,0.02804878048780488,0.009947021299599956,0.007925427069645203,1.048913043478261,1.0,0.23956235696232817,/tmp/nxf.XXXXbY1k6A/sourmash_database/gtdb-rs214-reps.k51.zip,"GCF_002234575.2 Enterocloster bolteae strain=ATCC BAA-613, ASM223457v2",b5edd45c572fe04753d4848d8e14e842,0.02804878048780488,184000,8,2489000,ERR688497.fastq.gz,ERR688497,51fd4a4d,18498000,51,DNA,1000,18498,True,0.9135642145337689,0.9323241649318529,0.9229441897328109,0.9323241649318529,False,193,8193,24352,d__Bacteria;p__Bacillota_A;c__Clostridia;o__Lachnospirales;f__Lachnospiraceae;g__Enterocloster;s__Enterocloster bolteae
176000,0.009514542112660828,0.04895302773061686,0.009352362417558656,0.007637976346911958,1.0751445086705202,1.0,0.28470775389652603,/tmp/nxf.XXXXbY1k6A/sourmash_database/gtdb-rs214-reps.k51.zip,"GCF_005121165.3 Dysosmobacter welbionis strain=J115, ASM512116v3",09a34dca3e142e3d9e58ce200e89b31c,0.04980192416525184,173000,9,2316000,ERR688497.fastq.gz,ERR688497,51fd4a4d,18498000,51,DNA,1000,18498,True,0.9127682959652146,0.9428786595339282,0.9278234777495714,0.9428786595339282,False,186,8379,24352,d__Bacteria;p__Bacillota_A;c__Clostridia;o__Oscillospirales;f__Oscillospiraceae;g__Dysosmobacter;s__Dysosmobacter welbionis
152000,0.008217104551843442,0.07190160832544938,0.008217104551843442,0.007761169513797635,1.243421052631579,1.0,0.5379873619910136,/tmp/nxf.XXXXbY1k6A/sourmash_database/gtdb-rs214-reps.k51.zip,"GCA_003514385.1 Ruminococcaceae bacterium, ASM351438v1",f9c0b9f063b0491b08d56440914037f2,0.07190160832544938,152000,10,2164000,ERR688497.fastq.gz,ERR688497,51fd4a4d,18498000,51,DNA,1000,18498,True,0.9101482399524498,0.9496927222498043,0.929920481101127,0.9496927222498043,False,189,8568,24352,d__Bacteria;p__Bacillota_A;c__Clostridia;o__Oscillospirales;f__Acutalibacteraceae;g__CAG-177;s__CAG-177 sp003514385
153000,0.008271164450210833,0.049174917491749175,0.00805492485674127,0.007227332457293035,1.1812080536912752,1.0,0.6956595178442919,/tmp/nxf.XXXXbY1k6A/sourmash_database/gtdb-rs214-reps.k51.zip,"GCF_023347255.1 Faecalibacterium sp. I4384 strain=I4384, ASM2334725v1",1ea2dc0eabe05329a021ee2c38093f28,0.0504950495049505,149000,11,2015000,ERR688497.fastq.gz,ERR688497,51fd4a4d,18498000,51,DNA,1000,18498,True,0.9102652711341692,0.9431342268653977,0.9266997489997835,0.9431342268653977,False,176,8744,24352,d__Bacteria;p__Bacillota_A;c__Clostridia;o__Oscillospirales;f__Ruminococcaceae;g__Faecalibacterium;s__Faecalibacterium prausnitzii_D
137000,0.007406206076332577,0.05213089802130898,0.007406206076332577,0.006241787122207621,1.1094890510948905,1.0,0.31225181950667785,/tmp/nxf.XXXXbY1k6A/sourmash_database/gtdb-rs214-reps.k51.zip,"GCA_004558145.1 Ruminococcaceae bacterium, ASM455814v1",5fda05a0fcc6fa8b3fa955f38ed64c79,0.05213089802130898,137000,12,1878000,ERR688497.fastq.gz,ERR688497,51fd4a4d,18498000,51,DNA,1000,18498,True,0.9082959306628033,0.9437240092161994,0.9260099699395014,0.9437240092161994,False,152,8896,24352,d__Bacteria;p__Bacillota_A;c__Clostridia;o__Oscillospirales;f__Ruminococcaceae;g__Fournierella;s__Fournierella excrementavium
131000,0.00708184668612823,0.03439011284255777,0.006919666991026057,0.005543692509855453,1.0546875,1.0,0.22736925329461324,/tmp/nxf.XXXXbY1k6A/sourmash_database/gtdb-rs214-reps.k51.zip,"GCF_000239295.1 Flavonifractor plautii ATCC 29863 strain=ATCC 29863, ASM23929v1",1ed22d796c79d0337723a67a4b313636,0.03519613111230521,128000,13,1750000,ERR688497.fastq.gz,ERR688497,51fd4a4d,18498000,51,DNA,1000,18498,True,0.9074986971349769,0.9364830053968265,0.9219908512659016,0.9364830053968265,False,135,9031,24352,d__Bacteria;p__Bacillota_A;c__Clostridia;o__Oscillospirales;f__Oscillospiraceae;g__Flavonifractor;s__Flavonifractor plautii
126000,0.006811547194291274,0.04814673290026748,0.006811547194291274,0.0056258212877792375,1.0873015873015872,1.0,0.3091165411769912,/tmp/nxf.XXXXbY1k6A/sourmash_database/gtdb-rs214-reps.k51.zip,"GCF_900116045.1 Desulfovibrio piger strain=FI11049, DESPIGER",4e998499590626509baf33e12814eb7f,0.04814673290026748,126000,14,1624000,ERR688497.fastq.gz,ERR688497,51fd4a4d,18498000,51,DNA,1000,18498,True,0.9068064967585202,0.9422539721094515,0.9245302344339859,0.9422539721094515,False,137,9168,24352,d__Bacteria;p__Desulfobacterota;c__Desulfovibrionia;o__Desulfovibrionales;f__Desulfovibrionaceae;g__Desulfovibrio;s__Desulfovibrio piger_A
134000,0.007244026381230403,0.04343293954134816,0.006757487295923884,0.005749014454664914,1.12,1.0,0.3709447398198281,/tmp/nxf.XXXXbY1k6A/sourmash_database/gtdb-rs214-reps.k51.zip,"GCF_020687245.1 Faecalibacterium longum CLA-AA-H243 strain=CLA-AA-H243, ASM2068724v1",e1ff3e2f54ab82a776eb959bb6aa8673,0.046560111188325225,125000,15,1499000,ERR688497.fastq.gz,ERR688497,51fd4a4d,18498000,51,DNA,1000,18498,True,0.9079016889031846,0.9416350759427558,0.9247683824229702,0.9416350759427558,False,140,9308,24352,d__Bacteria;p__Bacillota_A;c__Clostridia;o__Oscillospirales;f__Ruminococcaceae;g__Faecalibacterium;s__Faecalibacterium longum
126000,0.006811547194291274,0.02998017839444995,0.00654124770245432,0.0052973061760840994,1.0661157024793388,1.0,0.24848423765905633,/tmp/nxf.XXXXbY1k6A/sourmash_database/gtdb-rs214-reps.k51.zip,"GCF_000949455.1 Ruthenibacterium lactatiformans strain=585-1, ASM94945v1",1562c71162861a5c6e3bb1e6d2a266f2,0.031219028741328047,121000,16,1378000,ERR688497.fastq.gz,ERR688497,51fd4a4d,18498000,51,DNA,1000,18498,True,0.9068064967585202,0.9342837850495245,0.9205451409040224,0.9342837850495245,False,129,9437,24352,d__Bacteria;p__Bacillota_A;c__Clostridia;o__Oscillospirales;f__Ruminococcaceae;g__Ruthenibacterium;s__Ruthenibacterium lactatiformans
105000,0.005676289328576062,0.04061895551257253,0.005676289328576062,0.0045992115637319315,1.0666666666666667,1.0,0.24944382578492943,/tmp/nxf.XXXXbY1k6A/sourmash_database/gtdb-rs214-reps.k51.zip,"GCF_000020225.1 Akkermansia muciniphila ATCC BAA-835 strain=ATCC BAA-835, ASM2022v1",43f3b48e59443092850964d355a20ac0,0.04061895551257253,105000,17,1273000,ERR688497.fastq.gz,ERR688497,51fd4a4d,18498000,51,DNA,1000,18498,True,0.9035705124137413,0.9391180148906174,0.9213442636521794,0.9391180148906174,False,112,9549,24352,d__Bacteria;p__Verrucomicrobiota;c__Verrucomicrobiae;o__Verrucomicrobiales;f__Akkermansiaceae;g__Akkermansia;s__Akkermansia muciniphila
99000,0.0053519299383717155,0.03960817717206133,0.0050275705481673694,0.0042706964520367935,1.118279569892473,1.0,0.4362465112924902,/tmp/nxf.XXXXbY1k6A/sourmash_database/gtdb-rs214-reps.k51.zip,"GCF_002834235.1 Ruminococcus bromii strain=5AMG, ASM283423v1",c788aae2c6f3cc3e1e9802e6b555f644,0.042163543441226574,93000,18,1180000,ERR688497.fastq.gz,ERR688497,51fd4a4d,18498000,51,DNA,1000,18498,True,0.9025286323649028,0.9398055001895342,0.9211670662772184,0.9398055001895342,False,104,9653,24352,d__Bacteria;p__Bacillota_A;c__Clostridia;o__Oscillospirales;f__Acutalibacteraceae;g__Ruminococcus_E;s__Ruminococcus_E bromii_B
99000,0.0053519299383717155,0.037186742118027485,0.004973510649799978,0.004065374507227332,1.076086956521739,1.0,0.2651371938619667,/tmp/nxf.XXXXbY1k6A/sourmash_database/gtdb-rs214-reps.k51.zip,"GCA_900539945.1 uncultured Faecalibacterium sp., UMGS183",3bb5b6dd2b10e5252389d662c26718aa,0.04001616814874697,92000,19,1088000,ERR688497.fastq.gz,ERR688497,51fd4a4d,18498000,51,DNA,1000,18498,True,0.9025286323649028,0.9388427414527132,0.920685686908808,0.9388427414527132,False,99,9752,24352,d__Bacteria;p__Bacillota_A;c__Clostridia;o__Oscillospirales;f__Ruminococcaceae;g__Faecalibacterium;s__Faecalibacterium sp900539945
365000,0.01973186290409774,0.01732283464566929,0.004757271056330414,0.0041475032851511166,1.1477272727272727,1.0,0.8730793560630506,/tmp/nxf.XXXXbY1k6A/sourmash_database/gtdb-rs214-reps.k51.zip,"GCF_000012825.1 Bacteroides vulgatus ATCC 8482 strain=ATCC 8482, ASM1282v1",63b92dc09e7b5ffbd878d8e5fce5cfec,0.0718503937007874,88000,20,1000000,ERR688497.fastq.gz,ERR688497,51fd4a4d,18498000,51,DNA,1000,18498,True,0.9259167130888769,0.94967945380548,0.9377980834471784,0.94967945380548,False,101,9853,24352,d__Bacteria;p__Bacteroidota;c__Bacteroidia;o__Bacteroidales;f__Bacteroidaceae;g__Phocaeicola;s__Phocaeicola vulgatus
84000,0.0045410314628608495,0.027796610169491524,0.004432911666126068,0.0034494086727989487,1.024390243902439,1.0,0.1542574468374819,/tmp/nxf.XXXXbY1k6A/sourmash_database/gtdb-rs214-reps.k51.zip,"GCA_000980705.1 Ruminococcus sp. UNK.MGS-30, ASM98070v1",8082cd99f19bc392f8eadbd9bd579abd,0.02847457627118644,82000,21,918000,ERR688497.fastq.gz,ERR688497,51fd4a4d,18498000,51,DNA,1000,18498,True,0.899625699036974,0.932599633808523,0.9161126664227485,0.932599633808523,False,84,9937,24352,d__Bacteria;p__Bacillota_A;c__Clostridia;o__Oscillospirales;f__Ruminococcaceae;g__Ruminococcus_C;s__Ruminococcus_C sp000980705
81000,0.0043788517677586765,0.034409515717926935,0.0043788517677586765,0.0036957950065703024,1.1111111111111112,1.0,0.3849001794597505,/tmp/nxf.XXXXbY1k6A/sourmash_database/gtdb-rs214-reps.k51.zip,"GCF_000196555.1 Bifidobacterium longum subsp. longum JCM 1217 strain=JCM 1217, ASM19655v1",4e5724ba16e37517faabf3d6eac4a812,0.034409515717926935,81000,22,837000,ERR688497.fastq.gz,ERR688497,51fd4a4d,18498000,51,DNA,1000,18498,True,0.8989844126666525,0.9360680514095967,0.9175262320381246,0.9360680514095967,False,90,10027,24352,d__Bacteria;p__Actinomycetota;c__Actinomycetia;o__Actinomycetales;f__Bifidobacteriaceae;g__Bifidobacterium;s__Bifidobacterium longum
100000,0.005405989836739107,0.0144253140995812,0.0033517136987782463,0.002669185282522996,1.0483870967741935,1.0,0.21458281767177534,/tmp/nxf.XXXXbY1k6A/sourmash_database/gtdb-rs214-reps.k51.zip,"GCA_025151215.1 Parabacteroides merdae ATCC 43184 strain=ATCC 43184, ASM2515121v1",04366d02afc93cbeed4bfc2d3a9aa9a9,0.023266635644485806,62000,23,775000,ERR688497.fastq.gz,ERR688497,51fd4a4d,18498000,51,DNA,1000,18498,True,0.9027065070647763,0.9289132729248538,0.915809889994815,0.9289132729248538,False,65,10092,24352,d__Bacteria;p__Bacteroidota;c__Bacteroidia;o__Bacteroidales;f__Tannerellaceae;g__Parabacteroides;s__Parabacteroides merdae
62000,0.0033517136987782463,0.0107095046854083,0.0030273543085739,0.0024227989487516427,1.0535714285714286,1.0,0.22517000380211594,/tmp/nxf.XXXXbY1k6A/sourmash_database/gtdb-rs214-reps.k51.zip,"GCF_000025985.1 Bacteroides fragilis NCTC 9343, ASM2598v1",5ed7bd7e8a301425ed2ad891c3e399f5,0.01185695161598776,56000,24,719000,ERR688497.fastq.gz,ERR688497,51fd4a4d,18498000,51,DNA,1000,18498,True,0.8942847437063733,0.9167159033657508,0.9055003235360621,0.9167159033657508,False,59,10151,24352,d__Bacteria;p__Bacteroidota;c__Bacteroidia;o__Bacteroidales;f__Bacteroidaceae;g__Bacteroides;s__Bacteroides fragilis
