intersect_bp,f_orig_query,f_match,f_unique_to_query,f_unique_weighted,average_abund,median_abund,std_abund,filename,name,md5,f_match_orig,unique_intersect_bp,gather_result_rank,remaining_bp,query_filename,query_name,query_md5,query_bp,ksize,moltype,scaled,query_n_hashes,query_abundance,query_containment_ani,match_containment_ani,average_containment_ani,max_containment_ani,potential_false_negative,n_unique_weighted_found,sum_weighted_found,total_weighted_hashes,lineage
4163000,0.006078215226929282,0.7588406853809697,0.006078215226929282,0.009556997971602433,5.65889983185203,5.0,7.858092180796204,/tmp/nxf.XXXXsWkdqt/sourmash_database/gtdb-rs214-reps.k51.zip,"GCF_013009555.1 Bacteroides dorei strain=DSM 17855, ASM1300955v1",92c62d3d608447418f79f40c554d2f69,0.7588406853809697,4163000,0,312897000,ERR688634_2.fastq.gz,ERR688634,cf7fcffb,684905000,51,DNA,1000,684905,True,0.9047834101808938,0.9946035658126491,0.9496934879967714,0.9946035658126491,False,23558,23558,2465000,d__Bacteria;p__Bacteroidota;c__Bacteroidia;o__Bacteroidales;f__Bacteroidaceae;g__Phocaeicola;s__Phocaeicola dorei
3593000,0.005245983019542856,0.5565540749922528,0.005244522963038669,0.0033363083164300203,2.289532293986637,2.0,5.175507851259125,/tmp/nxf.XXXXsWkdqt/sourmash_database/gtdb-rs214-reps.k51.zip,"GCF_001314995.1 Bacteroides ovatus strain=ATCC 8483, ASM131499v1",c28ea957513bf36bf9dc694cd077b880,0.5567090176634645,3592000,1,309305000,ERR688634_2.fastq.gz,ERR688634,cf7fcffb,684905000,51,DNA,1000,684905,True,0.9021748647046605,0.9885811353285557,0.9453780000166081,0.9885811353285557,False,8224,31782,2465000,d__Bacteria;p__Bacteroidota;c__Bacteroidia;o__Bacteroidales;f__Bacteroidaceae;g__Bacteroides;s__Bacteroides ovatus
3176000,0.004637139457296997,0.686163247490179,0.004590417649163022,0.005593103448275862,4.385178117048346,4.0,4.0315450357647,/tmp/nxf.XXXXsWkdqt/sourmash_database/gtdb-rs214-reps.k51.zip,"GCA_025147485.1 Bacteroides uniformis strain=ATCC 8492, ASM2514748v1",177d80c9d0f18e5195e47e20bdf54706,0.6931470973374072,3144000,2,306161000,ERR688634_2.fastq.gz,ERR688634,cf7fcffb,684905000,51,DNA,1000,684905,True,0.8999952123554578,0.992839231150931,0.9464172217531943,0.992839231150931,False,13787,45569,2465000,d__Bacteria;p__Bacteroidota;c__Bacteroidia;o__Bacteroidales;f__Bacteroidaceae;g__Bacteroides;s__Bacteroides uniformis
3064000,0.004473613128828086,0.6886940885592268,0.004473613128828086,0.013550912778904665,10.901762402088773,9.0,15.07446086140679,/tmp/nxf.XXXXsWkdqt/sourmash_database/gtdb-rs214-reps.k51.zip,"GCF_900537995.1 Roseburia intestinalis L1-82 strain=L1-82, Roseburia intestinalis strain L1-82",a0a31bbf8562bc7e5e4b2fd755c9aae9,0.6886940885592268,3064000,3,303097000,ERR688634_2.fastq.gz,ERR688634,cf7fcffb,684905000,51,DNA,1000,684905,True,0.8993618864626989,0.9927137702997652,0.9460378283812321,0.9927137702997652,False,33403,78972,2465000,d__Bacteria;p__Bacillota_A;c__Clostridia;o__Lachnospirales;f__Lachnospiraceae;g__Roseburia;s__Roseburia intestinalis
2901000,0.004235623918645652,0.6262093227792436,0.004158240923923756,0.011683975659229209,10.112710674157304,7.0,24.998011296417985,/tmp/nxf.XXXXsWkdqt/sourmash_database/gtdb-rs214-reps.k51.zip,"GCA_025148125.1 Blautia wexlerae DSM 19850 strain=DSM 19850, ASM2514812v1",7f2073ec6218c72ec98b02ac15cb9880,0.6378627968337731,2848000,4,300249000,ERR688634_2.fastq.gz,ERR688634,cf7fcffb,684905000,51,DNA,1000,684905,True,0.898398397257227,0.9912224346330858,0.9448104159451565,0.9912224346330858,False,28801,107773,2465000,d__Bacteria;p__Bacillota_A;c__Clostridia;o__Lachnospirales;f__Lachnospiraceae;g__Blautia_A;s__Blautia_A wexlerae
2858000,0.004172841488965623,0.6812408402540303,0.00407209759017674,0.007793103448275862,6.8877733954822515,5.0,9.753907622180902,/tmp/nxf.XXXXsWkdqt/sourmash_database/gtdb-rs214-reps.k51.zip,"GCF_020554845.1 Blautia faecis strain=DFI.3.66, ASM2055484v1",966f2aea56b388fc36102b75054e49d4,0.6980947728382999,2789000,5,297460000,ERR688634_2.fastq.gz,ERR688634,cf7fcffb,684905000,51,DNA,1000,684905,True,0.8981353736957419,0.9929777055321477,0.9455565396139448,0.9929777055321477,False,19210,126983,2465000,d__Bacteria;p__Bacillota_A;c__Clostridia;o__Lachnospirales;f__Lachnospiraceae;g__Blautia_A;s__Blautia_A faecis
2786000,0.00406771742066418,0.6550396920856387,0.0039757338609004165,0.005645030425963489,5.110172603745869,5.0,4.43887560984981,/tmp/nxf.XXXXsWkdqt/sourmash_database/gtdb-rs214-reps.k51.zip,"GCA_902362595.1 Bacteroidaceae bacterium, MGYG-HGUT-00043",5e55dfd3ed6600337aed3afc1f9b5cb5,0.6701948520567718,2723000,6,294737000,ERR688634_2.fastq.gz,ERR688634,cf7fcffb,684905000,51,DNA,1000,684905,True,0.8976861506383427,0.9921839060621354,0.944935028350239,0.9921839060621354,False,13915,140898,2465000,d__Bacteria;p__Bacteroidota;c__Bacteroidia;o__Bacteroidales;f__Bacteroidaceae;g__Phocaeicola;s__Phocaeicola merdigallinarum
2708000,0.003953833013337616,0.7228485015122353,0.003838488549506866,0.010143610547667343,9.510840623811335,8.0,11.4710501213757,/tmp/nxf.XXXXsWkdqt/sourmash_database/gtdb-rs214-reps.k51.zip,"GCF_015557635.1 Fusicatenibacter saccharivorans strain=D41t1_190614_C8, ASM1555763v1",d2fdc17cdae8aecf1aac02f627d3979a,0.7445697003024471,2629000,7,292108000,ERR688634_2.fastq.gz,ERR688634,cf7fcffb,684905000,51,DNA,1000,684905,True,0.8971864630372935,0.9942333811264739,0.9457099220818836,0.9942333811264739,False,25004,165902,2465000,d__Bacteria;p__Bacillota_A;c__Clostridia;o__Lachnospirales;f__Lachnospiraceae;g__Fusicatenibacter;s__Fusicatenibacter saccharivorans
2710000,0.00395675312634599,0.606561191251745,0.0038063673064147583,0.002200811359026369,2.080935941695435,2.0,1.3754271946907983,/tmp/nxf.XXXXsWkdqt/sourmash_database/gtdb-rs214-reps.k51.zip,"GCA_025151215.1 Parabacteroides merdae ATCC 43184 strain=ATCC 43184, ASM2515121v1",04366d02afc93cbeed4bfc2d3a9aa9a9,0.6305258259655654,2607000,8,289501000,ERR688634_2.fastq.gz,ERR688634,cf7fcffb,684905000,51,DNA,1000,684905,True,0.8971994508701193,0.9909976063284892,0.9440985285993042,0.9909976063284892,False,5425,171327,2465000,d__Bacteria;p__Bacteroidota;c__Bacteroidia;o__Bacteroidales;f__Tannerellaceae;g__Parabacteroides;s__Parabacteroides merdae
2783000,0.00406333725115162,0.6378205128205128,0.003777166176331024,0.005323326572008113,5.072284499420178,3.0,8.770877303531387,/tmp/nxf.XXXXsWkdqt/sourmash_database/gtdb-rs214-reps.k51.zip,"GCF_000174195.1 Roseburia inulinivorans DSM 16841 strain=DSM 16841, ASM17419v1",e3692c21f5a57009b8f3ea43032066c2,0.6861439842209073,2587000,9,286914000,ERR688634_2.fastq.gz,ERR688634,cf7fcffb,684905000,51,DNA,1000,684905,True,0.8976671869051648,0.992641564020188,0.9451543754626763,0.992641564020188,False,13122,184449,2465000,d__Bacteria;p__Bacillota_A;c__Clostridia;o__Lachnospirales;f__Lachnospiraceae;g__Roseburia;s__Roseburia inulinivorans
2661000,0.0038852103576408406,0.6217792902284881,0.0037348245377096093,0.012913590263691684,12.444096950742768,12.0,10.169968857442926,/tmp/nxf.XXXXsWkdqt/sourmash_database/gtdb-rs214-reps.k51.zip,"GCA_025146565.1 Bacteroides eggerthii strain=DSM 20697, ASM2514656v1",45ad3ec1bc53e1675a4c17a92223f768,0.6468157510938259,2558000,10,284356000,ERR688634_2.fastq.gz,ERR688634,cf7fcffb,684905000,51,DNA,1000,684905,True,0.8968785106785226,0.9914933721926764,0.9441859414355995,0.9914933721926764,False,31832,216281,2465000,d__Bacteria;p__Bacteroidota;c__Bacteroidia;o__Bacteroidales;f__Bacteroidaceae;g__Bacteroides;s__Bacteroides eggerthii
3438000,0.005019674261393916,0.4370485036119711,0.003710003577138435,0.0024401622718052737,2.3671782762691853,2.0,2.248828692298403,/tmp/nxf.XXXXsWkdqt/sourmash_database/gtdb-rs214-reps.k51.zip,"GCF_000210075.1 Bacteroides xylanisolvens XB1A strain=XB1A, ASM21007v1",6bf3ff1d807c2ab1988e6b3c386a7cec,0.5913312693498453,2541000,11,281815000,ERR688634_2.fastq.gz,ERR688634,cf7fcffb,684905000,51,DNA,1000,684905,True,0.9013951283783534,0.9897513322357333,0.9455732303070434,0.9897513322357333,False,6015,222296,2465000,d__Bacteria;p__Bacteroidota;c__Bacteroidia;o__Bacteroidales;f__Bacteroidaceae;g__Bacteroides;s__Bacteroides xylanisolvens
2625000,0.003832648323490119,0.6877384196185287,0.003685182616567261,0.004003245436105476,3.9096671949286845,3.0,5.736950468814753,/tmp/nxf.XXXXsWkdqt/sourmash_database/gtdb-rs214-reps.k51.zip,"GCA_025147765.1 Blautia obeum ATCC 29174 strain=ATCC 29174, ASM2514776v1",aa800a95b7aa246d998085e9b2fb3124,0.715258855585831,2524000,12,279291000,ERR688634_2.fastq.gz,ERR688634,cf7fcffb,684905000,51,DNA,1000,684905,True,0.8966390040705353,0.9934507411629105,0.9450448726167229,0.9934507411629105,False,9868,232164,2465000,d__Bacteria;p__Bacillota_A;c__Clostridia;o__Lachnospirales;f__Lachnospiraceae;g__Blautia_A;s__Blautia_A obeum
2377000,0.0034705543104518147,0.7054193157735392,0.003401931654755039,0.008864097363083164,9.377682403433477,9.0,6.738832424085418,/tmp/nxf.XXXXsWkdqt/sourmash_database/gtdb-rs214-reps.k51.zip,"GCF_000173975.1 Anaerobutyricum hallii DSM 3353 strain=DSM 3353, ASM17397v1",8fce16b2b7ed2405807ddf248dc6febb,0.719648804117469,2330000,13,276961000,ERR688634_2.fastq.gz,ERR688634,cf7fcffb,684905000,51,DNA,1000,684905,True,0.8948959165336708,0.9935699391825691,0.94423292785812,0.9935699391825691,False,21850,254014,2465000,d__Bacteria;p__Bacillota_A;c__Clostridia;o__Lachnospirales;f__Lachnospiraceae;g__Anaerobutyricum;s__Anaerobutyricum hallii
2444000,0.0035683780962323243,0.5873296314992428,0.003397551485242479,0.006516430020283976,6.902879243661366,6.0,7.4408728107733095,/tmp/nxf.XXXXsWkdqt/sourmash_database/gtdb-rs214-reps.k51.zip,"GCA_003584705.1 Lachnospiraceae bacterium GAM79 strain=GAM79, ASM358470v1",70a12b75803f82aa8bff2c80aad9821b,0.6168601716304897,2327000,14,274634000,ERR688634_2.fastq.gz,ERR688634,cf7fcffb,684905000,51,DNA,1000,684905,True,0.89538380026663,0.9905719235552306,0.9429778619109304,0.9905719235552306,False,16063,270077,2465000,d__Bacteria;p__Bacillota_A;c__Clostridia;o__Lachnospirales;f__Lachnospiraceae;g__Acetatifactor;s__Acetatifactor sp900066565
2465000,0.003599039282820245,0.5224693599636859,0.003361050072637811,0.0021427991886409734,2.2945264986967855,2.0,4.4190916974961105,/tmp/nxf.XXXXsWkdqt/sourmash_database/gtdb-rs214-reps.k51.zip,"GCF_000382445.1 Bacteroides massiliensis B84634 = Timone 84634 = DSM 17679 = JCM 13223 strain=DSM 17679, Bact_mass_DSM_17679_V1",61edb0d0d8fa658bb8f1cd38bd81ed44,0.5594643667725828,2302000,15,272332000,ERR688634_2.fastq.gz,ERR688634,cf7fcffb,684905000,51,DNA,1000,684905,True,0.8955340225618582,0.9886768412948298,0.942105431928344,0.9886768412948298,False,5282,275359,2465000,d__Bacteria;p__Bacteroidota;c__Bacteroidia;o__Bacteroidales;f__Bacteroidaceae;g__Phocaeicola;s__Phocaeicola massiliensis
2288000,0.003340609281579197,0.6108254397834912,0.003295347529949409,0.003378498985801217,3.6898537882144438,3.0,3.3176864995412054,/tmp/nxf.XXXXsWkdqt/sourmash_database/gtdb-rs214-reps.k51.zip,"GCA_025145845.1 Alistipes shahii WAL 8301 strain=WAL 8301, ASM2514584v1",ce3fdcea4344bf5e1303cba1f2181070,0.6192151556156968,2257000,16,270075000,ERR688634_2.fastq.gz,ERR688634,cf7fcffb,684905000,51,DNA,1000,684905,True,0.8942265547205384,0.9906459361455048,0.9424362454330215,0.9906459361455048,False,8328,283687,2465000,d__Bacteria;p__Bacteroidota;c__Bacteroidia;o__Bacteroidales;f__Rikenellaceae;g__Alistipes;s__Alistipes shahii
2252000,0.0032880472474284754,0.9212271973466003,0.003244245552302874,0.003172413793103448,3.5193519351935194,3.0,2.3342119429463697,/tmp/nxf.XXXXsWkdqt/sourmash_database/gtdb-rs214-reps.k51.zip,"GCF_003425665.1 Evtepia gabavorous strain=KLE1738, ASM342566v1",825783787e9721103d4e3c056974af66,0.9336650082918739,2222000,17,267853000,ERR688634_2.fastq.gz,ERR688634,cf7fcffb,684905000,51,DNA,1000,684905,True,0.8939485221925664,0.9986550705511624,0.9463017963718644,0.9986550705511624,False,7820,291507,2465000,d__Bacteria;p__Bacillota_A;c__Clostridia;o__Oscillospirales;f__Oscillospiraceae;g__Evtepia;s__Evtepia gabavorous
2319000,0.003385871033208985,0.6761433868974042,0.003194603631160526,0.011369979716024341,12.809414990859231,12.0,9.581687812680268,/tmp/nxf.XXXXsWkdqt/sourmash_database/gtdb-rs214-reps.k51.zip,"GCA_025149785.1 Coprococcus comes ATCC 27758 strain=ATCC 27758, ASM2514978v1",3a055d916786f743b82f17b95fcc483f,0.7166254635352287,2188000,18,265665000,ERR688634_2.fastq.gz,ERR688634,cf7fcffb,684905000,51,DNA,1000,684905,True,0.8944625561974794,0.9934879246766082,0.9439752404370438,0.9934879246766082,False,28027,319534,2465000,d__Bacteria;p__Bacillota_A;c__Clostridia;o__Lachnospirales;f__Lachnospiraceae;g__Bariatricus;s__Bariatricus comes
2184000,0.003188763405143779,0.8211132437619961,0.003123060862455377,0.0027910750507099394,3.21645628798504,3.0,2.480289832355049,/tmp/nxf.XXXXsWkdqt/sourmash_database/gtdb-rs214-reps.k51.zip,"GCF_000153925.1 [Ruminococcus] torques ATCC 27756 strain=ATCC 27756, ASM15392v1",4abf9d69f1e69e10e84c4f7510c75164,0.8383877159309021,2139000,19,263526000,ERR688634_2.fastq.gz,ERR688634,cf7fcffb,684905000,51,DNA,1000,684905,True,0.8934112514565496,0.9965496013081765,0.9449804263823631,0.9965496013081765,False,6880,326414,2465000,d__Bacteria;p__Bacillota_A;c__Clostridia;o__Lachnospirales;f__Lachnospiraceae;g__Mediterraneibacter;s__Mediterraneibacter torques
2338000,0.0034136121067885328,0.5690118152524167,0.003093859732371643,0.00842839756592292,9.80462482302973,9.0,6.210371855428361,/tmp/nxf.XXXXsWkdqt/sourmash_database/gtdb-rs214-reps.k51.zip,"GCF_001487165.1 Blautia massiliensis strain=GD9, Blautia massiliensis1",26a084514a434ed691fd39a9b849e9f4,0.6278195488721805,2119000,20,261407000,ERR688634_2.fastq.gz,ERR688634,cf7fcffb,684905000,51,DNA,1000,684905,True,0.8946056782317304,0.9909140292501759,0.9427598537409532,0.9909140292501759,False,20776,347190,2465000,d__Bacteria;p__Bacillota_A;c__Clostridia;o__Lachnospirales;f__Lachnospiraceae;g__Blautia_A;s__Blautia_A massiliensis
2166000,0.0031624823880684184,0.6067415730337079,0.0030748789978172156,0.005135091277890466,6.010446343779677,5.0,5.877337896568892,/tmp/nxf.XXXXsWkdqt/sourmash_database/gtdb-rs214-reps.k51.zip,"GCF_003478445.1 Roseburia sp. AM59-24XD strain=AM59-24XD, ASM347844v1",286c4568e24aad811f0f2b15406ad57d,0.6240276577355229,2106000,21,259301000,ERR688634_2.fastq.gz,ERR688634,cf7fcffb,684905000,51,DNA,1000,684905,True,0.8932662869346818,0.9907963294116563,0.942031308173169,0.9907963294116563,False,12658,359848,2465000,d__Bacteria;p__Bacillota_A;c__Clostridia;o__Lachnospirales;f__Lachnospiraceae;g__Butyribacter;s__Butyribacter sp003524945
2196000,0.0032062840831940196,0.3468543046357616,0.003058818376271162,0.0015427991886409736,1.81527446300716,1.0,6.016505190712705,/tmp/nxf.XXXXsWkdqt/sourmash_database/gtdb-rs214-reps.k51.zip,"GCF_000172175.1 Bacteroides intestinalis DSM 17393 strain=DSM 17393, ASM17217v1",88d0574f8547abcdfff80042523ef059,0.36357615894039735,2095000,22,257206000,ERR688634_2.fastq.gz,ERR688634,cf7fcffb,684905000,51,DNA,1000,684905,True,0.8935072451694616,0.9803569307329357,0.9369320879511986,0.9803569307329357,False,3803,363651,2465000,d__Bacteria;p__Bacteroidota;c__Bacteroidia;o__Bacteroidales;f__Bacteroidaceae;g__Bacteroides;s__Bacteroides intestinalis
2159000,0.003152261992539111,0.594361334867664,0.003016476737649747,0.002223123732251521,2.6524685382381414,2.0,2.988884895559491,/tmp/nxf.XXXXsWkdqt/sourmash_database/gtdb-rs214-reps.k51.zip,"GCF_008121495.1 [Ruminococcus] gnavus ATCC 29149 strain=JCM6515, ASM812149v1",c0af2b4fd1a1fb3c5fc7e5a29e4fe5d1,0.6211162255466053,2066000,23,255140000,ERR688634_2.fastq.gz,ERR688634,cf7fcffb,684905000,51,DNA,1000,684905,True,0.8932095926489636,0.9907054820689696,0.9419575373589666,0.9907054820689696,False,5480,369131,2465000,d__Bacteria;p__Bacillota_A;c__Clostridia;o__Lachnospirales;f__Lachnospiraceae;g__Ruminococcus_B;s__Ruminococcus_B gnavus
2060000,0.003007716398624627,0.7108350586611456,0.003007716398624627,0.00199026369168357,2.3815533980582524,2.0,3.1005870904396597,/tmp/nxf.XXXXsWkdqt/sourmash_database/gtdb-rs214-reps.k51.zip,"GCF_015667935.1 Clostridium sp. 1001270J_160509_D11 strain=1001270J_160509_D11, ASM1566793v1",c45f5446d55770ed85cdda538b360888,0.7108350586611456,2060000,24,253080000,ERR688634_2.fastq.gz,ERR688634,cf7fcffb,684905000,51,DNA,1000,684905,True,0.8923878823034125,0.9933298963006456,0.9428588893020291,0.9933298963006456,False,4906,374037,2465000,d__Bacteria;p__Bacillota_A;c__Clostridia;o__Peptostreptococcales;f__Peptostreptococcaceae;g__Intestinibacter;s__Intestinibacter sp900540355
2043000,0.0029828954380534526,0.6949267960503915,0.002979975325045079,0.0025379310344827584,3.0651641352278296,2.0,3.553216426293185,/tmp/nxf.XXXXsWkdqt/sourmash_database/gtdb-rs214-reps.k51.zip,"GCF_900106845.1 Romboutsia timonensis strain=Marseille-P326, PRJEB14233",d234ad6970f6218b0a838933dea2f71b,0.6956077630234934,2041000,25,251039000,ERR688634_2.fastq.gz,ERR688634,cf7fcffb,684905000,51,DNA,1000,684905,True,0.892242895628104,0.9929082203833938,0.9425755580057489,0.9929082203833938,False,6256,380293,2465000,d__Bacteria;p__Bacillota_A;c__Clostridia;o__Peptostreptococcales;f__Peptostreptococcaceae;g__Romboutsia;s__Romboutsia timonensis
2157000,0.0031493418795307377,0.6823687752355316,0.002960994590490652,0.007407302231237323,9.0034516765286,8.0,7.076539002895354,/tmp/nxf.XXXXsWkdqt/sourmash_database/gtdb-rs214-reps.k51.zip,"GCA_025150085.1 Dorea longicatena strain=DSM 13814, ASM2515008v1",77e56408450c979b22420d0739bfd623,0.7257738896366084,2028000,26,249011000,ERR688634_2.fastq.gz,ERR688634,cf7fcffb,684905000,51,DNA,1000,684905,True,0.8931933611793599,0.9937350647170053,0.9434642129481826,0.9937350647170053,False,18259,398552,2465000,d__Bacteria;p__Bacillota_A;c__Clostridia;o__Lachnospirales;f__Lachnospiraceae;g__Dorea_A;s__Dorea_A longicatena
2161000,0.0031551821055474847,0.6047705314009661,0.0029244931778859844,0.004785395537525355,5.889166250624064,5.0,7.521757255157269,/tmp/nxf.XXXXsWkdqt/sourmash_database/gtdb-rs214-reps.k51.zip,"GCF_001406815.1 Roseburia faecis strain=M72, M72",a0f3a6070b93943510064cfd96143d45,0.652475845410628,2003000,27,247008000,ERR688634_2.fastq.gz,ERR688634,cf7fcffb,684905000,51,DNA,1000,684905,True,0.8932258093839819,0.9916627695059538,0.9424442894449678,0.9916627695059538,False,11796,410348,2465000,d__Bacteria;p__Bacillota_A;c__Clostridia;o__Lachnospirales;f__Lachnospiraceae;g__Agathobacter;s__Agathobacter faecis
2152000,0.0031420415970098044,0.6146189735614308,0.002885071652272943,0.005923732251521298,7.3896761133603235,7.0,6.571236449717313,/tmp/nxf.XXXXsWkdqt/sourmash_database/gtdb-rs214-reps.k51.zip,"GCF_003478335.1 Clostridium sp. AM49-4BH strain=AM49-4BH, ASM347833v1",ff16223bcd34764bb61b5921e04eda49,0.6693623639191291,1976000,28,245032000,ERR688634_2.fastq.gz,ERR688634,cf7fcffb,684905000,51,DNA,1000,684905,True,0.8931527178637171,0.9921597256584402,0.9426562217610787,0.9921597256584402,False,14602,424950,2465000,d__Bacteria;p__Bacillota_A;c__Clostridia;o__Lachnospirales;f__Lachnospiraceae;g__Butyribacter;s__Butyribacter sp003529475
2012000,0.0029376336864236647,0.7266616878267363,0.0028412699571473414,0.005455983772819473,6.911099691675231,6.0,6.700217827396593,/tmp/nxf.XXXXsWkdqt/sourmash_database/gtdb-rs214-reps.k51.zip,"GCA_025152405.1 [Ruminococcus] lactaris ATCC 29176 strain=ATCC 29176, ASM2515240v1",5ce8603892234499b54852ec8c952d29,0.7513069454817027,1946000,29,243086000,ERR688634_2.fastq.gz,ERR688634,cf7fcffb,684905000,51,DNA,1000,684905,True,0.8919754366911479,0.9944090019546854,0.9431922193229166,0.9944090019546854,False,13449,438399,2465000,d__Bacteria;p__Bacillota_A;c__Clostridia;o__Lachnospirales;f__Lachnospiraceae;g__Mediterraneibacter;s__Mediterraneibacter lactaris
1992000,0.00290843255633993,0.673097158891617,0.0028018484315343005,0.003552941176470588,4.563835330901512,3.0,9.606210270133593,/tmp/nxf.XXXXsWkdqt/sourmash_database/gtdb-rs214-reps.k51.zip,"GCA_003096535.1 Agathobaculum butyriciproducens strain=DSM 100391, ASM309653v1",f95593bb2ec2b82c10cb0d4ba8cefe38,0.6987022097509645,1919000,30,241167000,ERR688634_2.fastq.gz,ERR688634,cf7fcffb,684905000,51,DNA,1000,684905,True,0.8918007299276904,0.9929946399760337,0.942397684951862,0.9929946399760337,False,8758,447157,2465000,d__Bacteria;p__Bacillota_A;c__Clostridia;o__Oscillospirales;f__Butyricicoccaceae;g__Agathobaculum;s__Agathobaculum butyriciproducens
1981000,0.0028923719347938763,0.6262964202074273,0.002733225775837525,0.002406896551724138,3.169337606837607,3.0,2.9516509919584526,/tmp/nxf.XXXXsWkdqt/sourmash_database/gtdb-rs214-reps.k51.zip,"GCF_009680455.1 Lachnospira eligens strain=BIOML-A1, ASM968045v1",93a7d0e658bdfb8b86a54dc8bf8c1937,0.6627634660421545,1872000,31,239295000,ERR688634_2.fastq.gz,ERR688634,cf7fcffb,684905000,51,DNA,1000,684905,True,0.8917039067579907,0.9919670047026153,0.941835455730303,0.9919670047026153,False,5933,453090,2465000,d__Bacteria;p__Bacillota_A;c__Clostridia;o__Lachnospirales;f__Lachnospiraceae;g__Lachnospira;s__Lachnospira eligens_A
1879000,0.002743446171366832,0.6847181008902077,0.0026952643067286704,0.0028795131845841784,3.8450704225352115,3.0,2.7369002621356433,/tmp/nxf.XXXXsWkdqt/sourmash_database/gtdb-rs214-reps.k51.zip,"GCF_000332875.2 Anaerostipes hadrus DSM 3319 strain=DSM 3319, ASM33287v2",11a8e5e9f5fa6b11c020b08a3ba744de,0.6969584569732937,1846000,32,237449000,ERR688634_2.fastq.gz,ERR688634,cf7fcffb,684905000,51,DNA,1000,684905,True,0.8907801249272861,0.9929459878992303,0.9418630564132582,0.9929459878992303,False,7098,460188,2465000,d__Bacteria;p__Bacillota_A;c__Clostridia;o__Lachnospirales;f__Lachnospiraceae;g__Anaerostipes;s__Anaerostipes hadrus
1863000,0.0027200852672998447,0.7964332318399304,0.0026733634591658696,0.0022219066937119677,2.991261605679956,3.0,1.7144389840030483,/tmp/nxf.XXXXsWkdqt/sourmash_database/gtdb-rs214-reps.k51.zip,"GCA_900557165.1 uncultured Clostridium sp., UMGS2014",087cc3b50b12aeda3a0dfaf41c8697ca,0.8103523270987386,1831000,33,235618000,ERR688634_2.fastq.gz,ERR688634,cf7fcffb,684905000,51,DNA,1000,684905,True,0.8906307723320008,0.9958852310318261,0.9432580016819134,0.9958852310318261,False,5477,465665,2465000,d__Bacteria;p__Bacillota_A;c__Clostridia;o__Peptostreptococcales;f__Peptostreptococcaceae;g__Terrisporobacter;s__Terrisporobacter sp900557165
1823000,0.002661683007132376,0.7744265080713679,0.002661683007132376,0.003023123732251521,4.087767416346681,4.0,3.060906438388209,/tmp/nxf.XXXXsWkdqt/sourmash_database/gtdb-rs214-reps.k51.zip,"GCF_000196555.1 Bifidobacterium longum subsp. longum JCM 1217 strain=JCM 1217, ASM19655v1",4e5724ba16e37517faabf3d6eac4a812,0.7744265080713679,1823000,34,233795000,ERR688634_2.fastq.gz,ERR688634,cf7fcffb,684905000,51,DNA,1000,684905,True,0.8902518180533039,0.9950001389070666,0.9426259784801853,0.9950001389070666,False,7452,473117,2465000,d__Bacteria;p__Actinomycetota;c__Actinomycetia;o__Actinomycetales;f__Bifidobacteriaceae;g__Bifidobacterium;s__Bifidobacterium longum
1867000,0.0027259254933165913,0.5977165883143049,0.0025989005774523476,0.013563488843813387,18.783146067415732,18.0,6.315946217243601,/tmp/nxf.XXXXsWkdqt/sourmash_database/gtdb-rs214-reps.k51.zip,"GCF_014337155.1 Wujia chipingensis strain=NSJ-4, ASM1433715v1",d14d6293643dd7ff1e991aef550ff44d,0.6269308260577569,1780000,35,232015000,ERR688634_2.fastq.gz,ERR688634,cf7fcffb,684905000,51,DNA,1000,684905,True,0.8906682280368412,0.9908865060560782,0.9407773670464596,0.9908865060560782,False,33434,506551,2465000,d__Bacteria;p__Bacillota_A;c__Clostridia;o__Lachnospirales;f__Lachnospiraceae;g__Wujia;s__Wujia chipingensis
1779000,0.002597440520948161,0.5647619047619048,0.002597440520948161,0.0012860040567951318,1.7818999437886454,1.0,1.0278245821461232,/tmp/nxf.XXXXsWkdqt/sourmash_database/gtdb-rs214-reps.k51.zip,"GCA_000435835.1 Clostridium sp. CAG:221, MGS221",c11da6b97001a6713eb55f2a0dd0f999,0.5647619047619048,1779000,36,230236000,ERR688634_2.fastq.gz,ERR688634,cf7fcffb,684905000,51,DNA,1000,684905,True,0.8898254356854496,0.9888595578391797,0.9393424967623146,0.9888595578391797,False,3170,509721,2465000,d__Bacteria;p__Bacillota_A;c__Clostridia;o__Clostridiales;f__Clostridiaceae;g__Clostridium;s__Clostridium sp000435835
1994000,0.0029113526693483036,0.5455381784728611,0.002597440520948161,0.0015841784989858011,2.195053400786959,2.0,2.27374936684058,/tmp/nxf.XXXXsWkdqt/sourmash_database/gtdb-rs214-reps.k51.zip,"GCF_900120195.1 Blautia sp. Marseille-P3087 strain=Marseille-P3087, PRJEB18016",009805ab0814e78c3885bd504bd5f720,0.6114688745783502,1779000,37,228457000,ERR688634_2.fastq.gz,ERR688634,cf7fcffb,684905000,51,DNA,1000,684905,True,0.8918182778075971,0.9904014371369749,0.941109857472286,0.9904014371369749,False,3905,513626,2465000,d__Bacteria;p__Bacillota_A;c__Clostridia;o__Lachnospirales;f__Lachnospiraceae;g__Blautia_A;s__Blautia_A sp900120195
1879000,0.002743446171366832,0.6185784658691063,0.00256677933436024,0.00255578093306288,3.583617747440273,3.0,4.858241194453482,/tmp/nxf.XXXXsWkdqt/sourmash_database/gtdb-rs214-reps.k51.zip,"GCA_021029595.1 Oscillospiraceae bacterium MH27-2 strain=MH27-2, ASM2102959v1",9f80a4aa0c0cd140334b7bd48cda4f2a,0.6611541168191415,1758000,38,226699000,ERR688634_2.fastq.gz,ERR688634,cf7fcffb,684905000,51,DNA,1000,684905,True,0.8907801249272861,0.9919197183024326,0.9413499216148593,0.9919197183024326,False,6300,519926,2465000,d__Bacteria;p__Bacillota_A;c__Clostridia;o__Oscillospirales;f__Acutalibacteraceae;g__UBA1417;s__UBA1417 sp003531055
1774000,0.002590140238427227,0.7820284697508897,0.00256677933436024,0.0031529411764705884,4.420932878270762,4.0,4.203072557660643,/tmp/nxf.XXXXsWkdqt/sourmash_database/gtdb-rs214-reps.k51.zip,"GCF_001025215.1 Bifidobacterium pseudocatenulatum DSM 20438 = JCM 1200 = LMG 10505 strain=JCM 1200, ASM102521v1",601139f282aa073e842d57ff1801e54a,0.7891459074733096,1758000,39,224941000,ERR688634_2.fastq.gz,ERR688634,cf7fcffb,684905000,51,DNA,1000,684905,True,0.8897763304570467,0.9953675464352036,0.9425719384461252,0.9953675464352036,False,7772,527698,2465000,d__Bacteria;p__Actinomycetota;c__Actinomycetia;o__Actinomycetales;f__Bifidobacteriaceae;g__Bifidobacterium;s__Bifidobacterium pseudocatenulatum
1890000,0.0027595067929128856,0.5469578783151327,0.002559479051839306,0.010387829614604462,14.606959498003423,13.0,9.10076051980611,/tmp/nxf.XXXXsWkdqt/sourmash_database/gtdb-rs214-reps.k51.zip,"GCA_000020605.1 [Eubacterium] rectale ATCC 33656 strain=ATCC 33656, ASM2060v1",bb4d1c2199066ffc1226ec8433ce5698,0.5897035881435257,1753000,40,223188000,ERR688634_2.fastq.gz,ERR688634,cf7fcffb,684905000,51,DNA,1000,684905,True,0.8908820833180543,0.9896978411901787,0.9402899622541165,0.9896978411901787,False,25606,553304,2465000,d__Bacteria;p__Bacillota_A;c__Clostridia;o__Lachnospirales;f__Lachnospiraceae;g__Agathobacter;s__Agathobacter rectalis
1897000,0.002769727188442193,0.441377563940238,0.002544878486797439,0.013634888438133874,19.282845668387836,19.0,13.943076577418855,/tmp/nxf.XXXXsWkdqt/sourmash_database/gtdb-rs214-reps.k51.zip,"GCA_025147325.1 Bacteroides stercoris ATCC 43183 strain=ATCC 43183, ASM2514732v1",457cfca025715f640ca0a2d4865521d7,0.4803747784249177,1743000,41,221445000,ERR688634_2.fastq.gz,ERR688634,cf7fcffb,684905000,51,DNA,1000,684905,True,0.8909466634628596,0.9857265959846212,0.9383366297237403,0.9857265959846212,False,33610,586914,2465000,d__Bacteria;p__Bacteroidota;c__Bacteroidia;o__Bacteroidales;f__Bacteroidaceae;g__Bacteroides;s__Bacteroides stercoris
1928000,0.002814988940071981,0.537888198757764,0.0025288178652513853,0.002791886409736308,3.9734411085450345,3.0,3.5660040233528543,/tmp/nxf.XXXXsWkdqt/sourmash_database/gtdb-rs214-reps.k51.zip,"GCF_020687205.1 Hominisplanchenecus faecis strain=CLA-AA-H246, ASM2068720v1",0a411542971e35712722644c0bed8e6b,0.5987577639751552,1732000,42,219713000,ERR688634_2.fastq.gz,ERR688634,cf7fcffb,684905000,51,DNA,1000,684905,True,0.891229881107826,0.9899935740504434,0.9406117275791347,0.9899935740504434,False,6882,593796,2465000,d__Bacteria;p__Bacillota_A;c__Clostridia;o__Lachnospirales;f__Lachnospiraceae;g__Hominisplanchenecus;s__Hominisplanchenecus faecis
1728000,0.0025229776392346383,0.9180851063829787,0.002520057526226265,0.004940365111561866,7.055619930475087,7.0,3.0428249367959834,/tmp/nxf.XXXXsWkdqt/sourmash_database/gtdb-rs214-reps.k51.zip,"GCA_000436335.1 Clostridium sp. CAG:217, MGS217",652326cbc9a7d4826b1c7880ac5dc725,0.9191489361702128,1726000,43,217987000,ERR688634_2.fastq.gz,ERR688634,cf7fcffb,684905000,51,DNA,1000,684905,True,0.8893180878357698,0.9983482850661998,0.9438331864509848,0.9983482850661998,False,12178,605974,2465000,d__Bacteria;p__Bacillota_A;c__Clostridia;o__Oscillospirales;f__Acutalibacteraceae;g__CAG-217;s__CAG-217 sp000436335
1721000,0.0025127572437053315,0.7769751693002257,0.0025127572437053315,0.0014515212981744423,2.0790238233585123,2.0,1.1821971980193444,/tmp/nxf.XXXXsWkdqt/sourmash_database/gtdb-rs214-reps.k51.zip,"GCA_905206455.1 uncultured Clostridiales bacterium, ERR1600730-mag-bin.21",c482c7dfa5d0e391a64547845a7b6f69,0.7769751693002257,1721000,44,216266000,ERR688634_2.fastq.gz,ERR688634,cf7fcffb,684905000,51,DNA,1000,684905,True,0.889247308724667,0.995064242916982,0.9421557758208245,0.995064242916982,False,3578,609552,2465000,d__Bacteria;p__Bacillota_A;c__Clostridia;o__Peptostreptococcales;f__Anaerovoracaceae;g__Alangreenwoodia;s__Alangreenwoodia sp905206455
1774000,0.002590140238427227,0.4234390485629336,0.002495236565655091,0.0014750507099391482,2.1275599765944997,1.0,3.224049469612058,/tmp/nxf.XXXXsWkdqt/sourmash_database/gtdb-rs214-reps.k51.zip,"GCF_000949455.1 Ruthenibacterium lactatiformans strain=585-1, ASM94945v1",1562c71162861a5c6e3bb1e6d2a266f2,0.43954410307234887,1709000,45,214557000,ERR688634_2.fastq.gz,ERR688634,cf7fcffb,684905000,51,DNA,1000,684905,True,0.8897763304570467,0.984011214959262,0.9368937727081543,0.984011214959262,False,3636,613188,2465000,d__Bacteria;p__Bacillota_A;c__Clostridia;o__Oscillospirales;f__Ruminococcaceae;g__Ruthenibacterium;s__Ruthenibacterium lactatiformans
1679000,0.0024514348705294894,0.4539794260963725,0.002448514757521116,0.001077079107505071,1.5831842576028623,1.0,1.4470676034021293,/tmp/nxf.XXXXsWkdqt/sourmash_database/gtdb-rs214-reps.k51.zip,"GCF_000577815.1 Clostridium saudiense strain=JCC, JCC",4599c592b29ff0cefbb3502c5085d033,0.4545208446128858,1677000,46,212880000,ERR688634_2.fastq.gz,ERR688634,cf7fcffb,684905000,51,DNA,1000,684905,True,0.8888166139024484,0.9846578979367188,0.9367372559195836,0.9846578979367188,False,2655,615843,2465000,d__Bacteria;p__Bacillota_A;c__Clostridia;o__Clostridiales;f__Clostridiaceae;g__Clostridium;s__Clostridium saudiense
1749000,0.002553638825822559,0.5745721271393643,0.002401792949387141,0.002691683569979716,4.033434650455927,3.0,3.4773396789341597,/tmp/nxf.XXXXsWkdqt/sourmash_database/gtdb-rs214-reps.k51.zip,"GCA_025150745.1 Eubacterium ventriosum strain=ATCC 27560, ASM2515074v1",440e1bb1587f3739d335baca21132760,0.6108976597974153,1645000,47,211235000,ERR688634_2.fastq.gz,ERR688634,cf7fcffb,684905000,51,DNA,1000,684905,True,0.8895287508350137,0.9903832876180024,0.9399560192265081,0.9903832876180024,False,6635,622478,2465000,d__Bacteria;p__Bacillota_A;c__Clostridia;o__Lachnospirales;f__Lachnospiraceae;g__Eubacterium_G;s__Eubacterium_G ventriosum
1708000,0.0024937765091509042,0.5048241518829754,0.002368211649790847,0.0015030425963488843,2.284217016029593,2.0,2.910499717222479,/tmp/nxf.XXXXsWkdqt/sourmash_database/gtdb-rs214-reps.k51.zip,"GCF_001404675.1 Coprococcus eutactus strain=2789STDY5834963, 14207_7#86",6309e330103cdd129eb9c6193ed4268b,0.5315904139433552,1622000,48,209613000,ERR688634_2.fastq.gz,ERR688634,cf7fcffb,684905000,51,DNA,1000,684905,True,0.8891151097633191,0.9876865952532208,0.9384008525082699,0.9876865952532208,False,3705,626183,2465000,d__Bacteria;p__Bacillota_A;c__Clostridia;o__Lachnospirales;f__Lachnospiraceae;g__Coprococcus;s__Coprococcus eutactus_A
1836000,0.0026806637416868033,0.30729465824238944,0.002343390689219673,0.0010977687626774848,1.685981308411215,1.0,2.6088436439405736,/tmp/nxf.XXXXsWkdqt/sourmash_database/gtdb-rs214-reps.k51.zip,"GCF_009193325.2 Bacteroides sp. HF-5287 strain=HF-5287, ASM919332v2",35e24dec0eb17009b47444e05d72d171,0.35152211372774267,1605000,49,208008000,ERR688634_2.fastq.gz,ERR688634,cf7fcffb,684905000,51,DNA,1000,684905,True,0.8903758648958529,0.9797090296282461,0.9350424472620495,0.9797090296282461,False,2706,628889,2465000,d__Bacteria;p__Bacteroidota;c__Bacteroidia;o__Bacteroidales;f__Bacteroidaceae;g__Bacteroides;s__Bacteroides zhangwenhongii
1602000,0.0023390105197071127,0.6196746707978311,0.0023360904066987392,0.006947667342799189,10.70375,10.0,16.346971766584172,/tmp/nxf.XXXXsWkdqt/sourmash_database/gtdb-rs214-reps.k51.zip,"GCA_004000625.1 Candidatus Cibiobacter qucibialis, ASM400062v1",442a7b6ad44794daf4265d6e6158d0b9,0.6204492641363284,1600000,50,206408000,ERR688634_2.fastq.gz,ERR688634,cf7fcffb,684905000,51,DNA,1000,684905,True,0.887998834137233,0.9906846116615453,0.9393417228993892,0.9906846116615453,False,17126,646015,2465000,d__Bacteria;p__Bacillota_A;c__Clostridia;o__Oscillospirales;f__Ruminococcaceae;g__Gemmiger;s__Gemmiger qucibialis
1610000,0.0023506909717406063,0.6353128736548426,0.002327330067673619,0.002768762677484787,4.28168130489335,4.0,2.0884646275893446,/tmp/nxf.XXXXsWkdqt/sourmash_database/gtdb-rs214-reps.k51.zip,"GCA_900539195.1 uncultured Ruminococcaceae bacterium, UMGS108",9128f89e885f57a2bf89153636078e24,0.6416899163013152,1594000,51,204814000,ERR688634_2.fastq.gz,ERR688634,cf7fcffb,684905000,51,DNA,1000,684905,True,0.888085572011251,0.9913387056699242,0.9397121388405876,0.9913387056699242,False,6825,652840,2465000,d__Bacteria;p__Bacillota_A;c__Clostridia;o__Oscillospirales;f__Ruminococcaceae;g__Ruminiclostridium_E;s__Ruminiclostridium_E sp900539195
1665000,0.0024309940794708753,0.5538568450312717,0.002327330067673619,0.003915212981744422,6.054579673776662,2.0,12.658239355005922,/tmp/nxf.XXXXsWkdqt/sourmash_database/gtdb-rs214-reps.k51.zip,"GCF_020687245.1 Faecalibacterium longum CLA-AA-H243 strain=CLA-AA-H243, ASM2068724v1",e1ff3e2f54ab82a776eb959bb6aa8673,0.5785267546907574,1594000,52,203220000,ERR688634_2.fastq.gz,ERR688634,cf7fcffb,684905000,51,DNA,1000,684905,True,0.888670698668184,0.9893265757534685,0.9389986372108263,0.9893265757534685,False,9651,662491,2465000,d__Bacteria;p__Bacillota_A;c__Clostridia;o__Oscillospirales;f__Ruminococcaceae;g__Faecalibacterium;s__Faecalibacterium longum
1750000,0.002555098882326746,0.4409493851873034,0.00225140712945591,0.001962677484787018,3.1374837872892347,2.0,3.2443559129578663,/tmp/nxf.XXXXsWkdqt/sourmash_database/gtdb-rs214-reps.k51.zip,"GCA_003481005.1 Firmicutes bacterium TM09-10 strain=TM09-10, ASM348100v1",c0d07a387323e9090cb0e8551aca2a08,0.5004289390906491,1542000,53,201678000,ERR688634_2.fastq.gz,ERR688634,cf7fcffb,684905000,51,DNA,1000,684905,True,0.889538720448291,0.9865174081907672,0.9380280643195291,0.9865174081907672,False,4838,667329,2465000,d__Bacteria;p__Bacillota_A;c__Clostridia;o__Lachnospirales;f__Lachnospiraceae;g__Eisenbergiella;s__Eisenbergiella sp900066775
1546000,0.002257247355472657,0.5196610169491526,0.0022382666209182296,0.0013902636916835699,2.2354859752120024,2.0,1.8688209012524193,/tmp/nxf.XXXXsWkdqt/sourmash_database/gtdb-rs214-reps.k51.zip,"GCA_000980705.1 Ruminococcus sp. UNK.MGS-30, ASM98070v1",8082cd99f19bc392f8eadbd9bd579abd,0.5240677966101694,1533000,54,200145000,ERR688634_2.fastq.gz,ERR688634,cf7fcffb,684905000,51,DNA,1000,684905,True,0.8873795073788936,0.9874106192699471,0.9373950633244204,0.9874106192699471,False,3427,670756,2465000,d__Bacteria;p__Bacillota_A;c__Clostridia;o__Oscillospirales;f__Ruminococcaceae;g__Ruminococcus_C;s__Ruminococcus_C sp000980705
1578000,0.0023039691636066316,0.7110177404295052,0.0022236660558763626,0.002745233265720081,4.443204202232436,4.0,3.9494372516918514,/tmp/nxf.XXXXsWkdqt/sourmash_database/gtdb-rs214-reps.k51.zip,"GCF_000188175.1 Phascolarctobacterium succinatutens YIT 12067 strain=YIT 12067, ASM18817v1",c90964210746f7c7ce1dc8419f0465dc,0.7366946778711485,1523000,55,198622000,ERR688634_2.fastq.gz,ERR688634,cf7fcffb,684905000,51,DNA,1000,684905,True,0.8877360492927239,0.9940261160169547,0.9408810826548393,0.9940261160169547,False,6767,677523,2465000,d__Bacteria;p__Bacillota_C;c__Negativicutes;o__Acidaminococcales;f__Acidaminococcaceae;g__Phascolarctobacterium_A;s__Phascolarctobacterium_A succinatutens
1524000,0.0022251261123805493,0.6926229508196722,0.002220745942867989,0.002859634888438134,4.634451019066404,4.0,2.296376067157816,/tmp/nxf.XXXXsWkdqt/sourmash_database/gtdb-rs214-reps.k51.zip,"GCA_000437255.1 Ruminococcus sp. CAG:403, MGS403",988be851b9afa802b11980b6676a601b,0.6939890710382514,1521000,56,197101000,ERR688634_2.fastq.gz,ERR688634,cf7fcffb,684905000,51,DNA,1000,684905,True,0.8871301627996504,0.9928628643983723,0.9399965135990114,0.9928628643983723,False,7049,684572,2465000,d__Bacteria;p__Bacillota_A;c__Clostridia;o__Oscillospirales;f__Ruminococcaceae;g__Ruminococcus_C;s__Ruminococcus_C sp000437255
1814000,0.0026485424985946957,0.41956882255389716,0.002216365773355429,0.0014129817444219067,2.294466403162055,2.0,2.7659435438212454,/tmp/nxf.XXXXsWkdqt/sourmash_database/gtdb-rs214-reps.k51.zip,"GCF_000225345.1 Roseburia hominis A2-183 strain=A2-183, ASM22534v1",2a06d44b517751a885debff12d3f2b01,0.5013819789939193,1518000,57,195583000,ERR688634_2.fastq.gz,ERR688634,cf7fcffb,684905000,51,DNA,1000,684905,True,0.8901654303930872,0.9865542124540755,0.9383598214235813,0.9865542124540755,False,3483,688055,2465000,d__Bacteria;p__Bacillota_A;c__Clostridia;o__Lachnospirales;f__Lachnospiraceae;g__Roseburia;s__Roseburia hominis
1832000,0.0026748235156700564,0.46887581294518427,0.002210525547338682,0.0014835699797160244,2.4154557463672393,2.0,3.0762737087263,/tmp/nxf.XXXXsWkdqt/sourmash_database/gtdb-rs214-reps.k51.zip,"GCA_025150245.1 Dorea formicigenerans strain=ATCC 27755, ASM2515024v1",7b7bf80b0639b07bda378c4de7e251f0,0.5673583152678848,1514000,58,194069000,ERR688634_2.fastq.gz,ERR688634,cf7fcffb,684905000,51,DNA,1000,684905,True,0.8903377885950616,0.9889484975139644,0.939643143054513,0.9889484975139644,False,3657,691712,2465000,d__Bacteria;p__Bacillota_A;c__Clostridia;o__Lachnospirales;f__Lachnospiraceae;g__Dorea;s__Dorea formicigenerans
1684000,0.002458735153050423,0.3512997853565466,0.002150663230667027,0.0015699797160243407,2.6272912423625256,2.0,2.9949474189256957,/tmp/nxf.XXXXsWkdqt/sourmash_database/gtdb-rs214-reps.k51.zip,"GCA_003478935.1 Firmicutes bacterium AF25-13AC strain=AF25-13AC, ASM347893v1",d970ffa55acdde4220eb605bb1fa656e,0.40162175053660865,1473000,59,192596000,ERR688634_2.fastq.gz,ERR688634,cf7fcffb,684905000,51,DNA,1000,684905,True,0.8888684375648183,0.9822718773654138,0.9355701574651161,0.9822718773654138,False,3870,695582,2465000,d__Bacteria;p__Bacillota_A;c__Clostridia;o__Lachnospirales;f__Lachnospiraceae;g__KLE1615;s__KLE1615 sp900066985
1528000,0.002230966338397296,0.5813586097946287,0.00214920317416284,0.0015318458417849898,2.5652173913043477,2.0,1.6301630208295583,/tmp/nxf.XXXXsWkdqt/sourmash_database/gtdb-rs214-reps.k51.zip,"GCF_014287435.1 Roseburia sp. NSJ-9 strain=NSJ-9, ASM1428743v1",08ffaa236f15f13b5819bbe6c0b20a1a,0.6034755134281201,1472000,60,191124000,ERR688634_2.fastq.gz,ERR688634,cf7fcffb,684905000,51,DNA,1000,684905,True,0.8871757595652016,0.9901459351048562,0.9386608473350289,0.9901459351048562,False,3776,699358,2465000,d__Bacteria;p__Bacillota_A;c__Clostridia;o__Lachnospirales;f__Lachnospiraceae;g__Pararoseburia;s__Pararoseburia lenta
1754000,0.002560939108343493,0.48643282594308407,0.0021462830611544666,0.0029432048681541584,4.9353741496598635,3.0,7.850857249618642,/tmp/nxf.XXXXsWkdqt/sourmash_database/gtdb-rs214-reps.k51.zip,"GCF_010509575.1 Faecalibacterium prausnitzii A2-165 strain=JCM 31915, ASM1050957v1",5136f6c0a3924e615495681fbaf7095d,0.5804103242885507,1470000,61,189654000,ERR688634_2.fastq.gz,ERR688634,cf7fcffb,684905000,51,DNA,1000,684905,True,0.889578543127942,0.9893896330767723,0.9394840881023572,0.9893896330767723,False,7255,706613,2465000,d__Bacteria;p__Bacillota_A;c__Clostridia;o__Oscillospirales;f__Ruminococcaceae;g__Faecalibacterium;s__Faecalibacterium duncaniae
1647000,0.0024047130623955147,0.2322652638291089,0.0021273023266000393,0.0010620689655172415,1.7968428277282087,1.0,3.6435052809529287,/tmp/nxf.XXXXsWkdqt/sourmash_database/gtdb-rs214-reps.k51.zip,"GCF_000011065.1 Bacteroides thetaiotaomicron VPI-5482 strain=VPI-5482, ASM1106v1",36e5cf9f0e4c0a0411f3300c5364f87f,0.26255380200860834,1457000,62,188197000,ERR688634_2.fastq.gz,ERR688634,cf7fcffb,684905000,51,DNA,1000,684905,True,0.8884813157285907,0.9741192456088752,0.9313002806687329,0.9741192456088752,False,2618,709231,2465000,d__Bacteria;p__Bacteroidota;c__Bacteroidia;o__Bacteroidales;f__Bacteroidaceae;g__Bacteroides;s__Bacteroides thetaiotaomicron
1442000,0.002105401479037239,0.6866666666666666,0.002105401479037239,0.0010973630831643002,1.875866851595007,2.0,1.0289768986715189,/tmp/nxf.XXXXsWkdqt/sourmash_database/gtdb-rs214-reps.k51.zip,"GCA_000435715.1 Firmicutes bacterium CAG:145, MGS145",740d4e429e3dcad25c67af243fcaf98f,0.6866666666666666,1442000,63,186755000,ERR688634_2.fastq.gz,ERR688634,cf7fcffb,684905000,51,DNA,1000,684905,True,0.8861686278138489,0.9926563852012719,0.9394125065075604,0.9926563852012719,False,2705,711936,2465000,d__Bacteria;p__Bacillota_A;c__Clostridia;o__Peptostreptococcales;f__Anaerovoracaceae;g__Fimisoma;s__Fimisoma sp000435715
1437000,0.002098101196516305,0.2902443950717027,0.002098101196516305,0.0008340770791075051,1.430758524704245,1.0,0.977250083989951,/tmp/nxf.XXXXsWkdqt/sourmash_database/gtdb-rs214-reps.k51.zip,"GCF_013337685.1 Citrobacter gillenii strain=UMG736, ASM1333768v1",482d59f43c2e53ddf47d3caa30e967c3,0.2902443950717027,1437000,64,185318000,ERR688634_2.fastq.gz,ERR688634,cf7fcffb,684905000,51,DNA,1000,684905,True,0.8861082760207771,0.9760362725033629,0.9310722742620701,0.9760362725033629,False,2056,713992,2465000,d__Bacteria;p__Pseudomonadota;c__Gammaproteobacteria;o__Enterobacterales;f__Enterobacteriaceae;g__Citrobacter;s__Citrobacter gillenii
1656000,0.002417853570933195,0.48973305954825463,0.002089340857491185,0.0012762677484787017,2.1984626135569534,1.0,3.4112114877182824,/tmp/nxf.XXXXsWkdqt/sourmash_database/gtdb-rs214-reps.k51.zip,"GCA_900764225.1 Lachnospiraceae bacterium, SRS1719414_2",42123f58896fd677ceebd9adecf239a6,0.5667351129363449,1431000,65,183887000,ERR688634_2.fastq.gz,ERR688634,cf7fcffb,684905000,51,DNA,1000,684905,True,0.8885762594680496,0.988927186255588,0.9387517228618187,0.988927186255588,False,3146,717138,2465000,d__Bacteria;p__Bacillota_A;c__Clostridia;o__Lachnospirales;f__Lachnospiraceae;g__Blautia_A;s__Blautia_A sp900764225
1476000,0.002155043400179587,0.5747776879547292,0.0020762003489535044,0.004181744421906694,7.248945147679325,6.0,6.241386380490934,/tmp/nxf.XXXXsWkdqt/sourmash_database/gtdb-rs214-reps.k51.zip,"GCA_900539945.1 uncultured Faecalibacterium sp., UMGS183",3bb5b6dd2b10e5252389d662c26718aa,0.5966046887631367,1422000,66,182465000,ERR688634_2.fastq.gz,ERR688634,cf7fcffb,684905000,51,DNA,1000,684905,True,0.8865736592253349,0.9899236483351506,0.9382486537802428,0.9899236483351506,False,10308,727446,2465000,d__Bacteria;p__Bacillota_A;c__Clostridia;o__Oscillospirales;f__Ruminococcaceae;g__Faecalibacterium;s__Faecalibacterium sp900539945
1658000,0.0024207736839415685,0.4182408500590319,0.002068900066432571,0.0020989858012170387,3.6513761467889907,3.0,4.002449833462204,/tmp/nxf.XXXXsWkdqt/sourmash_database/gtdb-rs214-reps.k51.zip,"GCF_902381825.1 Coprococcus catus, UHGG_MGYG-HGUT-01714",2077384ee8a75e96e14b40334da8965d,0.48937426210153484,1417000,67,181048000,ERR688634_2.fastq.gz,ERR688634,cf7fcffb,684905000,51,DNA,1000,684905,True,0.8885972893681112,0.986085407215474,0.9373413482917926,0.986085407215474,False,5174,732620,2465000,d__Bacteria;p__Bacillota_A;c__Clostridia;o__Lachnospirales;f__Lachnospiraceae;g__Coprococcus_A;s__Coprococcus_A catus_A
1479000,0.002159423569692147,0.6845670053217223,0.0020659799534241976,0.0038231237322515215,6.660070671378092,6.0,3.7085989270980346,/tmp/nxf.XXXXsWkdqt/sourmash_database/gtdb-rs214-reps.k51.zip,"GCF_000010425.1 Bifidobacterium adolescentis ATCC 15703 strain=ATCC 15703, ASM1042v1",b0e4a396e8e45e93a40b880914038134,0.7155297532656023,1415000,68,179633000,ERR688634_2.fastq.gz,ERR688634,cf7fcffb,684905000,51,DNA,1000,684905,True,0.886608956990343,0.9934581174461825,0.9400335372182628,0.9934581174461825,False,9424,742044,2465000,d__Bacteria;p__Actinomycetota;c__Actinomycetia;o__Actinomycetales;f__Bifidobacteriaceae;g__Bifidobacterium;s__Bifidobacterium adolescentis
1786000,0.0026076609164774676,0.3632589517384536,0.0020440791058613968,0.0013480730223123733,2.3735714285714287,1.0,3.73072399550171,/tmp/nxf.XXXXsWkdqt/sourmash_database/gtdb-rs214-reps.k51.zip,"GCA_902363675.1 Lachnospiraceae bacterium, MGYG-HGUT-00136",ac960028eaa927f2a1488994266a8e78,0.4634146341463415,1400000,69,178233000,ERR688634_2.fastq.gz,ERR688634,cf7fcffb,684905000,51,DNA,1000,684905,True,0.8898939561691687,0.9850321084480789,0.9374630323086237,0.9850321084480789,False,3323,745367,2465000,d__Bacteria;p__Bacillota_A;c__Clostridia;o__Lachnospirales;f__Lachnospiraceae;g__Agathobacter;s__Agathobacter sp000434275
1393000,0.00203385871033209,0.5474222746950019,0.0020309385973237165,0.002621095334685598,4.644859813084112,4.0,2.938448456198706,/tmp/nxf.XXXXsWkdqt/sourmash_database/gtdb-rs214-reps.k51.zip,"GCA_900754515.1 uncultured Oscillospiraceae bacterium, ERS396495_102",909566189748bf89f0139fb5eaa30c97,0.5482093663911846,1391000,70,176842000,ERR688634_2.fastq.gz,ERR688634,cf7fcffb,684905000,51,DNA,1000,684905,True,0.8855681246911218,0.9882829501128969,0.9369255374020093,0.9882829501128969,False,6461,751828,2465000,d__Bacteria;p__Bacillota_A;c__Clostridia;o__Oscillospirales;f__Oscillospiraceae;g__Limivicinus;s__Limivicinus sp900754515
1441000,0.002103941422533052,0.4537732767069585,0.002028018484315343,0.0022032454361054768,3.910007199424046,3.0,3.329704745657294,/tmp/nxf.XXXXsWkdqt/sourmash_database/gtdb-rs214-reps.k51.zip,"GCF_009696065.1 Lachnospiraceae bacterium BSM-380-WT-5A strain=BSM-380-WT-5A, ASM969606v1",73677b2e91ab00f52564bad2dbf630bb,0.4707611891538713,1389000,71,175453000,ERR688634_2.fastq.gz,ERR688634,cf7fcffb,684905000,51,DNA,1000,684905,True,0.8861565738853243,0.9853359458562426,0.9357462598707835,0.9853359458562426,False,5431,757259,2465000,d__Bacteria;p__Bacillota_A;c__Clostridia;o__Lachnospirales;f__Lachnospiraceae;g__Oliverpabstia;s__Oliverpabstia intestinalis
1557000,0.0022733079770187107,0.46318607764390896,0.0020207182017944096,0.0009342799188640973,1.6640173410404624,1.0,2.680583156237231,/tmp/nxf.XXXXsWkdqt/sourmash_database/gtdb-rs214-reps.k51.zip,"GCA_025148965.1 Intestinibacter bartlettii strain=DSM 16795, ASM2514896v1",7dae968335e10707e04076acaf75f7a9,0.5210843373493976,1384000,72,174069000,ERR688634_2.fastq.gz,ERR688634,cf7fcffb,684905000,51,DNA,1000,684905,True,0.887502878107995,0.987300090564117,0.9374014843360561,0.987300090564117,False,2303,759562,2465000,d__Bacteria;p__Bacillota_A;c__Clostridia;o__Peptostreptococcales;f__Peptostreptococcaceae;g__Intestinibacter;s__Intestinibacter bartlettii
1429000,0.0020864207444828116,0.39729574223245107,0.0020163380322818494,0.001023529411764706,1.8269370021723388,2.0,1.0045652286987101,/tmp/nxf.XXXXsWkdqt/sourmash_database/gtdb-rs214-reps.k51.zip,"GCF_000296465.1 Barnesiella intestinihominis YIT 11860 strain=YIT 11860, Barn_inte_YIT_11860_V1",d196529161357ff3df29b07d59ecfd62,0.41110471806674337,1381000,73,172688000,ERR688634_2.fastq.gz,ERR688634,cf7fcffb,684905000,51,DNA,1000,684905,True,0.8860112836061014,0.9827214609734941,0.9343663722897977,0.9827214609734941,False,2523,762085,2465000,d__Bacteria;p__Bacteroidota;c__Bacteroidia;o__Bacteroidales;f__Barnesiellaceae;g__Barnesiella;s__Barnesiella intestinihominis
1712000,0.002499616735167651,0.41148325358851673,0.0020090377497609157,0.007787829614604462,13.951308139534884,15.0,7.99917045323662,/tmp/nxf.XXXXsWkdqt/sourmash_database/gtdb-rs214-reps.k51.zip,"GCA_001312505.1 [Ruminococcus] faecis JCM 15917 strain=JCM 15917, ASM131250v1",74084a0ba33e0aad9e3ea50a89ace6e7,0.5119617224880383,1376000,74,171312000,ERR688634_2.fastq.gz,ERR688634,cf7fcffb,684905000,51,DNA,1000,684905,True,0.8891558911372772,0.9869582333560003,0.9380570622466388,0.9869582333560003,False,19197,781282,2465000,d__Bacteria;p__Bacillota_A;c__Clostridia;o__Lachnospirales;f__Lachnospiraceae;g__Mediterraneibacter;s__Mediterraneibacter faecis
1607000,0.002346310802228046,0.38879408418657563,0.0019958972412232353,0.0010567951318458419,1.9056327724945135,1.0,2.80776781069062,/tmp/nxf.XXXXsWkdqt/sourmash_database/gtdb-rs214-reps.k51.zip,"GCF_003122485.1 Eubacterium ramulus strain=21, ASM312248v1",69f62821c52170586372e30edee725e7,0.45705346985210465,1367000,75,169945000,ERR688634_2.fastq.gz,ERR688634,cf7fcffb,684905000,51,DNA,1000,684905,True,0.8880530949284444,0.9847651853602232,0.9364091401443337,0.9847651853602232,False,2605,783887,2465000,d__Bacteria;p__Bacillota_A;c__Clostridia;o__Lachnospirales;f__Lachnospiraceae;g__Eubacterium_I;s__Eubacterium_I ramulus_A
1910000,0.00278870792299662,0.47836879432624113,0.0019696162241478747,0.0018730223123732252,3.4225352112676055,3.0,3.522579389019886,/tmp/nxf.XXXXsWkdqt/sourmash_database/gtdb-rs214-reps.k51.zip,"GCF_024168045.1 Dorea longicatena strain=NB2A-3-NA, ASM2416804v1",5fba9226860b39ee4f11395602a350d1,0.6773049645390071,1349000,76,168596000,ERR688634_2.fastq.gz,ERR688634,cf7fcffb,684905000,51,DNA,1000,684905,True,0.8910659805844798,0.992389234318288,0.9417276074513838,0.992389234318288,False,4617,788504,2465000,d__Bacteria;p__Bacillota_A;c__Clostridia;o__Lachnospirales;f__Lachnospiraceae;g__Dorea_A;s__Dorea_A longicatena_B
1365000,0.001992977128214862,0.3913928467577784,0.0019652360546353145,0.0011026369168356997,2.0193164933135215,2.0,1.201626489095952,/tmp/nxf.XXXXsWkdqt/sourmash_database/gtdb-rs214-reps.k51.zip,"GCA_000432735.1 Bacteroides sp. CAG:443, MGS443",d4a552d0efeb3a83f18e70ee85c574d7,0.39691770863623144,1346000,77,167250000,ERR688634_2.fastq.gz,ERR688634,cf7fcffb,684905000,51,DNA,1000,684905,True,0.885215612586969,0.9820449843168279,0.9336302984518985,0.9820449843168279,False,2718,791222,2465000,d__Bacteria;p__Bacteroidota;c__Bacteroidia;o__Bacteroidales;f__Bacteroidaceae;g__Phocaeicola;s__Phocaeicola sp000432735
1547000,0.0022587074119768437,0.4409240924092409,0.0019506354895934472,0.0023363083164300203,4.31062874251497,3.0,7.5851498210830135,/tmp/nxf.XXXXsWkdqt/sourmash_database/gtdb-rs214-reps.k51.zip,"GCF_023347255.1 Faecalibacterium sp. I4384 strain=I4384, ASM2334725v1",1ea2dc0eabe05329a021ee2c38093f28,0.5105610561056105,1336000,78,165914000,ERR688634_2.fastq.gz,ERR688634,cf7fcffb,684905000,51,DNA,1000,684905,True,0.8873907584032027,0.9869052171171059,0.9371479877601543,0.9869052171171059,False,5759,796981,2465000,d__Bacteria;p__Bacillota_A;c__Clostridia;o__Oscillospirales;f__Ruminococcaceae;g__Faecalibacterium;s__Faecalibacterium prausnitzii_D
1511000,0.002206145377826122,0.35838926174496644,0.0019491754330892605,0.0012713995943204868,2.347565543071161,1.0,3.774022143163693,/tmp/nxf.XXXXsWkdqt/sourmash_database/gtdb-rs214-reps.k51.zip,"GCA_902362865.1 Clostridiaceae bacterium, MGYG-HGUT-00067",f4d9c8091ea5e43ddcaded51bd0fae5f,0.40563758389261745,1335000,79,164579000,ERR688634_2.fastq.gz,ERR688634,cf7fcffb,684905000,51,DNA,1000,684905,True,0.8869811587735658,0.9824635235081678,0.9347223411408667,0.9824635235081678,False,3134,800115,2465000,d__Bacteria;p__Bacillota_A;c__Clostridia;o__Lachnospirales;f__Lachnospiraceae;g__Lachnoclostridium_B;s__Lachnoclostridium_B sp900066765
1512000,0.0022076054343303088,0.3236309817464233,0.001915594133492966,0.0010206896551724137,1.9176829268292683,1.0,3.8711241194574337,/tmp/nxf.XXXXsWkdqt/sourmash_database/gtdb-rs214-reps.k51.zip,"GCA_018223435.1 Lachnospiraceae bacterium Marseille-Q4251 strain=Marseille-Q4251, ASM1822343v1",5b7102c1db11e707bc7dfa1da48d660f,0.37296497286630487,1312000,80,163267000,ERR688634_2.fastq.gz,ERR688634,cf7fcffb,684905000,51,DNA,1000,684905,True,0.8869926651585269,0.9808471494111645,0.9339199072848456,0.9808471494111645,False,2516,802631,2465000,d__Bacteria;p__Bacillota_A;c__Clostridia;o__Lachnospirales;f__Lachnospiraceae;g__Limivivens;s__Limivivens sp900543575
1337000,0.001952095546097634,0.2707032875572201,0.0018995335119469123,0.000701419878296146,1.3289777094542659,1.0,0.7699174618377717,/tmp/nxf.XXXXsWkdqt/sourmash_database/gtdb-rs214-reps.k51.zip,"GCF_000012845.1 Parabacteroides distasonis ATCC 8503 strain=ATCC 8503, ASM1284v1",85c74583c59734abc0e8f1a3e909b79d,0.27819392426134,1301000,81,161966000,ERR688634_2.fastq.gz,ERR688634,cf7fcffb,684905000,51,DNA,1000,684905,True,0.8848559387292015,0.9752250668318725,0.930040502780537,0.9752250668318725,False,1729,804360,2465000,d__Bacteria;p__Bacteroidota;c__Bacteroidia;o__Bacteroidales;f__Tannerellaceae;g__Parabacteroides;s__Parabacteroides distasonis
1490000,0.0021754841912382007,0.3294663573085847,0.001865952212350618,0.0016401622718052737,3.1635367762128324,3.0,1.8065306702126671,/tmp/nxf.XXXXsWkdqt/sourmash_database/gtdb-rs214-reps.k51.zip,"GCA_025145285.1 Alistipes onderdonkii strain=DSM 19147, ASM2514528v1",2de6e539bf1bbcefae850f4a041e233c,0.38411961845836556,1278000,82,160688000,ERR688634_2.fastq.gz,ERR688634,cf7fcffb,684905000,51,DNA,1000,684905,True,0.8867377843064339,0.9814140794028379,0.9340759318546359,0.9814140794028379,False,4043,808403,2465000,d__Bacteria;p__Bacteroidota;c__Bacteroidia;o__Bacteroidales;f__Rikenellaceae;g__Alistipes;s__Alistipes onderdonkii
1289000,0.0018820128338966717,0.25756038157093564,0.0018528117038129376,0.0011281947261663286,2.1914893617021276,2.0,1.4104384256277547,/tmp/nxf.XXXXsWkdqt/sourmash_database/gtdb-rs214-reps.k51.zip,"GCF_003697165.2 Escherichia coli DSM 30083 = JCM 1649 = ATCC 11775 strain=ATCC 11775, ASM369716v2",84efa859553c7c5d22f6f6377fa345fd,0.26161964684392125,1269000,83,159419000,ERR688634_2.fastq.gz,ERR688634,cf7fcffb,684905000,51,DNA,1000,684905,True,0.8842218184855745,0.9740511684805606,0.9291364934830675,0.9740511684805606,False,2781,811184,2465000,d__Bacteria;p__Pseudomonadota;c__Gammaproteobacteria;o__Enterobacterales;f__Enterobacteriaceae;g__Escherichia;s__Escherichia coli
1263000,0.0018440513647878173,0.6325301204819277,0.001839671195275257,0.006810953346855984,13.324603174603174,12.0,8.846227664386028,/tmp/nxf.XXXXsWkdqt/sourmash_database/gtdb-rs214-reps.k51.zip,"GCF_009696075.1 Holdemanella biformis strain=LKV-472-APC-3, ASM969607v1",a84000c7ef58f47f4eafd654fbfc98c6,0.6340361445783133,1260000,84,158159000,ERR688634_2.fastq.gz,ERR688634,cf7fcffb,684905000,51,DNA,1000,684905,True,0.8838686011633008,0.9911054919577911,0.9374870465605459,0.9911054919577911,False,16789,827973,2465000,d__Bacteria;p__Bacillota;c__Bacilli;o__Erysipelotrichales;f__Erysipelotrichaceae;g__Holdemanella;s__Holdemanella porci
2363000,0.0034501135193932006,0.24744094488188975,0.001835291025762697,0.0009460446247464503,1.8552108194112968,1.0,2.056026779264025,/tmp/nxf.XXXXsWkdqt/sourmash_database/gtdb-rs214-reps.k51.zip,"GCF_000012825.1 Bacteroides vulgatus ATCC 8482 strain=ATCC 8482, ASM1282v1",63b92dc09e7b5ffbd878d8e5fce5cfec,0.4651574803149606,1257000,85,156902000,ERR688634_2.fastq.gz,ERR688634,cf7fcffb,684905000,51,DNA,1000,684905,True,0.8947922691959045,0.9851046138089407,0.9399484415024226,0.9851046138089407,False,2332,830305,2465000,d__Bacteria;p__Bacteroidota;c__Bacteroidia;o__Bacteroidales;f__Bacteroidaceae;g__Phocaeicola;s__Phocaeicola vulgatus
1252000,0.0018279907432417635,0.43321799307958475,0.0018279907432417635,0.0026430020283975657,5.203674121405751,5.0,2.85387790360613,/tmp/nxf.XXXXsWkdqt/sourmash_database/gtdb-rs214-reps.k51.zip,"GCA_000437595.1 Faecalibacterium sp. CAG:74, MGS74",4d3dcfd86dd11d49ff70c883ae03f40b,0.43321799307958475,1252000,86,155650000,ERR688634_2.fastq.gz,ERR688634,cf7fcffb,684905000,51,DNA,1000,684905,True,0.8837170121430468,0.9837315444893913,0.933724278316219,0.9837315444893913,False,6515,836820,2465000,d__Bacteria;p__Bacillota_A;c__Clostridia;o__Christensenellales;f__CAG-74;g__UBA11524;s__UBA11524 sp000437595
1554000,0.0022689278075061505,0.30687830687830686,0.0017783488220994151,0.0010259634888438135,2.0763546798029555,1.0,3.162524169936692,/tmp/nxf.XXXXsWkdqt/sourmash_database/gtdb-rs214-reps.k51.zip,"GCA_020687485.1 Lachnospiraceae bacterium CLA-AA-H215 strain=CLA-AA-H215, ASM2068748v1",20ab9c7d65066744af9084616969416a,0.3915343915343915,1218000,87,154432000,ERR688634_2.fastq.gz,ERR688634,cf7fcffb,684905000,51,DNA,1000,684905,True,0.8874693165003299,0.9817820698662729,0.9346256931833015,0.9817820698662729,False,2529,839349,2465000,d__Bacteria;p__Bacillota_A;c__Clostridia;o__Lachnospirales;f__Lachnospiraceae;g__JAJEQR01;s__JAJEQR01 sp020687485
1212000,0.001769588483074295,0.44493392070484583,0.001769588483074295,0.0009886409736308316,2.0107260726072607,2.0,1.1535783619568307,/tmp/nxf.XXXXsWkdqt/sourmash_database/gtdb-rs214-reps.k51.zip,"GCA_025144665.1 Alistipes ihumii AP11 strain=AP11, ASM2514466v1",94470386a10a8c80e63e8cc398fee2ec,0.44493392070484583,1212000,88,153220000,ERR688634_2.fastq.gz,ERR688634,cf7fcffb,684905000,51,DNA,1000,684905,True,0.8831545513780515,0.9842463970037778,0.9337004741909147,0.9842463970037778,False,2437,841786,2465000,d__Bacteria;p__Bacteroidota;c__Bacteroidia;o__Bacteroidales;f__Rikenellaceae;g__Alistipes_A;s__Alistipes_A ihumii
1462000,0.002134602609120973,0.39420193268910364,0.0017272468444528802,0.007958620689655173,16.583262890955197,17.0,9.719634797467762,/tmp/nxf.XXXXsWkdqt/sourmash_database/gtdb-rs214-reps.k51.zip,"GCF_003324185.1 Faecalibacterium prausnitzii strain=ATCC 27768, ASM332418v1",a294186b3cb8cdd319bb9d5fdcde1f5a,0.48717094301899366,1183000,89,152037000,ERR688634_2.fastq.gz,ERR688634,cf7fcffb,684905000,51,DNA,1000,684905,True,0.8864080007739211,0.985998162140709,0.936203081457315,0.985998162140709,False,19618,861404,2465000,d__Bacteria;p__Bacillota_A;c__Clostridia;o__Oscillospirales;f__Ruminococcaceae;g__Faecalibacterium;s__Faecalibacterium prausnitzii
1198000,0.001749147692015681,0.30410110910497806,0.0017214066184361334,0.0008105476673427992,1.6946564885496183,1.0,4.115598117841547,/tmp/nxf.XXXXsWkdqt/sourmash_database/gtdb-rs214-reps.k51.zip,"GCA_003112755.1 Lawsonibacter asaccharolyticus strain=3BBH22, ASM311275v1",361208864dd572270a6b0d29d09d6bd1,0.3090018055197318,1179000,90,150858000,ERR688634_2.fastq.gz,ERR688634,cf7fcffb,684905000,51,DNA,1000,684905,True,0.8829533815050722,0.9772355009897592,0.9300944412474157,0.9772355009897592,False,1998,863402,2465000,d__Bacteria;p__Bacillota_A;c__Clostridia;o__Oscillospirales;f__Oscillospiraceae;g__Lawsonibacter;s__Lawsonibacter asaccharolyticus
1199000,0.0017506077485198678,0.3636930754834685,0.0017024258838817061,0.0010953346855983772,2.3156089193825045,2.0,1.4851627298688372,/tmp/nxf.XXXXsWkdqt/sourmash_database/gtdb-rs214-reps.k51.zip,"GCA_003460745.1 Firmicutes bacterium AM55-24TS strain=AM55-24TS, ASM346074v1",80420d374bef48c7644cd7f87f70f8f9,0.37398627573300064,1166000,91,149692000,ERR688634_2.fastq.gz,ERR688634,cf7fcffb,684905000,51,DNA,1000,684905,True,0.8829678270236612,0.9808997433093365,0.9319337851664988,0.9808997433093365,False,2700,866102,2465000,d__Bacteria;p__Bacillota_A;c__Clostridia;o__UBA1381;f__UBA1381;g__CAG-41;s__CAG-41 sp900066215
1336000,0.0019506354895934472,0.3427635497319833,0.0016805250363189056,0.0015314401622718052,3.2797567332754127,2.0,8.304056681474695,/tmp/nxf.XXXXsWkdqt/sourmash_database/gtdb-rs214-reps.k51.zip,"GCF_018784445.1 Gemmiger formicilis strain=MCC627, ASM1878444v1",05a0256de479fcb370d77f1d0c2ed04a,0.3978558665872543,1151000,92,148541000,ERR688634_2.fastq.gz,ERR688634,cf7fcffb,684905000,51,DNA,1000,684905,True,0.8848429570681587,0.9820904447950008,0.9334667009315798,0.9820904447950008,False,3775,869877,2465000,d__Bacteria;p__Bacillota_A;c__Clostridia;o__Oscillospirales;f__Ruminococcaceae;g__Gemmiger;s__Gemmiger sp900540775
1224000,0.0017871091611245354,0.3682498373454782,0.001652783962739358,0.0014008113590263693,3.0503533568904593,3.0,2.164630934736791,/tmp/nxf.XXXXsWkdqt/sourmash_database/gtdb-rs214-reps.k51.zip,"GCF_003477605.1 Clostridium sp. AF37-5 strain=AF37-5, ASM347760v1",0fa591a160b88ae9b14466b587521f5d,0.39817826935588807,1132000,93,147409000,ERR688634_2.fastq.gz,ERR688634,cf7fcffb,684905000,51,DNA,1000,684905,True,0.8833251776711598,0.9821060432594954,0.9327156104653276,0.9821060432594954,False,3453,873330,2465000,d__Bacteria;p__Bacillota_A;c__Clostridia;o__Lachnospirales;f__Lachnospiraceae;g__Eubacterium_F;s__Eubacterium_F sp003491505
1226000,0.001790029274132909,0.3166383701188455,0.0016338032281849307,0.0007395537525354969,1.6291331546023236,1.0,2.7128085060159974,/tmp/nxf.XXXXsWkdqt/sourmash_database/gtdb-rs214-reps.k51.zip,"GCF_005121165.3 Dysosmobacter welbionis strain=J115, ASM512116v3",09a34dca3e142e3d9e58ce200e89b31c,0.3469156762874929,1119000,94,146290000,ERR688634_2.fastq.gz,ERR688634,cf7fcffb,684905000,51,DNA,1000,684905,True,0.8833534558468429,0.9794556658581951,0.931404560852519,0.9794556658581951,False,1823,875153,2465000,d__Bacteria;p__Bacillota_A;c__Clostridia;o__Oscillospirales;f__Oscillospiraceae;g__Dysosmobacter;s__Dysosmobacter welbionis
1115000,0.0016279630021681839,0.8485540334855404,0.0016279630021681839,0.004187423935091278,9.257399103139013,9.0,3.9897993765265856,/tmp/nxf.XXXXsWkdqt/sourmash_database/gtdb-rs214-reps.k51.zip,"GCA_000431795.1 Clostridium sp. CAG:302, MGS302",9b3dcb12a4dd5604865d1d6cd3ac77bd,0.8485540334855404,1115000,95,145175000,ERR688634_2.fastq.gz,ERR688634,cf7fcffb,684905000,51,DNA,1000,684905,True,0.8817112119024005,0.9967851490267806,0.9392481804645906,0.9967851490267806,False,10322,885475,2465000,d__Bacteria;p__Bacillota;c__Bacilli;o__RF39;f__UBA660;g__CAG-302;s__CAG-302 sp000431795
1116000,0.0016294230586723706,0.5297820823244552,0.001597301815580263,0.001472210953346856,3.3171846435100547,3.0,1.835297058058479,/tmp/nxf.XXXXsWkdqt/sourmash_database/gtdb-rs214-reps.k51.zip,"GCA_003507655.1 Lachnospiraceae bacterium, ASM350765v1",dc34020203f5fdad3e3eaf4b41b45cc9,0.5404358353510896,1094000,96,144081000,ERR688634_2.fastq.gz,ERR688634,cf7fcffb,684905000,51,DNA,1000,684905,True,0.8817267104306292,0.988006243414392,0.9348664769225106,0.988006243414392,False,3629,889104,2465000,d__Bacteria;p__Bacillota_A;c__Clostridia;o__Lachnospirales;f__Lachnospiraceae;g__UBA11774;s__UBA11774 sp003507655
1225000,0.0017885692176287222,0.2822515486129814,0.0015301392163876743,0.0009565922920892495,2.25,2.0,3.179505578732461,/tmp/nxf.XXXXsWkdqt/sourmash_database/gtdb-rs214-reps.k51.zip,"GCF_014297285.1 Dysosmobacter sp. BX15 strain=BX15, ASM1429728v1",bad233d475eff3d0c10d83777dbf9d1c,0.32992189604093725,1048000,97,143033000,ERR688634_2.fastq.gz,ERR688634,cf7fcffb,684905000,51,DNA,1000,684905,True,0.8833393224169003,0.9784915536292139,0.9309154380230571,0.9784915536292139,False,2358,891462,2465000,d__Bacteria;p__Bacillota_A;c__Clostridia;o__Oscillospirales;f__Oscillospiraceae;g__Dysosmobacter;s__Dysosmobacter sp001916835
1129000,0.001648403793226798,0.1862797778971879,0.0015184587643541805,0.0006531440162271805,1.5480769230769231,1.0,7.380431256542152,/tmp/nxf.XXXXsWkdqt/sourmash_database/gtdb-rs214-reps.k51.zip,"GCF_011927845.1 Butyricimonas paravirosa strain=DSM 105722, ASM1192784v1",cc1e901fd2cc9d9ffb757c4a7687cf15,0.20222102812108186,1040000,98,141993000,ERR688634_2.fastq.gz,ERR688634,cf7fcffb,684905000,51,DNA,1000,684905,True,0.8819269615674271,0.9691449816144655,0.9255359715909464,0.9691449816144655,False,1610,893072,2465000,d__Bacteria;p__Bacteroidota;c__Bacteroidia;o__Bacteroidales;f__Marinifilaceae;g__Butyricimonas;s__Butyricimonas paravirosa
1101000,0.00160752221110957,0.434412265758092,0.0014892576342704462,0.01960446247464503,47.377450980392155,48.0,16.061331024756722,/tmp/nxf.XXXXsWkdqt/sourmash_database/gtdb-rs214-reps.k51.zip,"GCF_002834235.1 Ruminococcus bromii strain=5AMG, ASM283423v1",c788aae2c6f3cc3e1e9802e6b555f644,0.46890971039182283,1020000,99,140973000,ERR688634_2.fastq.gz,ERR688634,cf7fcffb,684905000,51,DNA,1000,684905,True,0.8814927898707977,0.9852598132167806,0.9333763015437891,0.9852598132167806,False,48325,941397,2465000,d__Bacteria;p__Bacillota_A;c__Clostridia;o__Oscillospirales;f__Acutalibacteraceae;g__Ruminococcus_E;s__Ruminococcus_E bromii_B
1018000,0.001486337521262073,0.34791524265208473,0.001486337521262073,0.0005756592292089249,1.393909626719057,1.0,1.6563986307808602,/tmp/nxf.XXXXsWkdqt/sourmash_database/gtdb-rs214-reps.k51.zip,"GCF_013046825.1 Turicibacter sanguinis strain=MOL361, ASM1304682v1",3231df207ff03e7f7eab49e83a87b65a,0.34791524265208473,1018000,100,139955000,ERR688634_2.fastq.gz,ERR688634,cf7fcffb,684905000,51,DNA,1000,684905,True,0.8801391152283239,0.979510923156914,0.929825019192619,0.979510923156914,False,1419,942816,2465000,d__Bacteria;p__Bacillota;c__Bacilli;o__Haloplasmatales;f__Turicibacteraceae;g__Turicibacter;s__Turicibacter sanguinis
1016000,0.0014834174082536994,0.6792199058507061,0.0014746570692285791,0.0011363083164300204,2.773267326732673,2.0,1.8225969443642016,/tmp/nxf.XXXXsWkdqt/sourmash_database/gtdb-rs214-reps.k51.zip,"GCA_900545225.1 uncultured Clostridiales bacterium, UMGS752",8432b5690dd8f21df2124fb238235459,0.6832548755884331,1010000,101,138945000,ERR688634_2.fastq.gz,ERR688634,cf7fcffb,684905000,51,DNA,1000,684905,True,0.8801051775635299,0.9925594402527934,0.9363323089081617,0.9925594402527934,False,2801,945617,2465000,d__Bacteria;p__Bacillota_A;c__Clostridia;o__Lachnospirales;f__Lachnospiraceae;g__UBA4285;s__UBA4285 sp900545225
1005000,0.0014673567867076456,0.75,0.0014673567867076456,0.011188640973630832,27.442786069651742,27.0,7.255669267298701,/tmp/nxf.XXXXsWkdqt/sourmash_database/gtdb-rs214-reps.k51.zip,"GCA_000434035.1 Clostridium sp. CAG:452, MGS452",cc7c6266b31bfe0c41b951e07bc2405b,0.75,1005000,102,137940000,ERR688634_2.fastq.gz,ERR688634,cf7fcffb,684905000,51,DNA,1000,684905,True,0.8799173416172321,0.9943750546310145,0.9371461981241234,0.9943750546310145,False,27580,973197,2465000,d__Bacteria;p__Bacillota_A;c__Clostridia;o__TANB77;f__CAG-508;g__CAG-452;s__CAG-452 sp000434035
983000,0.001435235543615538,0.363669996300407,0.001435235543615538,0.0047188640973630834,11.833163784333673,11.0,4.022398992234247,/tmp/nxf.XXXXsWkdqt/sourmash_database/gtdb-rs214-reps.k51.zip,"GCA_000432515.1 Bacteroides sp. CAG:545, MGS545",030762aa385c36a1055a35c4f3fe9bf4,0.363669996300407,983000,103,136957000,ERR688634_2.fastq.gz,ERR688634,cf7fcffb,684905000,51,DNA,1000,684905,True,0.8795355455156099,0.980361891393272,0.9299487184544409,0.980361891393272,False,11632,984829,2465000,d__Bacteria;p__Bacteroidota;c__Bacteroidia;o__Bacteroidales;f__UBA932;g__Cryptobacteroides;s__Cryptobacteroides sp000432515
1005000,0.0014673567867076456,0.3428470754052149,0.0014206349785736707,0.0007886409736308316,1.997944501541624,2.0,1.7441712912792706,/tmp/nxf.XXXXsWkdqt/sourmash_database/gtdb-rs214-reps.k51.zip,"GCF_000723465.1 Ruminococcus bicirculans strain=80/3, Rb803",70a947f02b8a53314791d97d0ad7467e,0.35412262156448204,973000,104,135984000,ERR688634_2.fastq.gz,ERR688634,cf7fcffb,684905000,51,DNA,1000,684905,True,0.8799173416172321,0.979850629330651,0.9298839854739416,0.979850629330651,False,1944,986773,2465000,d__Bacteria;p__Bacillota_A;c__Clostridia;o__Oscillospirales;f__Ruminococcaceae;g__Ruminococcus_D;s__Ruminococcus_D bicirculans
1320000,0.0019272745855264599,0.34397163120567376,0.0014162548090611107,0.0010421906693711968,2.6484536082474226,2.0,4.051361318928195,/tmp/nxf.XXXXsWkdqt/sourmash_database/gtdb-rs214-reps.k51.zip,"GCF_023347275.1 Faecalibacterium sp. I3389 strain=I3389, ASM2334727v1",105d513d0b8d24a4f97fa1ab6cc3e404,0.46808510638297873,970000,105,135014000,ERR688634_2.fastq.gz,ERR688634,cf7fcffb,684905000,51,DNA,1000,684905,True,0.8846339447484481,0.9852258106689635,0.9349298777087058,0.9852258106689635,False,2569,989342,2465000,d__Bacteria;p__Bacillota_A;c__Clostridia;o__Oscillospirales;f__Ruminococcaceae;g__Faecalibacterium;s__Faecalibacterium sp900758465
971000,0.0014177148655652974,0.2676446166620537,0.0014118746395485504,0.007042596348884381,17.95243019648397,17.0,12.547070085240135,/tmp/nxf.XXXXsWkdqt/sourmash_database/gtdb-rs214-reps.k51.zip,"GCF_002265625.1 Prevotella sp. 885 strain=885, ASM226562v1",6f27695917a933cec0a9bc03e9acdf60,0.2687517298643786,967000,106,134047000,ERR688634_2.fastq.gz,ERR688634,cf7fcffb,684905000,51,DNA,1000,684905,True,0.8793237469249429,0.9745649974750081,0.9269443721999755,0.9745649974750081,False,17360,1006702,2465000,d__Bacteria;p__Bacteroidota;c__Bacteroidia;o__Bacteroidales;f__Bacteroidaceae;g__Prevotella;s__Prevotella sp002265625
975000,0.0014235550915820442,0.32967032967032966,0.0014016542440192436,0.0017501014198782962,4.49375,4.0,2.2935513083789223,/tmp/nxf.XXXXsWkdqt/sourmash_database/gtdb-rs214-reps.k51.zip,"GCF_008727735.1 Flintibacter sp. KGMB00164 strain=KGMB00164, ASM872773v1",38006581442e06a32cefeb8bf82ca482,0.33482142857142855,960000,107,133087000,ERR688634_2.fastq.gz,ERR688634,cf7fcffb,684905000,51,DNA,1000,684905,True,0.8793946302191049,0.9787744244777641,0.9290845273484345,0.9787744244777641,False,4314,1011016,2465000,d__Bacteria;p__Bacillota_A;c__Clostridia;o__Oscillospirales;f__Oscillospiraceae;g__Lawsonibacter;s__Lawsonibacter sp000177015
960000,0.0014016542440192436,0.5763221153846154,0.0014001941875150569,0.0014989858012170384,3.8529718456725757,4.0,1.9229878315940112,/tmp/nxf.XXXXsWkdqt/sourmash_database/gtdb-rs214-reps.k51.zip,"GCA_000434995.1 Firmicutes bacterium CAG:341, MGS341",3691c6842bf8545adfee04f081e0abed,0.5769230769230769,959000,108,132128000,ERR688634_2.fastq.gz,ERR688634,cf7fcffb,684905000,51,DNA,1000,684905,True,0.8791273316670001,0.9892727296886323,0.9342000306778162,0.9892727296886323,False,3695,1014711,2465000,d__Bacteria;p__Bacillota_A;c__Clostridia;o__Oscillospirales;f__Acutalibacteraceae;g__Eubacterium_R;s__Eubacterium_R sp000434995
1225000,0.0017885692176287222,0.3426323319027182,0.0013987341310108701,0.0011091277890466532,2.8538622129436324,1.5,4.972108081941654,/tmp/nxf.XXXXsWkdqt/sourmash_database/gtdb-rs214-reps.k51.zip,"GCF_002549775.1 Faecalibacterium prausnitzii strain=CNCM I 4541, ASM254977v1",eb40598c1722e97290f7f6c71aed872e,0.43812589413447783,958000,109,131170000,ERR688634_2.fastq.gz,ERR688634,cf7fcffb,684905000,51,DNA,1000,684905,True,0.8833393224169003,0.9839488622323798,0.9336440923246401,0.9839488622323798,False,2734,1017445,2465000,d__Bacteria;p__Bacillota_A;c__Clostridia;o__Oscillospirales;f__Ruminococcaceae;g__Faecalibacterium;s__Faecalibacterium prausnitzii_F
1157000,0.0016892853753440258,0.32286389733198245,0.0013958140180024966,0.0007456389452332658,1.9225941422594142,1.0,1.7650346300629163,/tmp/nxf.XXXXsWkdqt/sourmash_database/gtdb-rs214-reps.k51.zip,"GCF_003435815.1 Dorea sp. AM10-31 strain=AM10-31, ASM343581v1",a5cf9665566fa295528780ebc8c4aa14,0.3907463694697737,956000,110,130214000,ERR688634_2.fastq.gz,ERR688634,cf7fcffb,684905000,51,DNA,1000,684905,True,0.8823507023618856,0.98174328679368,0.9320469945777827,0.98174328679368,False,1838,1019283,2465000,d__Bacteria;p__Bacillota_A;c__Clostridia;o__Lachnospirales;f__Lachnospiraceae;g__CAG-317;s__CAG-317 sp000433215
956000,0.0013958140180024966,0.2726221451286499,0.0013768332834480695,0.00047261663286004055,1.2354188759278897,1.0,0.4760844734030837,/tmp/nxf.XXXXsWkdqt/sourmash_database/gtdb-rs214-reps.k51.zip,"GCF_000320405.1 Clostridium celatum DSM 1785 strain=DSM 1785, ASM32040v1",277669babdff2744787c28e8d06dc906,0.27638045677941603,943000,111,129271000,ERR688634_2.fastq.gz,ERR688634,cf7fcffb,684905000,51,DNA,1000,684905,True,0.8790553604342265,0.9751000154927806,0.9270776879635035,0.9751000154927806,False,1165,1020448,2465000,d__Bacteria;p__Bacillota_A;c__Clostridia;o__Clostridiales;f__Clostridiaceae;g__Clostridium;s__Clostridium celatum
1151000,0.0016805250363189056,0.2506902263942573,0.0013257313058015346,0.0005975659229208925,1.6222466960352422,1.0,2.2764429070778647,/tmp/nxf.XXXXsWkdqt/sourmash_database/gtdb-rs214-reps.k51.zip,"GCA_902363135.1 Lachnospiraceae bacterium, MGYG-HGUT-00092",c78203a529c51f95b34b67123fde0510,0.31778023191606847,908000,112,128363000,ERR688634_2.fastq.gz,ERR688634,cf7fcffb,684905000,51,DNA,1000,684905,True,0.8822607535684502,0.9777724176287551,0.9300165855986027,0.9777724176287551,False,1473,1021921,2465000,d__Bacteria;p__Bacillota_A;c__Clostridia;o__Lachnospirales;f__Lachnospiraceae;g__Choladousia;s__Choladousia sp902363135
994000,0.0014512961651615918,0.3996478873239437,0.0013257313058015346,0.000888843813387424,2.4129955947136565,2.0,3.9820808226848796,/tmp/nxf.XXXXsWkdqt/sourmash_database/gtdb-rs214-reps.k51.zip,"GCF_023921805.1 Ruminococcus sp. FMBCY1 strain=FMBCY1, ASM2392180v1",7a52d4f8398040e086a9380334cecdba,0.4375,908000,113,127455000,ERR688634_2.fastq.gz,ERR688634,cf7fcffb,684905000,51,DNA,1000,684905,True,0.8797274791533908,0.9839212813205439,0.9318243802369673,0.9839212813205439,False,2191,1024112,2465000,d__Bacteria;p__Bacillota_A;c__Clostridia;o__Oscillospirales;f__Acutalibacteraceae;g__Ruminococcus_E;s__Ruminococcus_E sp003526955
911000,0.0013301114753140946,0.4056603773584906,0.0013184310232806009,0.0006511156186612576,1.7774086378737541,1.0,1.0344343451425215,/tmp/nxf.XXXXsWkdqt/sourmash_database/gtdb-rs214-reps.k51.zip,"GCA_900542565.1 uncultured Clostridiales bacterium, UMGS473",4d1ae821a9ec191202d08f79f94f6157,0.40925426774483376,903000,114,126552000,ERR688634_2.fastq.gz,ERR688634,cf7fcffb,684905000,51,DNA,1000,684905,True,0.8782247008303704,0.9826345358574349,0.9304296183439027,0.9826345358574349,False,1605,1025717,2465000,d__Bacteria;p__Bacillota_A;c__Clostridia;o__Peptostreptococcales;f__Anaerovoracaceae;g__Fimisoma;s__Fimisoma avicola
908000,0.0013257313058015346,0.3399014778325123,0.0013096706842554806,0.0005168356997971602,1.4202898550724639,1.0,0.7304117778756031,/tmp/nxf.XXXXsWkdqt/sourmash_database/gtdb-rs214-reps.k51.zip,"GCA_000436475.1 Eubacterium sp. CAG:248, MGS248",0cbfa984f760c0f973970a752712a480,0.3440697233800682,897000,115,125655000,ERR688634_2.fastq.gz,ERR688634,cf7fcffb,684905000,51,DNA,1000,684905,True,0.8781679018718417,0.9792974788457576,0.9287326903587996,0.9792974788457576,False,1274,1026991,2465000,d__Bacteria;p__Bacillota_A;c__Clostridia;o__Lachnospirales;f__Lachnospiraceae;g__Lachnospira;s__Lachnospira sp000436475
912000,0.0013315715318182814,0.26828518746158575,0.0012746293281549997,0.0005038539553752536,1.422680412371134,1.0,1.1970902713642857,/tmp/nxf.XXXXsWkdqt/sourmash_database/gtdb-rs214-reps.k51.zip,"GCF_006542665.1 Alistipes communis strain=5CBH24, Acom_1.0",58355aca6226d242555a2554083bad09,0.2802704363859865,873000,116,124782000,ERR688634_2.fastq.gz,ERR688634,cf7fcffb,684905000,51,DNA,1000,684905,True,0.8782435930729571,0.9753672791934925,0.9268054361332247,0.9753672791934925,False,1242,1028233,2465000,d__Bacteria;p__Bacteroidota;c__Bacteroidia;o__Bacteroidales;f__Rikenellaceae;g__Alistipes;s__Alistipes communis
898000,0.0013111307407596673,0.20097583643122677,0.001262948876121506,0.000445841784989858,1.2705202312138728,1.0,0.8883954919790694,/tmp/nxf.XXXXsWkdqt/sourmash_database/gtdb-rs214-reps.k51.zip,"GCF_000190535.1 Odoribacter splanchnicus DSM 20712 strain=DSM 220712, ASM19053v1",903d4323f292a4facda7c7138f35e12d,0.20864312267657992,865000,117,123917000,ERR688634_2.fastq.gz,ERR688634,cf7fcffb,684905000,51,DNA,1000,684905,True,0.8779772342631026,0.9697392676312679,0.9238582509471853,0.9697392676312679,False,1099,1029332,2465000,d__Bacteria;p__Bacteroidota;c__Bacteroidia;o__Bacteroidales;f__Marinifilaceae;g__Odoribacter;s__Odoribacter splanchnicus
872000,0.001273169271650813,0.4723892837616184,0.0012614888196173192,0.0005002028397565923,1.4270833333333333,1.0,0.704980832744435,/tmp/nxf.XXXXsWkdqt/sourmash_database/gtdb-rs214-reps.k51.zip,"GCA_017937065.1 Clostridia bacterium, ASM1793706v1",92b9cd1eff1b0c6fc95b63beff87615c,0.476763258611263,864000,118,123053000,ERR688634_2.fastq.gz,ERR688634,cf7fcffb,684905000,51,DNA,1000,684905,True,0.8774715850857951,0.9855807475909834,0.9315261663383892,0.9855807475909834,False,1233,1030565,2465000,d__Bacteria;p__Bacillota_A;c__Clostridia;o__Oscillospirales;f__QAKW01;g__RGIG9041;s__RGIG9041 sp017937065
902000,0.0013169709667764143,0.31107903284012994,0.0012585687066089457,0.000732657200811359,2.0951276102088165,2.0,1.4753188085847393,/tmp/nxf.XXXXsWkdqt/sourmash_database/gtdb-rs214-reps.k51.zip,"GCF_003024685.1 Faecalibacillus intestinalis strain=SNUG30099, ASM302468v1",4a3ada76144d96da9058de1efa570bf0,0.3255142547816673,862000,119,122191000,ERR688634_2.fastq.gz,ERR688634,cf7fcffb,684905000,51,DNA,1000,684905,True,0.8780537499002985,0.9782335403662212,0.9281436451332599,0.9782335403662212,False,1806,1032371,2465000,d__Bacteria;p__Bacillota;c__Bacilli;o__Erysipelotrichales;f__Coprobacillaceae;g__Faecalibacillus;s__Faecalibacillus intestinalis
851000,0.0012425080850628919,0.6296296296296297,0.0012410480285587051,0.0035119675456389454,10.184705882352942,10.0,3.812672549841953,/tmp/nxf.XXXXsWkdqt/sourmash_database/gtdb-rs214-reps.k51.zip,"GCA_003534295.1 Clostridiales bacterium, ASM353429v1",751e754845434d94b0e75f23802defac,0.6303703703703704,850000,120,121341000,ERR688634_2.fastq.gz,ERR688634,cf7fcffb,684905000,51,DNA,1000,684905,True,0.877052266014449,0.9909928149729271,0.934022540493688,0.9909928149729271,False,8657,1041028,2465000,d__Bacteria;p__Bacillota_A;c__Clostridia;o__TANB77;f__CAG-508;g__CAG-273;s__CAG-273 sp003534295
849000,0.0012395879720545186,0.32734375,0.0012235273505084648,0.000445841784989858,1.31145584725537,1.0,0.6551703889096299,/tmp/nxf.XXXXsWkdqt/sourmash_database/gtdb-rs214-reps.k51.zip,"GCA_905193085.1 uncultured Lachnospiraceae bacterium, ERR1600655-mag-bin.31",dd3d55c26aa251b4a07cfe9d30ca2da5,0.331640625,838000,121,120503000,ERR688634_2.fastq.gz,ERR688634,cf7fcffb,684905000,51,DNA,1000,684905,True,0.8770118031568223,0.9785912493465104,0.9278015262516663,0.9785912493465104,False,1099,1042127,2465000,d__Bacteria;p__Bacillota_A;c__Clostridia;o__Lachnospirales;f__Lachnospiraceae;g__CAJJNI01;s__CAJJNI01 sp905193085
1123000,0.0016396434542016777,0.24581005586592178,0.0012206072375000913,0.0006523326572008114,1.923444976076555,1.0,3.594436902894005,/tmp/nxf.XXXXsWkdqt/sourmash_database/gtdb-rs214-reps.k51.zip,"GCF_000469345.1 Eubacterium ramulus ATCC 29099 strain=ATCC 29099, ASM46934v1",8221e40b6dea7608c75d90b7e6d6d600,0.3301970008820935,836000,122,119667000,ERR688634_2.fastq.gz,ERR688634,cf7fcffb,684905000,51,DNA,1000,684905,True,0.8818348204142696,0.9785075453994888,0.9301711829068793,0.9785075453994888,False,1608,1043735,2465000,d__Bacteria;p__Bacillota_A;c__Clostridia;o__Lachnospirales;f__Lachnospiraceae;g__Eubacterium_I;s__Eubacterium_I ramulus
912000,0.0013315715318182814,0.305382643720249,0.0012176871244917178,0.00041825557809330627,1.23621103117506,1.0,0.5860758690568852,/tmp/nxf.XXXXsWkdqt/sourmash_database/gtdb-rs214-reps.k51.zip,"GCF_002874775.1 Monoglobus pectinilyticus strain=14, ASM287477v1",0a7ff2c5bd5b960ae86c64c6c64997ee,0.3339436103991212,834000,123,118833000,ERR688634_2.fastq.gz,ERR688634,cf7fcffb,684905000,51,DNA,1000,684905,True,0.8782435930729571,0.978724043973513,0.928483818523235,0.978724043973513,False,1031,1044766,2465000,d__Bacteria;p__Bacillota_A;c__Clostridia;o__Monoglobales;f__Monoglobaceae;g__Monoglobus;s__Monoglobus pectinilyticus
809000,0.00118118571188705,0.3479758828596038,0.0011797256553828634,0.0005342799188640974,1.629950495049505,1.0,0.9243375993376337,/tmp/nxf.XXXXsWkdqt/sourmash_database/gtdb-rs214-reps.k51.zip,"GCA_900761925.1 uncultured Shuttleworthia sp., SRS104400_31",ca73562797cb7e452d4fa66beba80463,0.34840654608096466,808000,124,118025000,ERR688634_2.fastq.gz,ERR688634,cf7fcffb,684905000,51,DNA,1000,684905,True,0.8761822971468265,0.9795380260089174,0.9278601615778719,0.9795380260089174,False,1317,1046083,2465000,d__Bacteria;p__Bacillota_A;c__Clostridia;o__Lachnospirales;f__Lachnospiraceae;g__HGM12545;s__HGM12545 sp900761925
818000,0.0011943262204247304,0.3306022122081114,0.0011782655988786766,0.0006016227180527384,1.8376703841387856,1.0,1.1524096947216524,/tmp/nxf.XXXXsWkdqt/sourmash_database/gtdb-rs214-reps.k51.zip,"GCA_000434635.1 Firmicutes bacterium CAG:110, MGS110",24ca5025e478d7aaf5f9c760ee979c70,0.33510856206472756,807000,125,117218000,ERR688634_2.fastq.gz,ERR688634,cf7fcffb,684905000,51,DNA,1000,684905,True,0.8763723878103352,0.9787908757899231,0.9275816318001291,0.9787908757899231,False,1483,1047566,2465000,d__Bacteria;p__Bacillota_A;c__Clostridia;o__Oscillospirales;f__Oscillospiraceae;g__Faecousia;s__Faecousia sp000434635
817000,0.0011928661639205437,0.2736267485499829,0.0011709653163577431,0.0005537525354969575,1.701995012468828,1.0,2.2510116340289597,/tmp/nxf.XXXXsWkdqt/sourmash_database/gtdb-rs214-reps.k51.zip,"GCA_900540045.1 uncultured Clostridiales bacterium, UMGS196",7bc77947d1cb003f738578d43dfafc13,0.27874445581712726,802000,126,116416000,ERR688634_2.fastq.gz,ERR688634,cf7fcffb,684905000,51,DNA,1000,684905,True,0.8763513681548285,0.975262871750214,0.9258071199525213,0.975262871750214,False,1365,1048931,2465000,d__Bacteria;p__Bacillota_A;c__Clostridia;o__Christensenellales;f__CAG-74;g__Limiplasma;s__Limiplasma merdipullorum
802000,0.0011709653163577431,0.5105296745373324,0.0011680452033493696,0.0028417849898580124,8.75625,8.0,3.800570475270785,/tmp/nxf.XXXXsWkdqt/sourmash_database/gtdb-rs214-reps.k51.zip,"GCA_000435555.1 Firmicutes bacterium CAG:176, MGS176",f75e49f303593e98e86fc7d7e28e127f,0.5118059987236758,800000,127,115616000,ERR688634_2.fastq.gz,ERR688634,cf7fcffb,684905000,51,DNA,1000,684905,True,0.876033009962975,0.9869523461292522,0.9314926780461136,0.9869523461292522,False,7005,1055936,2465000,d__Bacteria;p__Bacillota_A;c__Clostridia;o__Oscillospirales;f__Oscillospiraceae;g__Vescimonas;s__Vescimonas sp000435555
798000,0.0011651250903409961,0.2750865051903114,0.001160744920828436,0.0005894523326572008,1.8276729559748428,1.0,6.495222355915972,/tmp/nxf.XXXXsWkdqt/sourmash_database/gtdb-rs214-reps.k51.zip,"GCF_011405655.1 Adlercreutzia sp. 8CFCBH1 strain=8CFCBH1, ASM1140565v1",86e8ff01f78dff920413aaf9a95a3bfa,0.27612456747404845,795000,128,114821000,ERR688634_2.fastq.gz,ERR688634,cf7fcffb,684905000,51,DNA,1000,684905,True,0.8759471284047918,0.9750823053944,0.9255147168995959,0.9750823053944,False,1453,1057389,2465000,d__Bacteria;p__Actinomycetota;c__Coriobacteriia;o__Coriobacteriales;f__Eggerthellaceae;g__Adlercreutzia;s__Adlercreutzia hattorii
783000,0.0011432242427781955,0.30290135396518375,0.0011432242427781955,0.0005772819472616633,1.8173690932311621,2.0,1.0251522519276128,/tmp/nxf.XXXXsWkdqt/sourmash_database/gtdb-rs214-reps.k51.zip,"GCF_000020225.1 Akkermansia muciniphila ATCC BAA-835 strain=ATCC BAA-835, ASM2022v1",43f3b48e59443092850964d355a20ac0,0.30290135396518375,783000,129,114038000,ERR688634_2.fastq.gz,ERR688634,cf7fcffb,684905000,51,DNA,1000,684905,True,0.8756212696897183,0.9768534970568079,0.9262373833732631,0.9768534970568079,False,1423,1058812,2465000,d__Bacteria;p__Verrucomicrobiota;c__Verrucomicrobiae;o__Verrucomicrobiales;f__Akkermansiaceae;g__Akkermansia;s__Akkermansia muciniphila
781000,0.001140304129769822,0.6973214285714285,0.001140304129769822,0.0023655172413793103,7.46606914212548,7.0,2.8880855592457966,/tmp/nxf.XXXXsWkdqt/sourmash_database/gtdb-rs214-reps.k51.zip,"GCA_900553695.1 uncultured Clostridium sp., UMGS1640",96890526acc235a9e9c3ffe0063074ae,0.6973214285714285,781000,130,113257000,ERR688634_2.fastq.gz,ERR688634,cf7fcffb,684905000,51,DNA,1000,684905,True,0.8755773601670253,0.9929561249203913,0.9342667425437083,0.9929561249203913,False,5831,1064643,2465000,d__Bacteria;p__Bacillota_A;c__Clostridia;o__TANB77;f__CAG-508;g__UMGS1781;s__UMGS1781 sp900553695
780000,0.0011388440732656353,0.38671294000991574,0.0011388440732656353,0.000481947261663286,1.523076923076923,1.0,0.8325005700965288,/tmp/nxf.XXXXsWkdqt/sourmash_database/gtdb-rs214-reps.k51.zip,"GCA_000435195.1 Clostridium sp. CAG:169, MGS169",2c628f16ba407b3bc78d968830c8b716,0.38671294000991574,780000,131,112477000,ERR688634_2.fastq.gz,ERR688634,cf7fcffb,684905000,51,DNA,1000,684905,True,0.8755553640488547,0.9815435701422566,0.9285494670955556,0.9815435701422566,False,1188,1065831,2465000,d__Bacteria;p__Bacillota_A;c__Clostridia;o__Oscillospirales;f__Ruminococcaceae;g__Negativibacillus;s__Negativibacillus sp000435195
771000,0.001125703564727955,0.2764811490125673,0.0011242435082237682,0.0004519269776876268,1.4467532467532467,1.0,0.6783448947664399,/tmp/nxf.XXXXsWkdqt/sourmash_database/gtdb-rs214-reps.k51.zip,"GCA_002305315.1 Clostridiales bacterium UBA1390, ASM230531v1",383c1be7e9687f73fc29525b9480160d,0.2768402154398564,770000,132,111707000,ERR688634_2.fastq.gz,ERR688634,cf7fcffb,684905000,51,DNA,1000,684905,True,0.8753561455764053,0.9751317950380453,0.9252439703072253,0.9751317950380453,False,1114,1066945,2465000,d__Bacteria;p__Bacillota_A;c__Clostridia;o__Lachnospirales;f__Bianqueaceae;g__Faecimorpha;s__Faecimorpha stercoravium
770000,0.0011242435082237682,0.37579306979014154,0.0011242435082237682,0.004881947261663286,15.628571428571428,17.0,9.465025945078114,/tmp/nxf.XXXXsWkdqt/sourmash_database/gtdb-rs214-reps.k51.zip,"GCA_900545665.1 uncultured Collinsella sp., UMGS801",2e74e0d5a140bab801cf6886e64e278e,0.37579306979014154,770000,133,110937000,ERR688634_2.fastq.gz,ERR688634,cf7fcffb,684905000,51,DNA,1000,684905,True,0.8753338696127346,0.9809924435758456,0.92816315659429,0.9809924435758456,False,12034,1078979,2465000,d__Bacteria;p__Actinomycetota;c__Coriobacteriia;o__Coriobacteriales;f__Coriobacteriaceae;g__Collinsella;s__Collinsella sp900545665
775000,0.0011315437907447018,0.2885553470919325,0.0011227834517195815,0.00045557809330628804,1.460338101430429,1.0,0.818384586683567,/tmp/nxf.XXXXsWkdqt/sourmash_database/gtdb-rs214-reps.k51.zip,"GCA_900542445.1 uncultured Clostridiales bacterium, UMGS462",917e16810f9f1566642ec16dd806d217,0.29080675422138835,769000,134,110168000,ERR688634_2.fastq.gz,ERR688634,cf7fcffb,684905000,51,DNA,1000,684905,True,0.8754449670774542,0.9760733178408462,0.9257591424591503,0.9760733178408462,False,1123,1080102,2465000,d__Bacteria;p__Bacillota_A;c__Clostridia;o__Christensenellales;f__CAG-74;g__Ventricola;s__Ventricola sp900542445
860000,0.0012556485936005724,0.16805616498464238,0.0011184032822070214,0.0004640973630831643,1.4934725848563968,1.0,2.089844698879895,/tmp/nxf.XXXXsWkdqt/sourmash_database/gtdb-rs214-reps.k51.zip,"GCF_002222615.2 Bacteroides caccae strain=ATCC 43185, ASM222261v2",d7e7663bc3ede65000c2f57952616ae4,0.18867924528301888,766000,135,109402000,ERR688634_2.fastq.gz,ERR688634,cf7fcffb,684905000,51,DNA,1000,684905,True,0.8772332026846665,0.9678287352665268,0.9225309689755967,0.9678287352665268,False,1144,1081246,2465000,d__Bacteria;p__Bacteroidota;c__Bacteroidia;o__Bacteroidales;f__Bacteroidaceae;g__Bacteroides;s__Bacteroides caccae
802000,0.0011709653163577431,0.3136850783182193,0.001111102999686088,0.0004969574036511156,1.609724047306176,1.0,0.9947880221440282,/tmp/nxf.XXXXsWkdqt/sourmash_database/gtdb-rs214-reps.k51.zip,"GCA_900539695.1 uncultured Ruminococcaceae bacterium, UMGS168",647cc15ec7adb7648c056fd8c58d5d73,0.3305853256389118,761000,136,108641000,ERR688634_2.fastq.gz,ERR688634,cf7fcffb,684905000,51,DNA,1000,684905,True,0.876033009962975,0.9785300963947194,0.9272815531788472,0.9785300963947194,False,1225,1082471,2465000,d__Bacteria;p__Bacillota_A;c__Clostridia;o__Oscillospirales;f__Ruminococcaceae;g__Gemmiger;s__Gemmiger sp900539695
753000,0.0010994225476525941,0.4024585783003741,0.0010994225476525941,0.0012527383367139959,4.100929614873838,4.0,2.081452064044025,/tmp/nxf.XXXXsWkdqt/sourmash_database/gtdb-rs214-reps.k51.zip,"GCA_000436075.1 Eggerthella sp. CAG:209, MGS209",68b28570c01c60adb06b98427f00ba05,0.4024585783003741,753000,137,107888000,ERR688634_2.fastq.gz,ERR688634,cf7fcffb,684905000,51,DNA,1000,684905,True,0.8749507754314401,0.9823119674702563,0.9286313714508482,0.9823119674702563,False,3088,1085559,2465000,d__Bacteria;p__Actinomycetota;c__Coriobacteriia;o__Coriobacteriales;f__Eggerthellaceae;g__Anaerotardibacter;s__Anaerotardibacter sp000436075
749000,0.0010935823216358474,0.2965900079302141,0.0010921222651316606,0.00046490872210953345,1.532085561497326,1.0,1.0278410128806128,/tmp/nxf.XXXXsWkdqt/sourmash_database/gtdb-rs214-reps.k51.zip,"GCF_000297775.1 Sutterella wadsworthensis 2_1_59BFAA strain=2_1_59BFAA, Sutt_wads_2_1_59BFAA_V1",3734ccb9f3bdf4dec767943ba7d441a9,0.29698651863600317,748000,138,107140000,ERR688634_2.fastq.gz,ERR688634,cf7fcffb,684905000,51,DNA,1000,684905,True,0.8748594037015,0.9764758449232326,0.9256676243123663,0.9764758449232326,False,1146,1086705,2465000,d__Bacteria;p__Pseudomonadota;c__Gammaproteobacteria;o__Burkholderiales;f__Burkholderiaceae_A;g__Sutterella;s__Sutterella wadsworthensis_A
786000,0.0011476044122907556,0.2329367564182843,0.0010862820391149138,0.00040405679513184586,1.3387096774193548,1.0,1.2162901692967236,/tmp/nxf.XXXXsWkdqt/sourmash_database/gtdb-rs214-reps.k51.zip,"GCA_000154345.1 [Clostridium] leptum DSM 753 strain=DSM 753, ASM15434v1",4168e6f0bd13abfda2f7edf9bd1ed5a9,0.24608641202254228,744000,139,106396000,ERR688634_2.fastq.gz,ERR688634,cf7fcffb,684905000,51,DNA,1000,684905,True,0.8756869282332388,0.9728828368732533,0.924284882553246,0.9728828368732533,False,996,1087701,2465000,d__Bacteria;p__Bacillota_A;c__Clostridia;o__Oscillospirales;f__Acutalibacteraceae;g__Clostridium_A;s__Clostridium_A leptum
740000,0.0010804418130981668,0.6021155410903173,0.0010804418130981668,0.010958215010141988,36.502702702702706,37.0,8.176680304592212,/tmp/nxf.XXXXsWkdqt/sourmash_database/gtdb-rs214-reps.k51.zip,"GCA_000432835.1 Clostridium sp. CAG:417, MGS417",10801a3e1525b9051e6063f288fb5c17,0.6021155410903173,740000,140,105656000,ERR688634_2.fastq.gz,ERR688634,cf7fcffb,684905000,51,DNA,1000,684905,True,0.8746520557667767,0.9901021345447044,0.9323770951557406,0.9901021345447044,False,27012,1114713,2465000,d__Bacteria;p__Bacillota;c__Bacilli;o__RF39;f__UBA660;g__CAG-417;s__CAG-417 sp000432835
809000,0.00118118571188705,0.204262385828951,0.0010775217000897936,0.000527789046653144,1.7628726287262872,1.0,3.4091982046238822,/tmp/nxf.XXXXsWkdqt/sourmash_database/gtdb-rs214-reps.k51.zip,"GCF_002159845.1 Anaeromassilibacillus sp. An250 strain=An250, ASM215984v1",052244281b7fa75bc56b42a8ad54f391,0.22391364517021867,738000,141,104918000,ERR688634_2.fastq.gz,ERR688634,cf7fcffb,684905000,51,DNA,1000,684905,True,0.8761822971468265,0.9710832912140499,0.9236327941804382,0.9710832912140499,False,1301,1116014,2465000,d__Bacteria;p__Bacillota_A;c__Clostridia;o__Oscillospirales;f__Acutalibacteraceae;g__Anaeromassilibacillus;s__Anaeromassilibacillus stercoravium
740000,0.0010804418130981668,0.30004093327875564,0.00107022141756886,0.0006774847870182556,2.2783083219645293,2.0,2.074079983854521,/tmp/nxf.XXXXsWkdqt/sourmash_database/gtdb-rs214-reps.k51.zip,"GCF_009738225.1 Streptococcus salivarius strain=ICDC2, ASM973822v1",5ae9afeb0726da98b9ad23f621cd14d6,0.3029062627916496,733000,142,104185000,ERR688634_2.fastq.gz,ERR688634,cf7fcffb,684905000,51,DNA,1000,684905,True,0.8746520557667767,0.9768538074643566,0.9257529316155666,0.9768538074643566,False,1670,1117684,2465000,d__Bacteria;p__Bacillota;c__Bacilli;o__Lactobacillales;f__Streptococcaceae;g__Streptococcus;s__Streptococcus sp001556435
1856000,0.0027098648717705375,0.19885900570497148,0.0010687613610646733,0.0013744421906693712,4.628415300546448,2.0,4.941865447454989,/tmp/nxf.XXXXsWkdqt/sourmash_database/gtdb-rs214-reps.k51.zip,"GCF_013300825.1 Blautia wexlerae strain=MSK.20.46, ASM1330082v1",f0cfb5d5e2d9fea502197382ec21bc76,0.5042108122792719,732000,143,103453000,ERR688634_2.fastq.gz,ERR688634,cf7fcffb,684905000,51,DNA,1000,684905,True,0.8905650347292928,0.9866630530918633,0.9386140439105781,0.9866630530918633,False,3388,1121072,2465000,d__Bacteria;p__Bacillota_A;c__Clostridia;o__Lachnospirales;f__Lachnospiraceae;g__Blautia_A;s__Blautia_A wexlerae_B
721000,0.0010527007395186195,0.5210144927536232,0.001049780626510246,0.0006969574036511156,2.389429763560501,2.0,1.3646437868889665,/tmp/nxf.XXXXsWkdqt/sourmash_database/gtdb-rs214-reps.k51.zip,"GCA_902388225.1 uncultured Ruminococcaceae bacterium, UHGG_MGYG-HGUT-02553",197d40904e49e250bcf2e41daace00f8,0.5224637681159421,719000,144,102734000,ERR688634_2.fastq.gz,ERR688634,cf7fcffb,684905000,51,DNA,1000,684905,True,0.8742060789677681,0.9873512714666557,0.9307786752172119,0.9873512714666557,False,1718,1122790,2465000,d__Bacteria;p__Bacillota_A;c__Clostridia;o__Oscillospirales;f__Acutalibacteraceae;g__UMGS1484;s__UMGS1484 sp902388225
713000,0.0010410202874851257,0.2852,0.0010410202874851257,0.0007626774847870183,2.6367461430575037,2.0,1.4833896832548576,/tmp/nxf.XXXXsWkdqt/sourmash_database/gtdb-rs214-reps.k51.zip,"GCA_900552455.1 uncultured Peptococcaceae bacterium, UMGS1512",91a58000345e467c63fe83674b311e89,0.2852,713000,145,102021000,ERR688634_2.fastq.gz,ERR688634,cf7fcffb,684905000,51,DNA,1000,684905,True,0.8740148421639687,0.9757007914621016,0.9248578168130352,0.9757007914621016,False,1880,1124670,2465000,d__Bacteria;p__Bacillota_B;c__Peptococcia;o__Peptococcales;f__Peptococcaceae;g__UMGS1590;s__UMGS1590 sp900552455
713000,0.0010410202874851257,0.3401717557251908,0.0010410202874851257,0.00047099391480730224,1.6283309957924264,1.0,1.1362370623379106,/tmp/nxf.XXXXsWkdqt/sourmash_database/gtdb-rs214-reps.k51.zip,"GCF_902810435.1 Veillonella parvula strain=SKV38, SKV38",67bbd99ec027fb9f3b058c8a204b14b5,0.3401717557251908,713000,146,101308000,ERR688634_2.fastq.gz,ERR688634,cf7fcffb,684905000,51,DNA,1000,684905,True,0.8740148421639687,0.9790787230961804,0.9265467826300746,0.9790787230961804,False,1161,1125831,2465000,d__Bacteria;p__Bacillota_C;c__Negativicutes;o__Veillonellales;f__Veillonellaceae;g__Veillonella;s__Veillonella parvula_A
793000,0.0011578248078200626,0.22886866059817945,0.0010278797789474452,0.00043732251521298173,1.53125,1.0,1.926678909242062,/tmp/nxf.XXXXsWkdqt/sourmash_database/gtdb-rs214-reps.k51.zip,"GCA_000508865.1 Clostridiales bacterium VE202-01 strain=VE202-01, ASM50886v1",e7efb751d92c8341bd74e2d90dc5cc6f,0.25780234070221064,704000,147,100604000,ERR688634_2.fastq.gz,ERR688634,cf7fcffb,684905000,51,DNA,1000,684905,True,0.8758391810000058,0.9737704807108801,0.924804830855443,0.9737704807108801,False,1078,1126909,2465000,d__Bacteria;p__Bacillota;c__Bacilli;o__Erysipelotrichales;f__Coprobacillaceae;g__Thomasclavelia;s__Thomasclavelia sp000508865
703000,0.0010264197224432586,0.2367784306947805,0.0010001387053678978,0.00037849898580121703,1.3620437956204379,1.0,0.7566861470181959,/tmp/nxf.XXXXsWkdqt/sourmash_database/gtdb-rs214-reps.k51.zip,"GCF_014384785.1 Congzhengia minquanensis strain=H8, ASM1438478v1",63b799f0a742716de43d0ca45b7f439c,0.24300034566194262,685000,148,99919000,ERR688634_2.fastq.gz,ERR688634,cf7fcffb,684905000,51,DNA,1000,684905,True,0.8737728159226754,0.9726421281940028,0.9232074720583391,0.9726421281940028,False,933,1127842,2465000,d__Bacteria;p__Bacillota_A;c__Clostridia;o__UBA1381;f__UBA9506;g__Congzhengia;s__Congzhengia minquanensis
687000,0.001003058818376271,0.33482810164424515,0.0009811579708134705,0.0006693711967545639,2.455357142857143,2.0,1.4333717711583907,/tmp/nxf.XXXXsWkdqt/sourmash_database/gtdb-rs214-reps.k51.zip,"GCA_003522105.1 Oscillibacter sp., ASM352210v1",3a0c55ad38bb72b6562163e2580de420,0.3423019431988042,672000,149,99247000,ERR688634_2.fastq.gz,ERR688634,cf7fcffb,684905000,51,DNA,1000,684905,True,0.873378463337974,0.9791985729006341,0.926288518119304,0.9791985729006341,False,1650,1129492,2465000,d__Bacteria;p__Bacillota_A;c__Clostridia;o__Oscillospirales;f__Oscillospiraceae;g__ER4;s__ER4 sp003522105
824000,0.0012030865594498507,0.20950594121325827,0.000978237857805097,0.0004511156186612576,1.6597014925373135,1.0,3.35207931466259,/tmp/nxf.XXXXsWkdqt/sourmash_database/gtdb-rs214-reps.k51.zip,"GCF_900291975.1 Intestinibacillus sp. Marseille-P4005 strain=Marseille-P4005, PRJEB24950",65713af468298b7a867be5e7720bad95,0.257661038148843,670000,150,98577000,ERR688634_2.fastq.gz,ERR688634,cf7fcffb,684905000,51,DNA,1000,684905,True,0.8764979791383879,0.9737600126486774,0.9251289958935327,0.9737600126486774,False,1112,1130604,2465000,d__Bacteria;p__Bacillota_A;c__Clostridia;o__Oscillospirales;f__Butyricicoccaceae;g__Agathobaculum;s__Agathobaculum sp900291975
806000,0.0011768055423744899,0.22510968612892338,0.000973857688292537,0.0004304259634888438,1.590704647676162,1.0,2.099925881756057,/tmp/nxf.XXXXsWkdqt/sourmash_database/gtdb-rs214-reps.k51.zip,"GCF_014287955.1 Lachnospira sp. NSJ-43 strain=NSJ-43, ASM1428795v1",b29b0d93212345cbbc98d9dd00407b7c,0.2720215997300034,667000,151,97910000,ERR688634_2.fastq.gz,ERR688634,cf7fcffb,684905000,51,DNA,1000,684905,True,0.8761184726054136,0.9747961201836571,0.9254572963945353,0.9747961201836571,False,1061,1131665,2465000,d__Bacteria;p__Bacillota_A;c__Clostridia;o__Lachnospirales;f__Lachnospiraceae;g__Lachnospira;s__Lachnospira sp900316325
684000,0.000998678648863711,0.23862815884476535,0.0009650973492674167,0.00035294117647058826,1.3161875945537065,1.0,0.8894377635091963,/tmp/nxf.XXXXsWkdqt/sourmash_database/gtdb-rs214-reps.k51.zip,"GCF_001042595.1 Bifidobacterium dentium JCM 1195 = DSM 20436 strain=JCM 1195, ASM104259v1",81541f80540e662b03fadfbeb774a2a0,0.24693140794223828,661000,152,97249000,ERR688634_2.fastq.gz,ERR688634,cf7fcffb,684905000,51,DNA,1000,684905,True,0.8733035208412602,0.9729482292882745,0.9231258750647673,0.9729482292882745,False,870,1132535,2465000,d__Bacteria;p__Actinomycetota;c__Actinomycetia;o__Actinomycetales;f__Bifidobacteriaceae;g__Bifidobacterium;s__Bifidobacterium dentium
691000,0.001008899044393018,0.2384922073214933,0.0009607171797548565,0.00041663286004056796,1.560790273556231,1.0,0.8647683501839463,/tmp/nxf.XXXXsWkdqt/sourmash_database/gtdb-rs214-reps.k51.zip,"GCA_900756575.1 uncultured Oscillospiraceae bacterium, ERS537209_40",1dd3f16a7707cdf125dba3134983dcc7,0.25045306270387824,658000,153,96591000,ERR688634_2.fastq.gz,ERR688634,cf7fcffb,684905000,51,DNA,1000,684905,True,0.8734778891188404,0.9732184207753485,0.9233481549470944,0.9732184207753485,False,1027,1133562,2465000,d__Bacteria;p__Bacillota_A;c__Clostridia;o__Oscillospirales;f__Oscillospiraceae;g__HGM13006;s__HGM13006 sp900756575
660000,0.0009636372927632299,0.25918609245357566,0.000957797066746483,0.0009622718052738336,3.6158536585365852,3.0,5.581873308945731,/tmp/nxf.XXXXsWkdqt/sourmash_database/gtdb-rs214-reps.k51.zip,"GCF_008831035.1 Ellagibacter isourolithinifaciens strain=DSM 104140, ASM883103v1",7dae47f094870b2bbdab5d3873dd0afe,0.26076649545634134,656000,154,95935000,ERR688634_2.fastq.gz,ERR688634,cf7fcffb,684905000,51,DNA,1000,684905,True,0.8726921128636284,0.9739887860166806,0.9233404494401545,0.9739887860166806,False,2372,1135934,2465000,d__Bacteria;p__Actinomycetota;c__Coriobacteriia;o__Coriobacteriales;f__Eggerthellaceae;g__Ellagibacter;s__Ellagibacter isourolithinifaciens
1063000,0.0015520400639504749,0.1591020009760859,0.0009519568407297363,0.000672210953346856,2.541411042944785,2.0,2.830563337306519,/tmp/nxf.XXXXsWkdqt/sourmash_database/gtdb-rs214-reps.k51.zip,"GCA_000285855.2 Ruminococcus sp. JC304, ASM28585v2",d531218b22b575d3882f43062762ff19,0.25939482674475356,652000,155,95283000,ERR688634_2.fastq.gz,ERR688634,cf7fcffb,684905000,51,DNA,1000,684905,True,0.8808859137794677,0.9738880688491478,0.9273869913143078,0.9738880688491478,False,1657,1137591,2465000,d__Bacteria;p__Bacillota_A;c__Clostridia;o__Lachnospirales;f__Lachnospiraceae;g__Blautia_A;s__Blautia_A sp000285855
979000,0.001429395317598791,0.22652705061082024,0.0009475766712171761,0.0008227180527383368,3.1248073959938365,1.0,6.604953387149434,/tmp/nxf.XXXXsWkdqt/sourmash_database/gtdb-rs214-reps.k51.zip,"GCF_003287455.1 Faecalibacterium prausnitzii strain=APC922/41-1, ASM328745v1",5119c8b56a74125fb9f68b12c2037b01,0.3417102966841187,649000,156,94634000,ERR688634_2.fastq.gz,ERR688634,cf7fcffb,684905000,51,DNA,1000,684905,True,0.8794652289834346,0.9791653588555068,0.9293152939194707,0.9791653588555068,False,2028,1139619,2465000,d__Bacteria;p__Bacillota_A;c__Clostridia;o__Oscillospirales;f__Ruminococcaceae;g__Faecalibacterium;s__Faecalibacterium hattorii
650000,0.0009490367277213628,0.23596330275229357,0.0009388163321920559,0.00033144016227180527,1.270606531881804,1.0,0.8557866911415131,/tmp/nxf.XXXXsWkdqt/sourmash_database/gtdb-rs214-reps.k51.zip,"GCA_900545515.1 uncultured Clostridiales bacterium, UMGS777",e465be7ce69408f6ff459aef1130232c,0.23853211009174313,643000,157,93991000,ERR688634_2.fastq.gz,ERR688634,cf7fcffb,684905000,51,DNA,1000,684905,True,0.8724309009344227,0.9722882475241352,0.922359574229279,0.9722882475241352,False,817,1140436,2465000,d__Bacteria;p__Bacillota_A;c__Clostridia;o__Oscillospirales;f__Oscillospiraceae;g__Faecousia;s__Faecousia sp000435995
677000,0.000988458253334404,0.24090056285178235,0.0009373562756878691,0.0003602434077079107,1.3831775700934579,1.0,0.76502429843215,/tmp/nxf.XXXXsWkdqt/sourmash_database/gtdb-rs214-reps.k51.zip,"GCA_014385265.1 Lachnospiraceae bacterium BX10 strain=BX10, ASM1438526v1",617726c9ccfa69a4c6423d5273792dad,0.25403377110694186,642000,158,93349000,ERR688634_2.fastq.gz,ERR688634,cf7fcffb,684905000,51,DNA,1000,684905,True,0.8731273942307359,0.9734893507122373,0.9233083724714866,0.9734893507122373,False,888,1141324,2465000,d__Bacteria;p__Bacillota_A;c__Clostridia;o__Lachnospirales;f__Lachnospiraceae;g__Copromonas;s__Copromonas sp000435795
635000,0.0009271358801585622,0.5649466192170819,0.0009271358801585622,0.0010466531440162271,4.062992125984252,4.0,2.0162646975649454,/tmp/nxf.XXXXsWkdqt/sourmash_database/gtdb-rs214-reps.k51.zip,"GCA_003524085.1 Firmicutes bacterium, ASM352408v1",7f84ad2616adec06f4a260f15ba5e90d,0.5649466192170819,635000,159,92714000,ERR688634_2.fastq.gz,ERR688634,cf7fcffb,684905000,51,DNA,1000,684905,True,0.8720316009314927,0.9888658984384885,0.9304487496849906,0.9888658984384885,False,2580,1143904,2465000,d__Bacteria;p__Bacillota;c__Bacilli;o__RF39;f__UBA660;g__CAG-628;s__CAG-628 sp003524085
635000,0.0009271358801585622,0.4275067750677507,0.0009212956541418153,0.0006961460446247464,2.7194928684627575,2.0,1.689601945694214,/tmp/nxf.XXXXsWkdqt/sourmash_database/gtdb-rs214-reps.k51.zip,"GCA_000435175.1 Clostridium sp. CAG:245, MGS245",610ac670dd2453c0b8cc9c879eff78e9,0.43021680216802166,631000,160,92083000,ERR688634_2.fastq.gz,ERR688634,cf7fcffb,684905000,51,DNA,1000,684905,True,0.8720316009314927,0.9835974618211094,0.9278145313763011,0.9835974618211094,False,1716,1145620,2465000,d__Bacteria;p__Bacillota_A;c__Clostridia;o__TANB77;f__CAG-508;g__CAG-245;s__CAG-245 sp000435175
624000,0.0009110752586125083,0.29517502365184484,0.0009110752586125083,0.0008052738336713996,3.1810897435897436,3.0,1.7652889186490301,/tmp/nxf.XXXXsWkdqt/sourmash_database/gtdb-rs214-reps.k51.zip,"GCA_003514385.1 Ruminococcaceae bacterium, ASM351438v1",f9c0b9f063b0491b08d56440914037f2,0.29517502365184484,624000,161,91459000,ERR688634_2.fastq.gz,ERR688634,cf7fcffb,684905000,51,DNA,1000,684905,True,0.8717328593690884,0.9763587080665097,0.9240457837177991,0.9763587080665097,False,1985,1147605,2465000,d__Bacteria;p__Bacillota_A;c__Clostridia;o__Oscillospirales;f__Acutalibacteraceae;g__CAG-177;s__CAG-177 sp003514385
825000,0.0012045466159540375,0.2168296089385475,0.0009066950890999481,0.00042474645030425964,1.6859903381642511,1.0,1.6378022841502697,/tmp/nxf.XXXXsWkdqt/sourmash_database/gtdb-rs214-reps.k51.zip,"GCF_003477705.1 Dorea sp. AF36-15AT strain=AF36-15AT, ASM347770v1",c937c21683f42ccd4f1e3b3527481825,0.2880586592178771,621000,162,90838000,ERR688634_2.fastq.gz,ERR688634,cf7fcffb,684905000,51,DNA,1000,684905,True,0.8765188238216514,0.9758916160374932,0.9262052199295723,0.9758916160374932,False,1047,1148652,2465000,d__Bacteria;p__Bacillota_A;c__Clostridia;o__Lachnospirales;f__Lachnospiraceae;g__Lachnoclostridium_B;s__Lachnoclostridium_B sp900066555
927000,0.001353472379381082,0.1821133412042503,0.0009008548630832013,0.000436105476673428,1.7423014586709886,1.0,3.320294145433818,/tmp/nxf.XXXXsWkdqt/sourmash_database/gtdb-rs214-reps.k51.zip,"GCA_003481745.1 Firmicutes bacterium OM04-13BH strain=OM04-13BH, ASM348174v1",fa6f3b0aaec63a9374368bc5f3dfe959,0.27361275088547815,617000,163,90221000,ERR688634_2.fastq.gz,ERR688634,cf7fcffb,684905000,51,DNA,1000,684905,True,0.8785245653252,0.9749076033796257,0.9267160843524128,0.9749076033796257,False,1075,1149727,2465000,d__Bacteria;p__Bacillota_A;c__Clostridia;o__Lachnospirales;f__Lachnospiraceae;g__Blautia;s__Blautia stercoris
631000,0.0009212956541418153,0.537521815008726,0.0008993948065790146,0.003199188640973631,12.801948051948052,13.0,4.14075359819173,/tmp/nxf.XXXXsWkdqt/sourmash_database/gtdb-rs214-reps.k51.zip,"GCA_900543825.1 uncultured Tenericutes bacterium, UMGS610",d95cae0b537218c51373147a2ceb9568,0.5506108202443281,616000,164,89605000,ERR688634_2.fastq.gz,ERR688634,cf7fcffb,684905000,51,DNA,1000,684905,True,0.8719235588684383,0.9883676549167334,0.9301456068925859,0.9883676549167334,False,7886,1157613,2465000,d__Bacteria;p__Bacillota;c__Bacilli;o__RF39;f__UBA660;g__CAG-302;s__CAG-302 sp900543825
713000,0.0010410202874851257,0.22290909090909092,0.0008950146370664545,0.0004718052738336714,1.897226753670473,1.0,3.882979399100081,/tmp/nxf.XXXXsWkdqt/sourmash_database/gtdb-rs214-reps.k51.zip,"GCA_902363805.1 Eubacteriaceae bacterium, MGYG-HGUT-00139",e74ba66b2eb158d7b14816b40f0c0a94,0.25927272727272727,613000,165,88992000,ERR688634_2.fastq.gz,ERR688634,cf7fcffb,684905000,51,DNA,1000,684905,True,0.8740148421639687,0.9738790781891673,0.923946960176568,0.9738790781891673,False,1163,1158776,2465000,d__Bacteria;p__Bacillota_A;c__Clostridia;o__Lachnospirales;f__Lachnospiraceae;g__Eubacterium_G;s__Eubacterium_G sp000434315
1589000,0.0023200297851526854,0.15575079872204473,0.0008541330549492266,0.00042961460446247463,1.8102564102564103,1.0,2.1251197901031293,/tmp/nxf.XXXXsWkdqt/sourmash_database/gtdb-rs214-reps.k51.zip,"GCA_900066355.1 uncultured Ruminococcus sp., 13414_6#66",45f1a5c0fe40b26dd1259bddded57c5d,0.42305644302449413,585000,166,88407000,ERR688634_2.fastq.gz,ERR688634,cf7fcffb,684905000,51,DNA,1000,684905,True,0.8878569752744039,0.9832738214938236,0.9355653983841137,0.9832738214938236,False,1059,1159835,2465000,d__Bacteria;p__Bacillota_A;c__Clostridia;o__Lachnospirales;f__Lachnospiraceae;g__Blautia_A;s__Blautia_A sp900066355
595000,0.0008687336199910936,0.2083633741888969,0.0008439126594199195,0.0003111561866125761,1.3269896193771626,1.0,1.5768650526775938,/tmp/nxf.XXXXsWkdqt/sourmash_database/gtdb-rs214-reps.k51.zip,"GCA_900549885.1 uncultured Clostridiales bacterium, UMGS1232",010a68d649531b57874841da05181f85,0.21449170872386444,578000,167,87829000,ERR688634_2.fastq.gz,ERR688634,cf7fcffb,684905000,51,DNA,1000,684905,True,0.8709198100839511,0.9702650817985057,0.9205924459412285,0.9702650817985057,False,767,1160602,2465000,d__Bacteria;p__Bacillota_A;c__Clostridia;o__Oscillospirales;f__Oscillospiraceae;g__Enterenecus;s__Enterenecus sp900549885
680000,0.0009928384228469643,0.1969539633091035,0.0008307721508822391,0.00033022312373225154,1.430579964850615,1.0,0.9044975579612248,/tmp/nxf.XXXXsWkdqt/sourmash_database/gtdb-rs214-reps.k51.zip,"GCF_020709055.1 Ruminococcus callidus strain=MSK.21.81, ASM2070905v1",3d36fa1fd7c6961f5ace5e67bf2b8252,0.23537556247836622,569000,168,87260000,ERR688634_2.fastq.gz,ERR688634,cf7fcffb,684905000,51,DNA,1000,684905,True,0.8732030946656419,0.9720343121734061,0.922618703419524,0.9720343121734061,False,814,1161416,2465000,d__Bacteria;p__Bacillota_A;c__Clostridia;o__Oscillospirales;f__Ruminococcaceae;g__Ruminococcus_C;s__Ruminococcus_C sp000437175
1422000,0.0020762003489535044,0.1250855968956859,0.0008001109642943182,0.0008900608519269777,4.0036496350364965,2.0,5.016031361721131,/tmp/nxf.XXXXsWkdqt/sourmash_database/gtdb-rs214-reps.k51.zip,"GCA_019417795.1 Clostridiales bacterium, ASM1941779v1",5a199efdf60fbe8e0dc767e0c79a1bc4,0.3245834284409952,548000,169,86712000,ERR688634_2.fastq.gz,ERR688634,cf7fcffb,684905000,51,DNA,1000,684905,True,0.8859259775508258,0.9781786140441654,0.9320522957974956,0.9781786140441654,False,2194,1163610,2465000,d__Bacteria;p__Bacillota_A;c__Clostridia;o__Oscillospirales;f__Oscillospiraceae;g__Dysosmobacter;s__Dysosmobacter sp019417795
718000,0.0010483205700060592,0.18327759197324414,0.0008001109642943182,0.00040892494929006086,1.8394160583941606,1.0,3.3841269165738086,/tmp/nxf.XXXXsWkdqt/sourmash_database/gtdb-rs214-reps.k51.zip,"GCF_003479605.1 Roseburia sp. AF12-17LB strain=AF12-17LB, ASM347960v1",eff3b6e1f36602de5c0b298cebd0503e,0.24013377926421406,548000,170,86164000,ERR688634_2.fastq.gz,ERR688634,cf7fcffb,684905000,51,DNA,1000,684905,True,0.874134610087376,0.9724158400714573,0.9232752250794167,0.9724158400714573,False,1008,1164618,2465000,d__Bacteria;p__Bacillota_A;c__Clostridia;o__Lachnospirales;f__Lachnospiraceae;g__RUG115;s__RUG115 sp900066395
1083000,0.0015812411940342092,0.08265213442325159,0.0007971908512859448,0.00036754563894523325,1.6593406593406594,1.0,4.869475335337512,/tmp/nxf.XXXXsWkdqt/sourmash_database/gtdb-rs214-reps.k51.zip,"GCF_003464595.1 Bacteroides intestinalis strain=AF14-32, ASM346459v1",5018c46a831958831fc599a735d21972,0.1639418710263397,546000,171,85618000,ERR688634_2.fastq.gz,ERR688634,cf7fcffb,684905000,51,DNA,1000,684905,True,0.8812079255183285,0.9651654397940359,0.9231866826561822,0.9651654397940359,False,906,1165524,2465000,d__Bacteria;p__Bacteroidota;c__Bacteroidia;o__Bacteroidales;f__Bacteroidaceae;g__Bacteroides;s__Bacteroides intestinalis_A
541000,0.0007898905687650112,0.13555499874718116,0.0007898905687650112,0.00024259634888438135,1.1053604436229205,1.0,0.32457694550821214,/tmp/nxf.XXXXsWkdqt/sourmash_database/gtdb-rs214-reps.k51.zip,"GCA_018369015.1 Clostridiales bacterium, ASM1836901v1",059188e5ab7a723ef31bc81e1bdcd4ab,0.13555499874718116,541000,172,85077000,ERR688634_2.fastq.gz,ERR688634,cf7fcffb,684905000,51,DNA,1000,684905,True,0.8692965959489594,0.9615738796985835,0.9154352378237715,0.9615738796985835,False,598,1166122,2465000,d__Bacteria;p__Bacillota_A;c__Clostridia;o__Lachnospirales;f__Lachnospiraceae;g__Catenibacillus;s__Catenibacillus sp018369015
536000,0.0007825902862440776,0.27324088341037495,0.0007767500602273308,0.0002693711967545639,1.2481203007518797,1.0,0.5296617595340364,/tmp/nxf.XXXXsWkdqt/sourmash_database/gtdb-rs214-reps.k51.zip,"GCF_006739205.1 Streptococcus mutans strain=NBRC 13955, ASM673920v1",c9c4fa710b7c7000bcadb4e255212b1f,0.2752953261427838,532000,173,84545000,ERR688634_2.fastq.gz,ERR688634,cf7fcffb,684905000,51,DNA,1000,684905,True,0.8691383452320022,0.9750248028414515,0.9220815740367269,0.9750248028414515,False,664,1166786,2465000,d__Bacteria;p__Bacillota;c__Bacilli;o__Lactobacillales;f__Streptococcaceae;g__Streptococcus;s__Streptococcus mutans
527000,0.0007694497777063973,0.22124265323257766,0.0007694497777063973,0.00029776876267748476,1.3927893738140418,1.0,0.6827956256835197,/tmp/nxf.XXXXsWkdqt/sourmash_database/gtdb-rs214-reps.k51.zip,"GCA_019423725.1 Clostridiales bacterium, ASM1942372v1",a9e21c015c49a2348f5e7c8377c9fdcf,0.22124265323257766,527000,174,84018000,ERR688634_2.fastq.gz,ERR688634,cf7fcffb,684905000,51,DNA,1000,684905,True,0.8688498117245484,0.9708548205344769,0.9198523161295127,0.9708548205344769,False,734,1167520,2465000,d__Bacteria;p__Bacillota_A;c__Clostridia;o__Lachnospirales;f__Anaerotignaceae;g__Metalachnospira;s__Metalachnospira sp019423725
935000,0.0013651528314145758,0.19430051813471502,0.0007665296646980238,0.000501419878296146,2.354285714285714,1.0,3.5968512306613682,/tmp/nxf.XXXXsWkdqt/sourmash_database/gtdb-rs214-reps.k51.zip,"GCF_023347535.1 Faecalibacterium sp. HTFF strain=HTFF, ASM2334753v1",b856be3bf596906f871150b46d2f180f,0.346039970392302,525000,175,83493000,ERR688634_2.fastq.gz,ERR688634,cf7fcffb,684905000,51,DNA,1000,684905,True,0.8786725999473503,0.9794071272959958,0.929039863621673,0.9794071272959958,False,1236,1168756,2465000,d__Bacteria;p__Bacillota_A;c__Clostridia;o__Oscillospirales;f__Ruminococcaceae;g__Faecalibacterium;s__Faecalibacterium sp900539885
523000,0.0007636095516896504,0.44700854700854703,0.0007636095516896504,0.00035294117647058826,1.6634799235181645,1.0,0.8883917479245804,/tmp/nxf.XXXXsWkdqt/sourmash_database/gtdb-rs214-reps.k51.zip,"GCA_000434335.1 Clostridium sp. CAG:492, MGS492",6d3eff2e17e0073c847347715c20f88e,0.44700854700854703,523000,176,82970000,ERR688634_2.fastq.gz,ERR688634,cf7fcffb,684905000,51,DNA,1000,684905,True,0.868720020633256,0.9843361785914628,0.9265280996123595,0.9843361785914628,False,870,1169626,2465000,d__Bacteria;p__Bacillota_A;c__Clostridia;o__TANB77;f__CAG-508;g__CAG-492;s__CAG-492 sp000434335
531000,0.0007752900037231441,0.17552118359112306,0.0007621494951854636,0.0002612576064908722,1.2337164750957854,1.0,0.5422505076993648,/tmp/nxf.XXXXsWkdqt/sourmash_database/gtdb-rs214-reps.k51.zip,"GCA_900545865.1 uncultured Clostridiales bacterium, UMGS821",5724d99cd287aa3e412436346ed78171,0.17854741089441828,522000,177,82448000,ERR688634_2.fastq.gz,ERR688634,cf7fcffb,684905000,51,DNA,1000,684905,True,0.8689786405713744,0.9667818780159656,0.91788025929367,0.9667818780159656,False,644,1170270,2465000,d__Bacteria;p__Bacillota_A;c__Clostridia;o__Monoglobales;f__Monoglobaceae;g__UMGS1820;s__UMGS1820 sp900545865
756000,0.0011038027171651544,0.11106364801366937,0.0007592293821770903,0.00029776876267748476,1.4115384615384616,1.0,1.8666767927310581,/tmp/nxf.XXXXsWkdqt/sourmash_database/gtdb-rs214-reps.k51.zip,"GCA_025151045.1 Parabacteroides johnsonii DSM 18315 strain=DSM 18315, ASM2515104v1",1d0aa75f91e7779806d6956efe7c1c15,0.16146945749679625,520000,178,81928000,ERR688634_2.fastq.gz,ERR688634,cf7fcffb,684905000,51,DNA,1000,684905,True,0.8750189924849068,0.9648779028297967,0.9199484476573517,0.9648779028297967,False,734,1171004,2465000,d__Bacteria;p__Bacteroidota;c__Bacteroidia;o__Bacteroidales;f__Tannerellaceae;g__Parabacteroides;s__Parabacteroides johnsonii
534000,0.0007796701732357042,0.22655565293602103,0.0007548492126645301,0.0003156186612576065,1.504835589941973,1.0,1.1596353650749802,/tmp/nxf.XXXXsWkdqt/sourmash_database/gtdb-rs214-reps.k51.zip,"GCA_900553315.1 uncultured Clostridiales bacterium, UMGS1600",a29896ba889dbcd5ab61dea5e92f7314,0.23400525854513585,517000,179,81411000,ERR688634_2.fastq.gz,ERR688634,cf7fcffb,684905000,51,DNA,1000,684905,True,0.8690746393493521,0.9719230341628173,0.9204988367560847,0.9719230341628173,False,778,1171782,2465000,d__Bacteria;p__Bacillota_A;c__Clostridia;o__Christensenellales;f__CAG-74;g__Egerieenecus;s__Egerieenecus sp900553315
1188000,0.001734547126973814,0.16358924522189827,0.0007373285346142896,0.0015602434077079108,7.6158415841584155,2.0,9.364507807138287,/tmp/nxf.XXXXsWkdqt/sourmash_database/gtdb-rs214-reps.k51.zip,"GCF_023347235.1 Faecalibacterium sp. I4179 strain=I4179, ASM2334723v1",907fa411823bfbb5be9253d5f9643455,0.3848396501457726,505000,180,80906000,ERR688634_2.fastq.gz,ERR688634,cf7fcffb,684905000,51,DNA,1000,684905,True,0.8828082726191647,0.9814501180498271,0.9321291953344959,0.9814501180498271,False,3846,1175628,2465000,d__Bacteria;p__Bacillota_A;c__Clostridia;o__Oscillospirales;f__Ruminococcaceae;g__Faecalibacterium;s__Faecalibacterium prausnitzii_A
771000,0.001125703564727955,0.12335239990052226,0.0007241880260766091,0.0005432048681541582,2.6995967741935485,1.0,6.522949547953816,/tmp/nxf.XXXXsWkdqt/sourmash_database/gtdb-rs214-reps.k51.zip,"GCA_902363665.1 Lachnospiraceae bacterium, MGYG-HGUT-00137",270368f3f8b14bfafab2ca24a10a385c,0.19174334742601343,496000,181,80410000,ERR688634_2.fastq.gz,ERR688634,cf7fcffb,684905000,51,DNA,1000,684905,True,0.8753561455764053,0.9681344900448856,0.9217453178106454,0.9681344900448856,False,1339,1176967,2465000,d__Bacteria;p__Bacillota_A;c__Clostridia;o__Lachnospirales;f__Lachnospiraceae;g__Choladousia;s__Choladousia sp902363665
512000,0.0007475489301435966,0.25242223355430904,0.0007227279695724225,0.0002973630831643002,1.4808080808080808,1.0,1.1078851240158019,/tmp/nxf.XXXXsWkdqt/sourmash_database/gtdb-rs214-reps.k51.zip,"GCA_900754955.1 Eggerthellaceae bacterium, ERS396516_26",b3acb0ba89cc66be41656af7f09bc405,0.2610912799592045,495000,182,79915000,ERR688634_2.fastq.gz,ERR688634,cf7fcffb,684905000,51,DNA,1000,684905,True,0.8683580129116963,0.9740125578278679,0.9211852853697822,0.9740125578278679,False,733,1177700,2465000,d__Bacteria;p__Actinomycetota;c__Coriobacteriia;o__Coriobacteriales;f__Eggerthellaceae;g__CAAEEV01;s__CAAEEV01 sp900754955
522000,0.0007621494951854636,0.2546972860125261,0.0007125075740431155,0.0003188640973630832,1.610655737704918,1.0,2.8601360559478026,/tmp/nxf.XXXXsWkdqt/sourmash_database/gtdb-rs214-reps.k51.zip,"GCF_000469305.1 Faecalitalea cylindroides ATCC 27803 strain=ATCC 27803, ASM46930v1",dbfde18274e001069f4cab5a48f04a25,0.27244258872651356,488000,183,79427000,ERR688634_2.fastq.gz,ERR688634,cf7fcffb,684905000,51,DNA,1000,684905,True,0.8686874208026609,0.9748256786371184,0.9217565497198896,0.9748256786371184,False,786,1178486,2465000,d__Bacteria;p__Bacillota;c__Bacilli;o__Erysipelotrichales;f__Erysipelotrichaceae;g__Faecalitalea;s__Faecalitalea cylindroides
486000,0.0007095874610347421,0.18663594470046083,0.0007095874610347421,0.00022636916835699797,1.1481481481481481,1.0,0.4335074041007268,/tmp/nxf.XXXXsWkdqt/sourmash_database/gtdb-rs214-reps.k51.zip,"GCA_904419295.1 Candidatus Pseudobutyricicoccus lothianensis, Chicken_14_mag_102",94ea060eade4b5da7d66ad3fb38cb1a4,0.18663594470046083,486000,184,78941000,ERR688634_2.fastq.gz,ERR688634,cf7fcffb,684905000,51,DNA,1000,684905,True,0.86747110639712,0.967622124770946,0.917546615584033,0.967622124770946,False,558,1179044,2465000,d__Bacteria;p__Bacillota_A;c__Clostridia;o__Oscillospirales;f__Butyricicoccaceae;g__Pseudobutyricicoccus;s__Pseudobutyricicoccus lothianensis
486000,0.0007095874610347421,0.31371280724450196,0.0007081274045305553,0.00026977687626774847,1.3711340206185567,1.0,0.6078454027011025,/tmp/nxf.XXXXsWkdqt/sourmash_database/gtdb-rs214-reps.k51.zip,"GCA_018714125.1 Candidatus Galloscillospira excrementipullorum, ASM1871412v1",35e6b1654c159179e6414568db006f07,0.314359637774903,485000,185,78456000,ERR688634_2.fastq.gz,ERR688634,cf7fcffb,684905000,51,DNA,1000,684905,True,0.86747110639712,0.9775649529696958,0.9225180296834079,0.9775649529696958,False,665,1179709,2465000,d__Bacteria;p__Bacillota_A;c__Clostridia;o__Oscillospirales;f__Feifaniaceae;g__Galloscillospira_B;s__Galloscillospira_B excrementipullorum
482000,0.0007037472350179952,0.18582002337358786,0.0006964469524970617,0.00027586206896551725,1.4255765199161425,1.0,1.4512395962548685,/tmp/nxf.XXXXsWkdqt/sourmash_database/gtdb-rs214-reps.k51.zip,"GCA_000432135.1 Firmicutes bacterium CAG:124, MGS124",6b915c74416fbc7426b7dfb5b1f7e785,0.18776782236073236,477000,186,77979000,ERR688634_2.fastq.gz,ERR688634,cf7fcffb,684905000,51,DNA,1000,684905,True,0.8673305447765085,0.9677368481566735,0.917533696466591,0.9677368481566735,False,680,1180389,2465000,d__Bacteria;p__Bacillota_A;c__Clostridia;o__Oscillospirales;f__Oscillospiraceae;g__CAG-170;s__CAG-170 sp000432135
1912000,0.0027916280360049932,0.17286652078774617,0.0006920667829845015,0.0011939148073022313,6.208860759493671,5.0,4.807765076544921,/tmp/nxf.XXXXsWkdqt/sourmash_database/gtdb-rs214-reps.k51.zip,"GCA_019411365.1 Roseburia sp., ASM1941136v1",9223753a32795157af72a9c5b19f4369,0.6973012399708242,474000,187,77505000,ERR688634_2.fastq.gz,ERR688634,cf7fcffb,684905000,51,DNA,1000,684905,True,0.8910842663645309,0.9929555612317914,0.9420199137981611,0.9929555612317914,False,2943,1183332,2465000,d__Bacteria;p__Bacillota_A;c__Clostridia;o__Lachnospirales;f__Lachnospiraceae;g__Roseburia;s__Roseburia sp019411365
983000,0.001435235543615538,0.12490034546904066,0.0006862265569677546,0.0005212981744421906,2.734042553191489,1.0,4.124074446556756,/tmp/nxf.XXXXsWkdqt/sourmash_database/gtdb-rs214-reps.k51.zip,"GCF_003461955.1 Ruminococcus sp. AM36-2AA strain=AM36-2AA, ASM346195v1",f9d6dd83df8e5e25abd4b25895899d9e,0.26122774382141906,470000,188,77035000,ERR688634_2.fastq.gz,ERR688634,cf7fcffb,684905000,51,DNA,1000,684905,True,0.8795355455156099,0.9740225373196568,0.9267790414176333,0.9740225373196568,False,1285,1184617,2465000,d__Bacteria;p__Bacillota_A;c__Clostridia;o__Lachnospirales;f__Lachnospiraceae;g__Blautia_A;s__Blautia_A sp900066335
556000,0.0008117914163278119,0.08811320754716981,0.0006818463874551945,0.0002908722109533469,1.5353319057815846,1.0,2.4460635787252496,/tmp/nxf.XXXXsWkdqt/sourmash_database/gtdb-rs214-reps.k51.zip,"GCA_000509105.1 Clostridiales bacterium VE202-21 strain=VE202-21, ASM50910v1",91aa1bc966a1423cc9c8eebedb547385,0.10490566037735849,467000,189,76568000,ERR688634_2.fastq.gz,ERR688634,cf7fcffb,684905000,51,DNA,1000,684905,True,0.8697628857863599,0.9567533220519329,0.9132581039191463,0.9567533220519329,False,717,1185334,2465000,d__Bacteria;p__Bacillota_A;c__Clostridia;o__Lachnospirales;f__Lachnospiraceae;g__Muricomes;s__Muricomes sp000509105
927000,0.001353472379381082,0.10457516339869281,0.0006774662179426344,0.0008791075050709939,4.670258620689655,2.0,6.409272238153916,/tmp/nxf.XXXXsWkdqt/sourmash_database/gtdb-rs214-reps.k51.zip,"GCA_900758315.1 uncultured Oscillospiraceae bacterium, ERS608503_14",9d2c577135181908133b3caca3c8e46e,0.20892494929006086,464000,190,76104000,ERR688634_2.fastq.gz,ERR688634,cf7fcffb,684905000,51,DNA,1000,684905,True,0.8785245653252,0.9697649346443814,0.9241447499847907,0.9697649346443814,False,2167,1187501,2465000,d__Bacteria;p__Bacillota_A;c__Clostridia;o__Oscillospirales;f__Oscillospiraceae;g__Onthomonas;s__Onthomonas sp900758315
458000,0.0006687058789175141,0.15299260255548083,0.000664325709404954,0.00020851926977687627,1.1296703296703297,1.0,0.34877950637147026,/tmp/nxf.XXXXsWkdqt/sourmash_database/gtdb-rs214-reps.k51.zip,"GCA_000436755.1 Clostridium sp. CAG:253, MGS253",9853570257983d43c3c397bb04ad5363,0.15400134498991258,455000,191,75649000,ERR688634_2.fastq.gz,ERR688634,cf7fcffb,684905000,51,DNA,1000,684905,True,0.8664623747325181,0.9639824073504065,0.9152223910414623,0.9639824073504065,False,514,1188015,2465000,d__Bacteria;p__Bacillota_A;c__Clostridia;o__Lachnospirales;f__Lachnospiraceae;g__Butyribacter;s__Butyribacter sp000436755
472000,0.000689146669976128,0.22905027932960895,0.0006584854833882072,0.0002434077079107505,1.3303769401330376,1.0,0.9224639663555103,/tmp/nxf.XXXXsWkdqt/sourmash_database/gtdb-rs214-reps.k51.zip,"GCA_905210385.1 uncultured Clostridiales bacterium, ERR321576-mag-bin.36",73bfe420d58b9084650c667cdb4a152a,0.23971559167089893,451000,192,75198000,ERR688634_2.fastq.gz,ERR688634,cf7fcffb,684905000,51,DNA,1000,684905,True,0.866974074985932,0.9723826069796591,0.9196783409827956,0.9723826069796591,False,600,1188615,2465000,d__Bacteria;p__Bacillota_A;c__Clostridia;o__Oscillospirales;f__Oscillospiraceae;g__Enterenecus;s__Enterenecus sp905210385
981000,0.0014323154306071645,0.12357678422660372,0.0006497251443630869,0.0004924949290060852,2.7280898876404494,1.0,3.8918234299487096,/tmp/nxf.XXXXsWkdqt/sourmash_database/gtdb-rs214-reps.k51.zip,"GCF_004123145.1 Blautia sp. KGMB01111 strain=KGMB01111, ASM412314v1",aebd2d7ffb499bdcdd21e8d84a624740,0.2724243265759511,445000,193,74753000,ERR688634_2.fastq.gz,ERR688634,cf7fcffb,684905000,51,DNA,1000,684905,True,0.8795004223860283,0.9748243973455271,0.9271624098657777,0.9748243973455271,False,1214,1189829,2465000,d__Bacteria;p__Bacillota_A;c__Clostridia;o__Lachnospirales;f__Lachnospiraceae;g__Oliverpabstia;s__Oliverpabstia faecicola
453000,0.0006614055963965806,0.21595330739299612,0.0006482650878589001,0.00022434077079107505,1.2454954954954955,1.0,0.6300310856605635,/tmp/nxf.XXXXsWkdqt/sourmash_database/gtdb-rs214-reps.k51.zip,"GCA_900546885.1 uncultured Ruminococcaceae bacterium, UMGS927",4fe8b013ceec3bf1b4ba70c5cde9ca98,0.2203307392996109,444000,194,74309000,ERR688634_2.fastq.gz,ERR688634,cf7fcffb,684905000,51,DNA,1000,684905,True,0.866275900521082,0.9707761978085612,0.9185260491648216,0.9707761978085612,False,553,1190382,2465000,d__Bacteria;p__Bacillota_A;c__Clostridia;o__Oscillospirales;f__Ruminococcaceae;g__Ruthenibacterium;s__Ruthenibacterium merdipullorum
470000,0.0006862265569677546,0.2187192118226601,0.0006482650878589001,0.000231237322515213,1.2837837837837838,1.0,0.995760431094463,/tmp/nxf.XXXXsWkdqt/sourmash_database/gtdb-rs214-reps.k51.zip,"GCA_934875375.1 uncultured bacterium, MTG243_bin.11.fa",d9e06e28c695e8d8d060cf04415d379f,0.2315270935960591,444000,195,73865000,ERR688634_2.fastq.gz,ERR688634,cf7fcffb,684905000,51,DNA,1000,684905,True,0.8669018932044709,0.9717201580997189,0.9193110256520949,0.9717201580997189,False,570,1190952,2465000,d__Bacteria;p__Bacillota_A;c__Clostridia;o__Oscillospirales;f__Ruminococcaceae;g__UBA3818;s__UBA3818 sp900557155
763000,0.0011140231126944612,0.19774266365688487,0.0006395047488337799,0.002117241379310345,11.915525114155251,6.0,15.242924433067309,/tmp/nxf.XXXXsWkdqt/sourmash_database/gtdb-rs214-reps.k51.zip,"GCA_902363125.1 Coriobacteriaceae bacterium, MGYG-HGUT-00094",b9e767fbd7e3e4908c5c5a43efdf3729,0.344469525959368,438000,196,73427000,ERR688634_2.fastq.gz,ERR688634,cf7fcffb,684905000,51,DNA,1000,684905,True,0.875177139093405,0.9793197784080879,0.9272484587507465,0.9793197784080879,False,5219,1196171,2465000,d__Bacteria;p__Actinomycetota;c__Coriobacteriia;o__Coriobacteriales;f__Coriobacteriaceae;g__Collinsella;s__Collinsella sp902363125
707000,0.0010322599484600054,0.14889267461669506,0.0006380446923295931,0.0003294117647058824,1.8581235697940504,1.0,3.5929003414301715,/tmp/nxf.XXXXsWkdqt/sourmash_database/gtdb-rs214-reps.k51.zip,"GCF_003574295.1 Mediterraneibacter butyricigenes strain=KCTC 15684, ASM357429v1",59b07feb1014e1f9295a29c21c214382,0.24088586030664394,437000,197,72990000,ERR688634_2.fastq.gz,ERR688634,cf7fcffb,684905000,51,DNA,1000,684905,True,0.8738700289685042,0.9724754649277694,0.9231727469481368,0.9724754649277694,False,812,1196983,2465000,d__Bacteria;p__Bacillota_A;c__Clostridia;o__Lachnospirales;f__Lachnospiraceae;g__Mediterraneibacter_A;s__Mediterraneibacter_A butyricigenes
445000,0.0006497251443630869,0.16286888307807246,0.0006365846358254065,0.0002259634888438134,1.2775229357798166,1.0,0.5233530847418523,/tmp/nxf.XXXXsWkdqt/sourmash_database/gtdb-rs214-reps.k51.zip,"GCA_003343885.1 Clostridiales bacterium, ASM334388v1",669595159d95a0f0799a6188245f7d74,0.16623085543518865,436000,198,72554000,ERR688634_2.fastq.gz,ERR688634,cf7fcffb,684905000,51,DNA,1000,684905,True,0.865973303025195,0.9654278793030411,0.9157005911641181,0.9654278793030411,False,557,1197540,2465000,d__Bacteria;p__Bacillota_A;c__Clostridia;o__Oscillospirales;f__CAG-382;g__UMGS882;s__UMGS882 sp003343885
743000,0.001084821982610727,0.08940397350993377,0.0006307444098086596,0.0009939148073022312,5.671296296296297,1.0,9.191295710515162,/tmp/nxf.XXXXsWkdqt/sourmash_database/gtdb-rs214-reps.k51.zip,"GCF_014647335.1 Butyricimonas faecihominis strain=JCM 18676, ASM1464733v1",4c87baca49e347dce18c35416649f893,0.15376655629139072,432000,199,72122000,ERR688634_2.fastq.gz,ERR688634,cf7fcffb,684905000,51,DNA,1000,684905,True,0.8747214451557852,0.963953568603803,0.9193375068797941,0.963953568603803,False,2450,1199990,2465000,d__Bacteria;p__Bacteroidota;c__Bacteroidia;o__Bacteroidales;f__Marinifilaceae;g__Butyricimonas;s__Butyricimonas faecihominis
446000,0.0006511852008672735,0.20306513409961685,0.0006190639577751659,0.0002336713995943205,1.3584905660377358,1.0,0.6859599972560562,/tmp/nxf.XXXXsWkdqt/sourmash_database/gtdb-rs214-reps.k51.zip,"GCF_014306095.1 Lentihominibacter faecis strain=BX16, ASM1430609v1",1d72c7af763f7276ed2a8b2028393fcf,0.2136015325670498,424000,200,71698000,ERR688634_2.fastq.gz,ERR688634,cf7fcffb,684905000,51,DNA,1000,684905,True,0.866011418063333,0.970185964631686,0.9180986913475095,0.970185964631686,False,576,1200566,2465000,d__Bacteria;p__Bacillota_A;c__Clostridia;o__Peptostreptococcales;f__Anaerovoracaceae;g__Lentihominibacter;s__Lentihominibacter faecis
621000,0.0009066950890999481,0.17146381578947367,0.0006088435622458589,0.0002584178498985801,1.5275779376498801,1.0,1.2349165291038016,/tmp/nxf.XXXXsWkdqt/sourmash_database/gtdb-rs214-reps.k51.zip,"GCF_001404655.1 Anaerostipes hadrus strain=2789STDY5608830, 13414_6#14",6565d12ae3a4a1a0b230d15c3bc3219d,0.2553453947368421,417000,201,71281000,ERR688634_2.fastq.gz,ERR688634,cf7fcffb,684905000,51,DNA,1000,684905,True,0.8716504881562146,0.9735876571515539,0.9226190726538843,0.9735876571515539,False,637,1201203,2465000,d__Bacteria;p__Bacillota_A;c__Clostridia;o__Lachnospirales;f__Lachnospiraceae;g__Anaerostipes;s__Anaerostipes hadrus_A
703000,0.0010264197224432586,0.19778099372889532,0.000598623166716552,0.00037038539553752535,2.226829268292683,2.0,1.5491184574592507,/tmp/nxf.XXXXsWkdqt/sourmash_database/gtdb-rs214-reps.k51.zip,"GCF_000785515.1 Streptococcus salivarius strain=NCTC 8618, ASM78551v1",60ed22ecb89c02b71ce7854e0188c722,0.33912204534491075,410000,202,70871000,ERR688634_2.fastq.gz,ERR688634,cf7fcffb,684905000,51,DNA,1000,684905,True,0.8737728159226754,0.9790193928077829,0.9263961043652291,0.9790193928077829,False,913,1202116,2465000,d__Bacteria;p__Bacillota;c__Bacilli;o__Lactobacillales;f__Streptococcaceae;g__Streptococcus;s__Streptococcus salivarius
428000,0.0006249041837919127,0.2,0.0005957030537081785,0.00025476673427991884,1.5392156862745099,1.0,0.8651370584768747,/tmp/nxf.XXXXsWkdqt/sourmash_database/gtdb-rs214-reps.k51.zip,"GCF_016648925.1 Streptococcus parasanguinis strain=1.1, ASM1664892v1",7728280bff2da5fbe89f723d9ea92e45,0.20980392156862746,408000,203,70463000,ERR688634_2.fastq.gz,ERR688634,cf7fcffb,684905000,51,DNA,1000,684905,True,0.8653121711905813,0.9698447684958912,0.9175784698432363,0.9698447684958912,False,628,1202744,2465000,d__Bacteria;p__Bacillota;c__Bacilli;o__Lactobacillales;f__Streptococcaceae;g__Streptococcus;s__Streptococcus sp900766505
425000,0.0006205240142793526,0.21277719112988383,0.0005884027711872449,0.00020608519269776877,1.260545905707196,1.0,0.605275976062058,/tmp/nxf.XXXXsWkdqt/sourmash_database/gtdb-rs214-reps.k51.zip,"GCF_000420345.1 Faecalicoccus pleomorphus DSM 20574 strain=DSM 20574, ASM42034v1",0966a6f1f4f9e33dbbdd3f829311cf05,0.22439281942977823,403000,204,70060000,ERR688634_2.fastq.gz,ERR688634,cf7fcffb,684905000,51,DNA,1000,684905,True,0.8651928337561086,0.9711239958661722,0.9181584148111404,0.9711239958661722,False,508,1203252,2465000,d__Bacteria;p__Bacillota;c__Bacilli;o__Erysipelotrichales;f__Erysipelotrichaceae;g__Faecalicoccus;s__Faecalicoccus pleomorphus
1613000,0.0023550711412531665,0.057461406518010294,0.0005869427146830582,0.0003740365111561866,2.2935323383084576,2.0,2.821983346894213,/tmp/nxf.XXXXsWkdqt/sourmash_database/gtdb-rs214-reps.k51.zip,"GCA_900557355.1 uncultured Bacteroides sp., UMGS2042",26cd6f99620cbd40a9534fcb50c2c063,0.2305603201829617,402000,205,69658000,ERR688634_2.fastq.gz,ERR688634,cf7fcffb,684905000,51,DNA,1000,684905,True,0.8881179898184567,0.9716404349573824,0.9298792123879196,0.9716404349573824,False,922,1204174,2465000,d__Bacteria;p__Bacteroidota;c__Bacteroidia;o__Bacteroidales;f__Bacteroidaceae;g__Bacteroides;s__Bacteroides sp900557355
404000,0.0005898628276914317,0.18361581920903955,0.0005694220366328176,0.00034563894523326574,2.1846153846153844,2.0,1.267652476347108,/tmp/nxf.XXXXsWkdqt/sourmash_database/gtdb-rs214-reps.k51.zip,"GCA_002404795.1 Clostridiales bacterium UBA4696, ASM240479v1",1f92743490ffc1257f7b0b66b9a6cc26,0.1902071563088512,390000,206,69268000,ERR688634_2.fastq.gz,ERR688634,cf7fcffb,684905000,51,DNA,1000,684905,True,0.8643335933817272,0.9679818031486895,0.9161576982652084,0.9679818031486895,False,852,1205026,2465000,d__Bacteria;p__Bacillota_A;c__Clostridia;o__Oscillospirales;f__Oscillospiraceae;g__CAG-170;s__CAG-170 sp002404795
382000,0.000557741584599324,0.22684085510688837,0.000557741584599324,0.0001740365111561866,1.1230366492146597,1.0,0.4068049350749541,/tmp/nxf.XXXXsWkdqt/sourmash_database/gtdb-rs214-reps.k51.zip,"GCA_900546685.1 uncultured Clostridiales bacterium, UMGS913",ecbe520a5b2ab9a172078c29bda0ca33,0.22684085510688837,382000,207,68886000,ERR688634_2.fastq.gz,ERR688634,cf7fcffb,684905000,51,DNA,1000,684905,True,0.8633851390841143,0.9713306295917997,0.9173578843379571,0.9713306295917997,False,429,1205455,2465000,d__Bacteria;p__Bacillota_A;c__Clostridia;o__Christensenellales;f__QAND01;g__UMGS1975;s__UMGS1975 sp900546685
388000,0.0005665019236244442,0.11852085967130215,0.000547521189070017,0.00018296146044624747,1.2026666666666668,1.0,0.6166518917148927,/tmp/nxf.XXXXsWkdqt/sourmash_database/gtdb-rs214-reps.k51.zip,"GCA_900757485.1 Ruminococcaceae bacterium, ERS537327_19",ee5d4b0184334f969cd0245b8a424396,0.12262958280657396,375000,208,68511000,ERR688634_2.fastq.gz,ERR688634,cf7fcffb,684905000,51,DNA,1000,684905,True,0.8636490151874626,0.9596863520720359,0.9116676836297493,0.9596863520720359,False,451,1205906,2465000,d__Bacteria;p__Bacillota_A;c__Clostridia;o__Oscillospirales;f__Ruminococcaceae;g__HGM13222;s__HGM13222 sp900757485
372000,0.0005431410195574569,0.20770519262981574,0.0005431410195574569,0.0001849898580121704,1.2258064516129032,1.0,0.5107243908403405,/tmp/nxf.XXXXsWkdqt/sourmash_database/gtdb-rs214-reps.k51.zip,"GCF_000016525.1 Methanobrevibacter smithii ATCC 35061 strain=ATCC 35061; PS; DSMZ 861, ASM1652v1",84d0a8ee2bacb5298bd9d78cb01c1a0c,0.20770519262981574,372000,209,68139000,ERR688634_2.fastq.gz,ERR688634,cf7fcffb,684905000,51,DNA,1000,684905,True,0.8629361812357587,0.9696536013352073,0.9162948912854829,0.9696536013352073,False,456,1206362,2465000,d__Archaea;p__Methanobacteriota;c__Methanobacteria;o__Methanobacteriales;f__Methanobacteriaceae;g__Methanobrevibacter_A;s__Methanobrevibacter_A smithii
554000,0.0008088713033194384,0.0993059263214095,0.0005431410195574569,0.0002150101419878296,1.424731182795699,1.0,1.7604469077010203,/tmp/nxf.XXXXsWkdqt/sourmash_database/gtdb-rs214-reps.k51.zip,"GCF_003473545.1 Clostridium sp. AM22-11AC strain=AM22-11AC, ASM347354v1",50efc7fa47c0997c24a73c521b04bdd3,0.14789108382274427,372000,210,67767000,ERR688634_2.fastq.gz,ERR688634,cf7fcffb,684905000,51,DNA,1000,684905,True,0.8697014314073153,0.9632174742977698,0.9164594528525425,0.9632174742977698,False,530,1206892,2465000,d__Bacteria;p__Bacillota_A;c__Clostridia;o__Lachnospirales;f__Lachnospiraceae;g__Enterocloster;s__Enterocloster sp000431375
512000,0.0007475489301435966,0.1383177570093458,0.0005402209065490834,0.00034766734279918863,2.3162162162162163,1.0,3.4240811364402894,/tmp/nxf.XXXXsWkdqt/sourmash_database/gtdb-rs214-reps.k51.zip,"GCF_000765235.1 Oscillibacter sp. ER4 strain=ER4, ASM76523v1",b86d494b379656b1b7a7b4d8bf763e29,0.1914018691588785,370000,211,67397000,ERR688634_2.fastq.gz,ERR688634,cf7fcffb,684905000,51,DNA,1000,684905,True,0.8683580129116963,0.9681006533684632,0.9182293331400797,0.9681006533684632,False,857,1207749,2465000,d__Bacteria;p__Bacillota_A;c__Clostridia;o__Oscillospirales;f__Oscillospiraceae;g__ER4;s__ER4 sp000765235
439000,0.0006409648053379666,0.12991573033707865,0.0005402209065490834,0.00018580121703853954,1.2378378378378379,1.0,1.1889926127452992,/tmp/nxf.XXXXsWkdqt/sourmash_database/gtdb-rs214-reps.k51.zip,"GCF_900095865.1 Massilioclostridium coli strain=Marseille-P2976, PRJEB15310",84bd41bced242100b4d3a1c61244004e,0.1541432584269663,370000,212,67027000,ERR688634_2.fastq.gz,ERR688634,cf7fcffb,684905000,51,DNA,1000,684905,True,0.8657428342043422,0.9639998174731285,0.9148713258387353,0.9639998174731285,False,458,1208207,2465000,d__Bacteria;p__Bacillota_A;c__Clostridia;o__Oscillospirales;f__Ruminococcaceae;g__Massilioclostridium;s__Massilioclostridium coli
366000,0.0005343806805323366,0.22662538699690402,0.0005343806805323366,0.0001748478701825558,1.1775956284153006,1.0,0.4293096636500204,/tmp/nxf.XXXXsWkdqt/sourmash_database/gtdb-rs214-reps.k51.zip,"GCA_000433035.1 Staphylococcus sp. CAG:324, MGS324",00bb77b0b8a886447c7ad2367765541f,0.22662538699690402,366000,213,66661000,ERR688634_2.fastq.gz,ERR688634,cf7fcffb,684905000,51,DNA,1000,684905,True,0.8626610919196926,0.9713125303271618,0.9169868111234272,0.9713125303271618,False,431,1208638,2465000,d__Bacteria;p__Bacillota;c__Bacilli;o__ML615J-28;f__CAG-313;g__CAG-313;s__CAG-313 sp000433035
475000,0.0006935268394886882,0.16866359447004609,0.0005343806805323366,0.00017890466531440163,1.2049180327868851,1.0,0.4664455395529125,/tmp/nxf.XXXXsWkdqt/sourmash_database/gtdb-rs214-reps.k51.zip,"GCA_900553905.1 uncultured Clostridiales bacterium, UMGS1665",eda6ce03104eff70ebb302036f42b770,0.21889400921658986,366000,214,66295000,ERR688634_2.fastq.gz,ERR688634,cf7fcffb,684905000,51,DNA,1000,684905,True,0.8670817873693666,0.9706516772627334,0.91886673231605,0.9706516772627334,False,441,1209079,2465000,d__Bacteria;p__Bacillota_A;c__Clostridia;o__Christensenellales;f__CAG-74;g__Limiplasma;s__Limiplasma pullistercoris
547000,0.0007986509077901315,0.08375517717441325,0.0005314605675239631,0.00036592292089249493,2.478021978021978,1.0,2.636818854196594,/tmp/nxf.XXXXsWkdqt/sourmash_database/gtdb-rs214-reps.k51.zip,"GCA_900754605.1 uncultured Oscillospiraceae bacterium, ERS396504_64",f167964a7b0f7c95cf930e6cf86141da,0.12586286240220892,364000,215,65931000,ERR688634_2.fastq.gz,ERR688634,cf7fcffb,684905000,51,DNA,1000,684905,True,0.8694846148536891,0.9601761923951386,0.9148304036244139,0.9601761923951386,False,902,1209981,2465000,d__Bacteria;p__Bacillota_A;c__Clostridia;o__Oscillospirales;f__Oscillospiraceae;g__Lawsonibacter;s__Lawsonibacter sp900754605
502000,0.0007329483651017294,0.12461380020597322,0.0005300005110197765,0.00030588235294117644,2.077134986225895,1.0,2.243963570994306,/tmp/nxf.XXXXsWkdqt/sourmash_database/gtdb-rs214-reps.k51.zip,"GCF_009695995.1 Lachnospiraceae bacterium WCA3-601-WT-6H strain=WCA3-601-WT-6H, ASM969599v1",5d6c5014a4cd18c2fe5be407fbfab795,0.17233093031239272,363000,216,65568000,ERR688634_2.fastq.gz,ERR688634,cf7fcffb,684905000,51,DNA,1000,684905,True,0.86802223603837,0.9661103395250928,0.9170662877817315,0.9661103395250928,False,754,1210735,2465000,d__Bacteria;p__Bacillota_A;c__Clostridia;o__Lachnospirales;f__Lachnospiraceae;g__Acetatifactor;s__Acetatifactor intestinalis
361000,0.000527080398011403,0.1459765467044076,0.000527080398011403,0.00016430020283975658,1.1218836565096952,1.0,0.36705430362611563,/tmp/nxf.XXXXsWkdqt/sourmash_database/gtdb-rs214-reps.k51.zip,"GCA_904420065.1 uncultured Emergencia sp., Coassembly_mag_253",d37c1d9597850b47cd665800b1dfe996,0.1459765467044076,361000,217,65207000,ERR688634_2.fastq.gz,ERR688634,cf7fcffb,684905000,51,DNA,1000,684905,True,0.8624284521788892,0.9629714109784897,0.9126999315786894,0.9629714109784897,False,405,1211140,2465000,d__Bacteria;p__Bacillota_A;c__Clostridia;o__Peptostreptococcales;f__Anaerovoracaceae;g__Emergencia;s__Emergencia sp904420065
359000,0.0005241602850030296,0.10549645390070922,0.0005212401719946562,0.0001667342799188641,1.1512605042016806,1.0,0.8498342774237455,/tmp/nxf.XXXXsWkdqt/sourmash_database/gtdb-rs214-reps.k51.zip,"GCF_003634345.1 Coprobacter fastidiosus NSB1 strain=NSB1, ASM363434v1",58ec96ce220b2f57fe8e2071bbb29a1d,0.10608747044917258,357000,218,64850000,ERR688634_2.fastq.gz,ERR688634,cf7fcffb,684905000,51,DNA,1000,684905,True,0.8623345105995204,0.9569635020623712,0.9096490063309458,0.9569635020623712,False,411,1211551,2465000,d__Bacteria;p__Bacteroidota;c__Bacteroidia;o__Bacteroidales;f__Coprobacteraceae;g__Coprobacter;s__Coprobacter fastidiosus
356000,0.0005197801154904695,0.13069233617178821,0.0005153999459779093,0.00016511156186612577,1.1529745042492918,1.0,0.4508078262783593,/tmp/nxf.XXXXsWkdqt/sourmash_database/gtdb-rs214-reps.k51.zip,"GCA_934647945.1 uncultured Eubacteriales bacterium, ERR7738665_bin.322",474f06cb895a7161e6c2be4b599e20f6,0.13180303591262496,353000,219,64497000,ERR688634_2.fastq.gz,ERR688634,cf7fcffb,684905000,51,DNA,1000,684905,True,0.8621926317629471,0.9610448052700394,0.9116187185164932,0.9610448052700394,False,407,1211958,2465000,d__Bacteria;p__Bacillota_A;c__Clostridia;o__Oscillospirales;f__Acutalibacteraceae;g__UMGS1623;s__UMGS1623 sp934647945
355000,0.0005183200589862827,0.2169344870210136,0.0005124798329695359,0.0001716024340770791,1.205128205128205,1.0,0.4567654432782013,/tmp/nxf.XXXXsWkdqt/sourmash_database/gtdb-rs214-reps.k51.zip,"GCA_900555065.1 uncultured Clostridiales bacterium, UMGS1783",3937b30778a54d20c1f0b41eb3e1bdba,0.21940667490729296,351000,220,64146000,ERR688634_2.fastq.gz,ERR688634,cf7fcffb,684905000,51,DNA,1000,684905,True,0.8621450782248055,0.9706962013979328,0.9164206398113691,0.9706962013979328,False,423,1212381,2465000,d__Bacteria;p__Bacillota_A;c__Clostridia;o__Oscillospirales;f__UMGS1783;g__UMGS1783;s__UMGS1783 sp900555065
1581000,0.002308349333119192,0.06002069679199724,0.0005080996634569758,0.00027302231237322515,1.9339080459770115,2.0,1.1762495007846685,/tmp/nxf.XXXXsWkdqt/sourmash_database/gtdb-rs214-reps.k51.zip,"GCA_019412865.1 Bacteroides sp., ASM1941286v1",ea887218e0141cf6c988447e4d85d9a1,0.27268023456364265,348000,221,63798000,ERR688634_2.fastq.gz,ERR688634,cf7fcffb,684905000,51,DNA,1000,684905,True,0.8877691108664482,0.9748423444447958,0.931305727655622,0.9748423444447958,False,673,1213054,2465000,d__Bacteria;p__Bacteroidota;c__Bacteroidia;o__Bacteroidales;f__Bacteroidaceae;g__Bacteroides;s__Bacteroides sp019412865
347000,0.000506639606952789,0.25705794947994054,0.0005051795504486024,0.0011379310344827587,8.106936416184972,8.0,3.744376651781704,/tmp/nxf.XXXXsWkdqt/sourmash_database/gtdb-rs214-reps.k51.zip,"GCA_000433675.1 Clostridium sp. CAG:433, MGS433",f1dffc5302106cd9dd62e711032acd3c,0.2578008915304606,346000,222,63452000,ERR688634_2.fastq.gz,ERR688634,cf7fcffb,684905000,51,DNA,1000,684905,True,0.8617598529221786,0.9737703733810038,0.9177651131515911,0.9737703733810038,False,2805,1215859,2465000,d__Bacteria;p__Bacillota;c__Bacilli;o__RF39;f__UBA660;g__CAG-433;s__CAG-433 sp000433675
352000,0.0005139398894737226,0.3108715184186882,0.0005051795504486024,0.00028113590263691683,2.0028901734104045,1.0,3.6993192272583824,/tmp/nxf.XXXXsWkdqt/sourmash_database/gtdb-rs214-reps.k51.zip,"GCA_900546275.1 uncultured Tenericutes bacterium, UMGS872",148df47d8991bdc2ff4c0b46cabb6f9f,0.31626235399820307,346000,223,63106000,ERR688634_2.fastq.gz,ERR688634,cf7fcffb,684905000,51,DNA,1000,684905,True,0.8620016256041242,0.9776806273984399,0.919841126501282,0.9776806273984399,False,693,1216552,2465000,d__Bacteria;p__Bacillota;c__Bacilli;o__RF39;f__UBA660;g__UMGS872;s__UMGS872 sp900546275
347000,0.000506639606952789,0.14327242524916944,0.0005037194939444157,0.00016186612576064909,1.1565217391304348,1.0,0.4012582604213847,/tmp/nxf.XXXXsWkdqt/sourmash_database/gtdb-rs214-reps.k51.zip,"GCA_905193765.1 uncultured Eubacterium sp., ERR260134-mag-bin.27",57de1b7608f8c8b14a0aefeed6e1138e,0.14410299003322258,345000,224,62761000,ERR688634_2.fastq.gz,ERR688634,cf7fcffb,684905000,51,DNA,1000,684905,True,0.8617598529221786,0.9627275322097921,0.9122436925659854,0.9627275322097921,False,399,1216951,2465000,d__Bacteria;p__Bacillota_A;c__Clostridia;o__Peptostreptococcales;f__Anaerovoracaceae;g__Lentihominibacter;s__Lentihominibacter sp905193765
879000,0.00128338966718012,0.08562918838421445,0.0005037194939444157,0.0003480730223123732,2.4869565217391303,1.0,3.8456417283019837,/tmp/nxf.XXXXsWkdqt/sourmash_database/gtdb-rs214-reps.k51.zip,"GCF_013304385.1 Blautia glucerasea strain=MSK.21.93, ASM1330438v1",703753835bf7918cf1f570a2e1d96c11,0.21816827997021593,345000,225,62416000,ERR688634_2.fastq.gz,ERR688634,cf7fcffb,684905000,51,DNA,1000,684905,True,0.8776091605960742,0.9705884738138758,0.924098817204975,0.9705884738138758,False,858,1217809,2465000,d__Bacteria;p__Bacillota_A;c__Clostridia;o__Lachnospirales;f__Lachnospiraceae;g__Blautia_A;s__Blautia_A sp900066505
485000,0.0007081274045305553,0.1806836679327184,0.0004861988158941751,0.00019513184584178499,1.4444444444444444,1.0,0.9367732974831979,/tmp/nxf.XXXXsWkdqt/sourmash_database/gtdb-rs214-reps.k51.zip,"GCF_000188295.1 Streptococcus vestibularis ATCC 49124 strain=ATCC 49124, ASM18829v1",b74a4ef9d3c1655862fcea0e8cab2fbc,0.2631578947368421,333000,226,62083000,ERR688634_2.fastq.gz,ERR688634,cf7fcffb,684905000,51,DNA,1000,684905,True,0.86743607261767,0.9741631429168544,0.9207996077672622,0.9741631429168544,False,481,1218290,2465000,d__Bacteria;p__Bacillota;c__Bacilli;o__Lactobacillales;f__Streptococcaceae;g__Streptococcus;s__Streptococcus vestibularis
330000,0.00048181864638161497,0.10956175298804781,0.00048181864638161497,0.0001594320486815416,1.190909090909091,1.0,0.5074377921949235,/tmp/nxf.XXXXsWkdqt/sourmash_database/gtdb-rs214-reps.k51.zip,"GCA_934647305.1 uncultured Clostridia bacterium, ERR7739005_bin.203",c3cd7f76376c87fbd8c7cfca987e565c,0.10956175298804781,330000,227,61753000,ERR688634_2.fastq.gz,ERR688634,cf7fcffb,684905000,51,DNA,1000,684905,True,0.8609114859038648,0.957568351414858,0.9092399186593614,0.957568351414858,False,393,1218683,2465000,d__Bacteria;p__Bacillota_A;c__Clostridia;o__Christensenellales;f__CAG-74;g__CAKUFI01;s__CAKUFI01 sp934647305
488000,0.0007125075740431155,0.11365260900643316,0.0004642979683313744,0.00019107505070993915,1.4811320754716981,1.0,2.12604897709256,/tmp/nxf.XXXXsWkdqt/sourmash_database/gtdb-rs214-reps.k51.zip,"GCF_003479405.1 Eubacterium sp. AF16-48 strain=AF16-48, ASM347940v1",2a7c495f035e6766fd2f9682f7c82bc3,0.17441029306647604,318000,228,61435000,ERR688634_2.fastq.gz,ERR688634,cf7fcffb,684905000,51,DNA,1000,684905,True,0.8675409624387678,0.966337570539703,0.9169392664892354,0.966337570539703,False,471,1219154,2465000,d__Bacteria;p__Bacillota_A;c__Clostridia;o__Lachnospirales;f__Lachnospiraceae;g__Eubacterium_G;s__Eubacterium_G sp000432355
314000,0.0004584577423146276,0.22753623188405797,0.0004584577423146276,0.00014969574036511157,1.1751592356687899,1.0,0.4420790560990805,/tmp/nxf.XXXXsWkdqt/sourmash_database/gtdb-rs214-reps.k51.zip,"GCA_003150225.1 Firmicutes bacterium, ASM315022v1",cd7a252c09989cd86f5522659f1c4f43,0.22753623188405797,314000,229,61121000,ERR688634_2.fastq.gz,ERR688634,cf7fcffb,684905000,51,DNA,1000,684905,True,0.8600729334680065,0.9713889263002966,0.9157309298841516,0.9713889263002966,False,369,1219523,2465000,d__Bacteria;p__Bacillota_A;c__Clostridia;o__Christensenellales;f__QAND01;g__QAND01;s__QAND01 sp003150225
324000,0.0004730583073564947,0.09257040143798682,0.000451157459793694,0.00013630831643002029,1.087378640776699,1.0,0.404828369478625,/tmp/nxf.XXXXsWkdqt/sourmash_database/gtdb-rs214-reps.k51.zip,"GCA_001304875.1 Clostridia bacterium UC5.1-2E3 strain=UC5.1-2E3, ASM130487v1",0bd2e3769d6c380cd9321940849f520b,0.09706411024565609,309000,230,60812000,ERR688634_2.fastq.gz,ERR688634,cf7fcffb,684905000,51,DNA,1000,684905,True,0.860601796829323,0.9552969814175862,0.9079493891234547,0.9552969814175862,False,336,1219859,2465000,d__Bacteria;p__Bacillota_A;c__Clostridia;o__Lachnospirales;f__Lachnospiraceae;g__Ventrisoma;s__Ventrisoma faecale
441000,0.00064388491834634,0.08865860679332183,0.0004496974032895073,0.00018539553752535497,1.4837662337662338,1.0,1.3967946041321067,/tmp/nxf.XXXXsWkdqt/sourmash_database/gtdb-rs214-reps.k51.zip,"GCF_014287895.1 Lawsonibacter sp. NSJ-51 strain=NSJ-51, ASM1428789v1",d392acf90c74a66e08f6aab76d16a313,0.12694300518134716,308000,231,60504000,ERR688634_2.fastq.gz,ERR688634,cf7fcffb,684905000,51,DNA,1000,684905,True,0.8658199984562523,0.9603370878579413,0.9130785431570968,0.9603370878579413,False,457,1220316,2465000,d__Bacteria;p__Bacillota_A;c__Clostridia;o__Oscillospirales;f__Oscillospiraceae;g__NSJ-51;s__NSJ-51 sp900549795
300000,0.00043801695125601363,0.15853658536585366,0.0004365568947518269,0.00016876267748478703,1.391304347826087,1.0,0.6207595716812905,/tmp/nxf.XXXXsWkdqt/sourmash_database/gtdb-rs214-reps.k51.zip,"GCA_900760275.1 Clostridia bacterium, SRS014979_19",a585b8bef986a8cacb14ab7cb707681c,0.15906680805938495,299000,232,60205000,ERR688634_2.fastq.gz,ERR688634,cf7fcffb,684905000,51,DNA,1000,684905,True,0.8593040936639318,0.9645943136084708,0.9119492036362014,0.9645943136084708,False,416,1220732,2465000,d__Bacteria;p__Bacillota_A;c__Clostridia;o__Oscillospirales;f__CAG-382;g__Woodwardibium;s__Woodwardibium sp900760275
709000,0.001035180061468379,0.08424908424908426,0.0004365568947518269,0.00026490872210953347,2.1839464882943145,2.0,1.4010064981429737,/tmp/nxf.XXXXsWkdqt/sourmash_database/gtdb-rs214-reps.k51.zip,"GCA_934292725.1 uncultured Lachnospiraceae bacterium, ERR7738588_bin.131",ca1411c0b167b687b3aba2c99d7cc8a4,0.199774584389969,299000,233,59906000,ERR688634_2.fastq.gz,ERR688634,cf7fcffb,684905000,51,DNA,1000,684905,True,0.8739184334667939,0.9689137133573812,0.9214160734120875,0.9689137133573812,False,653,1221385,2465000,d__Bacteria;p__Bacillota_A;c__Clostridia;o__Lachnospirales;f__Lachnospiraceae;g__KLE1615;s__KLE1615 sp934292725
540000,0.0007884305122608245,0.0914408866995074,0.0004336367817434535,0.00022150101419878297,1.8383838383838385,1.0,3.29075964961334,/tmp/nxf.XXXXsWkdqt/sourmash_database/gtdb-rs214-reps.k51.zip,"GCA_003480725.1 Clostridiaceae bacterium AM27-36LB strain=AM27-36LB, ASM348072v1",975cef6c486d0603c26c5b56cccc2807,0.16625615763546797,297000,234,59609000,ERR688634_2.fastq.gz,ERR688634,cf7fcffb,684905000,51,DNA,1000,684905,True,0.8692650608389029,0.9654307604400236,0.9173479106394633,0.9654307604400236,False,546,1221931,2465000,d__Bacteria;p__Bacillota_A;c__Clostridia;o__Lachnospirales;f__Lachnospiraceae;g__Choladocola;s__Choladocola sp003480725
302000,0.000440937064264387,0.12122448979591836,0.0004336367817434535,0.0001513184584178499,1.2558922558922558,1.0,0.7166894254130943,/tmp/nxf.XXXXsWkdqt/sourmash_database/gtdb-rs214-reps.k51.zip,"GCF_016901815.1 Hydrogenoanaerobacterium saccharovorans strain=An564, ASM1690181v1",6a999d6f30571dfd3d15af80fd0a2aad,0.12326530612244897,297000,235,59312000,ERR688634_2.fastq.gz,ERR688634,cf7fcffb,684905000,51,DNA,1000,684905,True,0.8594160555211529,0.9597836560868765,0.9095998558040147,0.9597836560868765,False,373,1222304,2465000,d__Bacteria;p__Bacillota_A;c__Clostridia;o__Oscillospirales;f__Ruminococcaceae;g__Avimicrobium;s__Avimicrobium caecorum
370000,0.0005402209065490834,0.07952713594841483,0.00043217672523926674,0.0001436105476673428,1.195945945945946,1.0,0.6990223267495649,/tmp/nxf.XXXXsWkdqt/sourmash_database/gtdb-rs214-reps.k51.zip,"GCF_000239295.1 Flavonifractor plautii ATCC 29863 strain=ATCC 29863, ASM23929v1",1ed22d796c79d0337723a67a4b313636,0.09940891993551854,296000,236,59016000,ERR688634_2.fastq.gz,ERR688634,cf7fcffb,684905000,51,DNA,1000,684905,True,0.8628449711871217,0.9557442054575317,0.9092945883223267,0.9557442054575317,False,354,1222658,2465000,d__Bacteria;p__Bacillota_A;c__Clostridia;o__Oscillospirales;f__Oscillospiraceae;g__Flavonifractor;s__Flavonifractor plautii
449000,0.0006555653703798337,0.07294233612617053,0.00043217672523926674,0.00019066937119675457,1.587837837837838,1.0,1.979383790455921,/tmp/nxf.XXXXsWkdqt/sourmash_database/gtdb-rs214-reps.k51.zip,"GCF_024622975.1 Blautia caecimuris strain=DSM 29492, ASM2462297v1",1248931c5307393cc9ef816719d4b9e7,0.1106456382454411,296000,237,58720000,ERR688634_2.fastq.gz,ERR688634,cf7fcffb,684905000,51,DNA,1000,684905,True,0.8661252625040375,0.9577532043894758,0.9119392334467566,0.9577532043894758,False,470,1223128,2465000,d__Bacteria;p__Bacillota_A;c__Clostridia;o__Lachnospirales;f__Lachnospiraceae;g__Blautia_A;s__Blautia_A caecimuris
300000,0.00043801695125601363,0.11149032992036405,0.00042925661223089335,0.00014563894523326573,1.2210884353741496,1.0,1.047558307277056,/tmp/nxf.XXXXsWkdqt/sourmash_database/gtdb-rs214-reps.k51.zip,"GCA_900545725.1 uncultured Eubacterium sp., UMGS809",03370701ed5b2abff81c28ccd3c1e410,0.11376564277588168,294000,238,58426000,ERR688634_2.fastq.gz,ERR688634,cf7fcffb,684905000,51,DNA,1000,684905,True,0.8593040936639318,0.9582755649309296,0.9087898292974307,0.9582755649309296,False,359,1223487,2465000,d__Bacteria;p__Bacillota_A;c__Clostridia;o__Lachnospirales;f__Lachnospiraceae;g__Lachnospira;s__Lachnospira sp900545725
345000,0.0005037194939444157,0.07444922765257027,0.00042925661223089335,0.00014888438133874238,1.248299319727891,1.0,1.7289788477554986,/tmp/nxf.XXXXsWkdqt/sourmash_database/gtdb-rs214-reps.k51.zip,"GCF_014337215.1 Wansuia hejianensis strain=NSJ-29, ASM1433721v1",79351de4bdbc3104225067f8ba632406,0.08736388959230185,294000,239,58132000,ERR688634_2.fastq.gz,ERR688634,cf7fcffb,684905000,51,DNA,1000,684905,True,0.8616621862081386,0.9533268023008005,0.9074944942544696,0.9533268023008005,False,367,1223854,2465000,d__Bacteria;p__Bacillota_A;c__Clostridia;o__Lachnospirales;f__Lachnospiraceae;g__Scatomonas;s__Scatomonas hejianensis
468000,0.0006833064439593813,0.13906027527289985,0.0004277965557267066,0.00016957403651115619,1.4266211604095562,1.0,0.8853613345171785,/tmp/nxf.XXXXsWkdqt/sourmash_database/gtdb-rs214-reps.k51.zip,"GCA_010604095.1 Streptococcus vestibularis strain=AS012761, ASM1060409v1",2254b902e029230a7db2f4bc7d5fe8ee,0.22211675367821548,293000,240,57839000,ERR688634_2.fastq.gz,ERR688634,cf7fcffb,684905000,51,DNA,1000,684905,True,0.8668294096587879,0.9709298854286558,0.9188796475437218,0.9709298854286558,False,418,1224272,2465000,d__Bacteria;p__Bacillota;c__Bacilli;o__Lactobacillales;f__Streptococcaceae;g__Streptococcus;s__Streptococcus sp000187445
598000,0.0008731137895036538,0.15197095435684646,0.0004277965557267066,0.0001744421906693712,1.4675767918088738,1.0,0.7727040846694113,/tmp/nxf.XXXXsWkdqt/sourmash_database/gtdb-rs214-reps.k51.zip,"GCA_915066865.1 uncultured Veillonella sp., SRR1044034_bin.2_metaWRAP_v1.1_MAG",663bf18a7293452400a08297b32a77ae,0.31016597510373445,293000,241,57546000,ERR688634_2.fastq.gz,ERR688634,cf7fcffb,684905000,51,DNA,1000,684905,True,0.8710056997925554,0.9773075592010768,0.9241566294968161,0.9773075592010768,False,430,1224702,2465000,d__Bacteria;p__Bacillota_C;c__Negativicutes;o__Veillonellales;f__Veillonellaceae;g__Veillonella;s__Veillonella sp915066865
800000,0.0011680452033493696,0.11351990540007884,0.0004204962732057731,0.001505476673427992,12.885416666666666,12.0,7.453843795411123,/tmp/nxf.XXXXsWkdqt/sourmash_database/gtdb-rs214-reps.k51.zip,"GCA_900317585.1 uncultured Lachnospiraceae bacterium, Rumen uncultured genome RUG297",0518589c52670bbacf4727691dbe3dd7,0.31533307055577453,288000,242,57258000,ERR688634_2.fastq.gz,ERR688634,cf7fcffb,684905000,51,DNA,1000,684905,True,0.8759901218074425,0.9776242176922721,0.9268071697498573,0.9776242176922721,False,3711,1228413,2465000,d__Bacteria;p__Bacillota_A;c__Clostridia;o__Lachnospirales;f__Lachnospiraceae;g__Agathobacter;s__Agathobacter sp900317585
322000,0.00047013819434812125,0.1026287360460929,0.00041611610369321294,0.00012657200811359026,1.0947368421052632,1.0,0.3476341354807252,/tmp/nxf.XXXXsWkdqt/sourmash_database/gtdb-rs214-reps.k51.zip,"GCA_900540255.1 uncultured Clostridium sp., UMGS222",9e390004994925f761f09104f5356027,0.11595246669067338,285000,243,56973000,ERR688634_2.fastq.gz,ERR688634,cf7fcffb,684905000,51,DNA,1000,684905,True,0.8604973164911827,0.9586333836068317,0.9095653500490072,0.9586333836068317,False,312,1228725,2465000,d__Bacteria;p__Bacillota_A;c__Clostridia;o__Clostridiales;f__Clostridiaceae;g__Clostridium;s__Clostridium sp900540255
389000,0.000567961980128631,0.09227748691099476,0.0004117359341806528,0.0001926977687626775,1.6843971631205674,1.0,2.4803564056399323,/tmp/nxf.XXXXsWkdqt/sourmash_database/gtdb-rs214-reps.k51.zip,"GCF_001244995.1 Intestinimonas massiliensis strain=GD2, Intestinimonas massiliensis",28e4f470ebd97e14ad1addd5f21664e4,0.12729057591623036,282000,244,56691000,ERR688634_2.fastq.gz,ERR688634,cf7fcffb,684905000,51,DNA,1000,684905,True,0.8636926052289433,0.9603885758221853,0.9120405905255643,0.9603885758221853,False,475,1229200,2465000,d__Bacteria;p__Bacillota_A;c__Clostridia;o__Oscillospirales;f__Oscillospiraceae;g__Intestinimonas;s__Intestinimonas massiliensis
907000,0.0013242712492973479,0.10405904059040591,0.0004117359341806528,0.0002438133874239351,2.131205673758865,1.0,3.3006260904416265,/tmp/nxf.XXXXsWkdqt/sourmash_database/gtdb-rs214-reps.k51.zip,"GCF_003464165.1 Eubacterium sp. AM49-13BH strain=AM49-13BH, ASM346416v1",da82fc00386d73af7dc3628b35cb8147,0.33468634686346865,282000,245,56409000,ERR688634_2.fastq.gz,ERR688634,cf7fcffb,684905000,51,DNA,1000,684905,True,0.8781489279939448,0.9787666801872216,0.9284578040905832,0.9787666801872216,False,601,1229801,2465000,d__Bacteria;p__Bacillota_A;c__Clostridia;o__Lachnospirales;f__Lachnospiraceae;g__Lachnospira;s__Lachnospira sp003451515
287000,0.0004190362167015863,0.14035087719298245,0.00040881582117227935,0.00014888438133874238,1.3107142857142857,1.0,0.603465755753669,/tmp/nxf.XXXXsWkdqt/sourmash_database/gtdb-rs214-reps.k51.zip,"GCA_900543625.1 uncultured Clostridiales bacterium, UMGS596",230628a283f5731e4baeb5b079cd6331,0.14385964912280702,280000,246,56129000,ERR688634_2.fastq.gz,ERR688634,cf7fcffb,684905000,51,DNA,1000,684905,True,0.8585579982655391,0.9626956289469225,0.9106268136062308,0.9626956289469225,False,367,1230168,2465000,d__Bacteria;p__Bacillota_A;c__Clostridia;o__Oscillospirales;f__Oscillospiraceae;g__CAG-103;s__CAG-103 sp900543625
365000,0.0005329206240281499,0.04940962761126249,0.0003971353691387857,0.00013711967545638944,1.2426470588235294,1.0,1.8108996932359172,/tmp/nxf.XXXXsWkdqt/sourmash_database/gtdb-rs214-reps.k51.zip,"GCA_000613465.1 Bacteroides nordii WAL 11050 = JCM 12987 strain=JCM 12987, ASM61346v1",2622449679f676b2a7b48fe066bdf236,0.06630336058128973,272000,247,55857000,ERR688634_2.fastq.gz,ERR688634,cf7fcffb,684905000,51,DNA,1000,684905,True,0.8626148142720437,0.9481845046542192,0.9053996594631315,0.9481845046542192,False,338,1230506,2465000,d__Bacteria;p__Bacteroidota;c__Bacteroidia;o__Bacteroidales;f__Bacteroidaceae;g__Bacteroides;s__Bacteroides nordii
718000,0.0010483205700060592,0.13577154308617234,0.00039567531263459894,0.0014202839756592292,12.918819188191883,14.0,9.212179893178448,/tmp/nxf.XXXXsWkdqt/sourmash_database/gtdb-rs214-reps.k51.zip,"GCA_900758845.1 uncultured Collinsella sp., ERS608556_39",f212b108aee84b9dd2a9584c6a45529b,0.35971943887775554,271000,248,55586000,ERR688634_2.fastq.gz,ERR688634,cf7fcffb,684905000,51,DNA,1000,684905,True,0.874134610087376,0.9801519537727589,0.9271432819300675,0.9801519537727589,False,3501,1234007,2465000,d__Bacteria;p__Actinomycetota;c__Coriobacteriia;o__Coriobacteriales;f__Coriobacteriaceae;g__Collinsella;s__Collinsella sp900758845
531000,0.0007752900037231441,0.10185535781900795,0.00039275519962622555,0.000149290060851927,1.3680297397769516,1.0,0.9456711307803479,/tmp/nxf.XXXXsWkdqt/sourmash_database/gtdb-rs214-reps.k51.zip,"GCF_014287815.1 Clostridium sp. NSJ-42 strain=NSJ-42, ASM1428781v1",4cfb116aa26e3a8a0530598916e724e4,0.20106020446800454,269000,249,55317000,ERR688634_2.fastq.gz,ERR688634,cf7fcffb,684905000,51,DNA,1000,684905,True,0.8689786405713744,0.9690355901350638,0.9190071153532191,0.9690355901350638,False,368,1234375,2465000,d__Bacteria;p__Bacillota_A;c__Clostridia;o__Clostridiales;f__Clostridiaceae;g__Clostridium;s__Clostridium sp001916075
329000,0.00048035858987742827,0.1168141592920354,0.00038545491710529196,0.00011440162271805273,1.0681818181818181,1.0,0.2805077057814184,/tmp/nxf.XXXXsWkdqt/sourmash_database/gtdb-rs214-reps.k51.zip,"GCF_014385065.1 Mogibacterium sp. NSJ-24 strain=NSJ-24, ASM1438506v1",1d3462618c5f32e7e52ba9ca3bbf1b99,0.14557522123893804,264000,250,55053000,ERR688634_2.fastq.gz,ERR688634,cf7fcffb,684905000,51,DNA,1000,684905,True,0.8608602563801263,0.9629194301969733,0.9118898432885498,0.9629194301969733,False,282,1234657,2465000,d__Bacteria;p__Bacillota_A;c__Clostridia;o__Peptostreptococcales;f__Anaerovoracaceae;g__Lentihominibacter;s__Lentihominibacter hominis
262000,0.0003825348040969186,0.10392701309004364,0.0003825348040969186,0.00011440162271805273,1.0763358778625953,1.0,0.2655347653576502,/tmp/nxf.XXXXsWkdqt/sourmash_database/gtdb-rs214-reps.k51.zip,"GCA_019422005.1 Clostridiales bacterium, ASM1942200v1",7136f38d68ac980a82d5fd0a7d070c42,0.10392701309004364,262000,251,54791000,ERR688634_2.fastq.gz,ERR688634,cf7fcffb,684905000,51,DNA,1000,684905,True,0.857025113187966,0.9565775091185975,0.9068013111532818,0.9565775091185975,False,282,1234939,2465000,d__Bacteria;p__Bacillota_A;c__Clostridia;o__Oscillospirales;f__Oscillospiraceae;g__Avoscillospira_A;s__Avoscillospira_A sp019422005
704000,0.0010278797789474452,0.056044663946746835,0.0003810747475927318,0.0003172413793103448,2.996168582375479,1.0,4.721758621247714,/tmp/nxf.XXXXsWkdqt/sourmash_database/gtdb-rs214-reps.k51.zip,"GCF_003460605.1 Ruminococcus sp. AF31-8BH strain=AF31-8BH, ASM346060v1",dfa72f929418f30ec9c2e12209ca3076,0.1511702812969723,261000,252,54530000,ERR688634_2.fastq.gz,ERR688634,cf7fcffb,684905000,51,DNA,1000,684905,True,0.8737971699268839,0.9636317621679538,0.9187144660474189,0.9636317621679538,False,782,1235721,2465000,d__Bacteria;p__Bacillota_A;c__Clostridia;o__Lachnospirales;f__Lachnospiraceae;g__Blautia_A;s__Blautia_A sp900066145
499000,0.0007285681955891693,0.08017267961763799,0.00037961469108854513,0.00020324543610547666,1.926923076923077,1.0,3.3681834515527225,/tmp/nxf.XXXXsWkdqt/sourmash_database/gtdb-rs214-reps.k51.zip,"GCF_003024715.1 Lachnoclostridium sp. SNUG30386 strain=SNUG30386, ASM302471v1",f96d0bd7faefddb572480835d902e5a6,0.15386987357385137,260000,253,54270000,ERR688634_2.fastq.gz,ERR688634,cf7fcffb,684905000,51,DNA,1000,684905,True,0.8679202234829855,0.9639662642269655,0.9159432438549755,0.9639662642269655,False,501,1236222,2465000,d__Bacteria;p__Bacillota_A;c__Clostridia;o__Lachnospirales;f__Lachnospiraceae;g__Clostridium_Q;s__Clostridium_Q fessum
375000,0.000547521189070017,0.09806157354618016,0.0003766945780801717,0.00014442190669371196,1.37984496124031,1.0,1.9929869229846418,/tmp/nxf.XXXXsWkdqt/sourmash_database/gtdb-rs214-reps.k51.zip,"GCA_014385085.1 Oscillospiraceae bacterium NSJ-64 strain=NSJ-64, ASM1438508v1",5c5c3fcbb4d60fd3aaf319839cacc8bc,0.14253135689851767,258000,254,54012000,ERR688634_2.fastq.gz,ERR688634,cf7fcffb,684905000,51,DNA,1000,684905,True,0.8630720988321091,0.9625205448527295,0.9127963218424193,0.9625205448527295,False,356,1236578,2465000,d__Bacteria;p__Bacillota_A;c__Clostridia;o__Oscillospirales;f__Ruminococcaceae;g__Anaerotruncus;s__Anaerotruncus sp014385085
288000,0.0004204962732057731,0.08591408591408592,0.0003766945780801717,0.00013752535496957405,1.313953488372093,1.0,0.6976421181153353,/tmp/nxf.XXXXsWkdqt/sourmash_database/gtdb-rs214-reps.k51.zip,"GCA_934394595.1 uncultured Blautia sp., ERR7738591_bin.232",369ee80897969139234ac0dbe768531c,0.0959040959040959,258000,255,53754000,ERR688634_2.fastq.gz,ERR688634,cf7fcffb,684905000,51,DNA,1000,684905,True,0.8586165550015611,0.9550718013915335,0.9068441781965473,0.9550718013915335,False,339,1236917,2465000,d__Bacteria;p__Bacillota_A;c__Clostridia;o__Lachnospirales;f__Lachnospiraceae;g__Blautia_A;s__Blautia_A sp934394595
261000,0.0003810747475927318,0.08054948485794568,0.0003766945780801717,0.00011480730223123732,1.0968992248062015,1.0,0.3086449465367202,/tmp/nxf.XXXXsWkdqt/sourmash_database/gtdb-rs214-reps.k51.zip,"GCF_000013285.1 Clostridium perfringens ATCC 13124 strain=ATCC 13124, ASM1328v1",328fbcebb6767cef03080972c4e6c94e,0.08148610677489854,258000,256,53496000,ERR688634_2.fastq.gz,ERR688634,cf7fcffb,684905000,51,DNA,1000,684905,True,0.8569608538974843,0.9520257549619757,0.9044933044297301,0.9520257549619757,False,283,1237200,2465000,d__Bacteria;p__Bacillota_A;c__Clostridia;o__Clostridiales;f__Clostridiaceae;g__Sarcina;s__Sarcina perfringens
275000,0.0004015155386513458,0.06994535519125683,0.0003737744650717983,0.0001156186612576065,1.11328125,1.0,0.3629030289187974,/tmp/nxf.XXXXsWkdqt/sourmash_database/gtdb-rs214-reps.k51.zip,"GCA_900546265.1 uncultured Ruminococcaceae bacterium, UMGS856",335803e2c199c0eab984f2e9ae1369b0,0.07513661202185792,256000,257,53240000,ERR688634_2.fastq.gz,ERR688634,cf7fcffb,684905000,51,DNA,1000,684905,True,0.8578392802011225,0.9505125921770881,0.9041759361891053,0.9505125921770881,False,285,1237485,2465000,d__Bacteria;p__Bacillota_A;c__Clostridia;o__Oscillospirales;f__Acutalibacteraceae;g__UMGS856;s__UMGS856 sp900546265
526000,0.0007679897212022105,0.09055397727272728,0.00037231440856761155,0.00016105476673427993,1.5568627450980392,1.0,0.8139120976676286,/tmp/nxf.XXXXsWkdqt/sourmash_database/gtdb-rs214-reps.k51.zip,"GCF_000478885.1 Adlercreutzia equolifaciens DSM 19450 strain=DSM 19450, ASM47888v1",55116c7145cfee625af89ea26d55a509,0.18678977272727273,255000,258,52985000,ERR688634_2.fastq.gz,ERR688634,cf7fcffb,684905000,51,DNA,1000,684905,True,0.8688174547279442,0.9676377562613108,0.9182276054946275,0.9676377562613108,False,397,1237882,2465000,d__Bacteria;p__Actinomycetota;c__Coriobacteriia;o__Coriobacteriales;f__Eggerthellaceae;g__Adlercreutzia;s__Adlercreutzia equolifaciens
261000,0.0003810747475927318,0.07077435470441298,0.00037231440856761155,0.0001569979716024341,1.5176470588235293,1.0,1.2266175207044747,/tmp/nxf.XXXXsWkdqt/sourmash_database/gtdb-rs214-reps.k51.zip,"GCF_900199545.1 Raoultibacter massiliensis strain=Marseille-P2849, PRJEB21863",74c79c41293450d47edd9629ba32dfc9,0.07243963363863447,255000,259,52730000,ERR688634_2.fastq.gz,ERR688634,cf7fcffb,684905000,51,DNA,1000,684905,True,0.8569608538974843,0.9498315540496403,0.9033962039735624,0.9498315540496403,False,387,1238269,2465000,d__Bacteria;p__Actinomycetota;c__Coriobacteriia;o__Coriobacteriales;f__Eggerthellaceae;g__Raoultibacter;s__Raoultibacter massiliensis
365000,0.0005329206240281499,0.079375,0.00037085435206342485,0.000149290060851927,1.4488188976377954,1.0,1.445648705529929,/tmp/nxf.XXXXsWkdqt/sourmash_database/gtdb-rs214-reps.k51.zip,"GCA_900545925.1 uncultured Clostridiales bacterium, UMGS830",4b857dddb16cfeb2fb707c915e51ee8b,0.1140625,254000,260,52476000,ERR688634_2.fastq.gz,ERR688634,cf7fcffb,684905000,51,DNA,1000,684905,True,0.8626148142720437,0.9583245317426448,0.9104696730073443,0.9583245317426448,False,368,1238637,2465000,d__Bacteria;p__Bacillota_A;c__Clostridia;o__Oscillospirales;f__Oscillospiraceae;g__CAG-170;s__CAG-170 sp900545925
251000,0.0003664741825508647,0.13905817174515236,0.0003664741825508647,0.0004036511156186613,3.9641434262948207,1.0,13.125304366167226,/tmp/nxf.XXXXsWkdqt/sourmash_database/gtdb-rs214-reps.k51.zip,"GCA_003150615.1 Flavobacteriales bacterium, ASM315061v1",88ad0d739675dc8e2891e2cd9f0092e5,0.13905817174515236,251000,261,52225000,ERR688634_2.fastq.gz,ERR688634,cf7fcffb,684905000,51,DNA,1000,684905,True,0.8563046485813308,0.9620550678236663,0.9091798582024986,0.9620550678236663,False,995,1239632,2465000,d__Bacteria;p__Bacteroidota;c__Bacteroidia;o__Flavobacteriales;f__UBA1820;g__Merdimorpha;s__Merdimorpha sp003150615
274000,0.0004000554821471591,0.12977498691784406,0.0003620940130383046,0.00013022312373225153,1.2943548387096775,1.0,0.652266818964255,/tmp/nxf.XXXXsWkdqt/sourmash_database/gtdb-rs214-reps.k51.zip,"GCA_900757655.1 uncultured Oscillospiraceae bacterium, ERS537352_6",62739ed4db725e749ac6c8b8c0265374,0.1433804290947148,248000,262,51977000,ERR688634_2.fastq.gz,ERR688634,cf7fcffb,684905000,51,DNA,1000,684905,True,0.8577780058990848,0.962632645715414,0.9102053258072493,0.962632645715414,False,321,1239953,2465000,d__Bacteria;p__Bacillota_A;c__Clostridia;o__Oscillospirales;f__Oscillospiraceae;g__CAG-103;s__CAG-103 sp900757655
247000,0.0003606339565341179,0.10938194753223655,0.0003591739000299312,0.00010831643002028397,1.0853658536585367,1.0,0.2936130208088512,/tmp/nxf.XXXXsWkdqt/sourmash_database/gtdb-rs214-reps.k51.zip,"GCA_904419745.1 Candidatus Pseudoruminococcus merdavium, Chicken_3_mag_121",21eadba0084ede38ef746c293115777c,0.10982658959537572,246000,263,51731000,ERR688634_2.fastq.gz,ERR688634,cf7fcffb,684905000,51,DNA,1000,684905,True,0.856034961767955,0.9576136833817128,0.9068243225748339,0.9576136833817128,False,267,1240220,2465000,d__Bacteria;p__Bacillota_A;c__Clostridia;o__Oscillospirales;f__Ruminococcaceae;g__Pseudoruminococcus_B;s__Pseudoruminococcus_B merdavium
280000,0.00040881582117227935,0.11177278973889143,0.00035625378702155774,0.00014198782961460447,1.4344262295081966,1.0,0.8869519080428574,/tmp/nxf.XXXXsWkdqt/sourmash_database/gtdb-rs214-reps.k51.zip,"GCA_004557245.1 Clostridiales bacterium, ASM455724v1",c14e8f5126ad7f69729020601ba87661,0.1282638570774164,244000,264,51487000,ERR688634_2.fastq.gz,ERR688634,cf7fcffb,684905000,51,DNA,1000,684905,True,0.8581424118211085,0.9605320243961586,0.9093372181086335,0.9605320243961586,False,350,1240570,2465000,d__Bacteria;p__Bacillota_A;c__Clostridia;o__Christensenellales;f__CAG-138;g__SFEL01;s__SFEL01 sp004557245
1094000,0.001597301815580263,0.11450381679389313,0.0003504135610048109,0.0003359026369168357,3.45,3.0,2.7290108097990378,/tmp/nxf.XXXXsWkdqt/sourmash_database/gtdb-rs214-reps.k51.zip,"GCA_019423795.1 Clostridiales bacterium, ASM1942379v1",9d815b2ed0b1a060cf10e8f16abcf956,0.5219465648854962,240000,265,51247000,ERR688634_2.fastq.gz,ERR688634,cf7fcffb,684905000,51,DNA,1000,684905,True,0.8813825556554556,0.9873320972603118,0.9343573264578837,0.9873320972603118,False,828,1241398,2465000,d__Bacteria;p__Bacillota_A;c__Clostridia;o__Lachnospirales;f__Lachnospiraceae;g__Anaerostipes;s__Anaerostipes sp019423795
636000,0.0009285959366627488,0.07465007776049767,0.0003504135610048109,0.0011290060851926978,11.595833333333333,12.0,8.736846263892303,/tmp/nxf.XXXXsWkdqt/sourmash_database/gtdb-rs214-reps.k51.zip,"GCA_934309345.1 uncultured Mediterraneibacter sp., ERR7738595_bin.190",136dc434e251d95d4ae62e9116676515,0.19782270606531882,240000,266,51007000,ERR688634_2.fastq.gz,ERR688634,cf7fcffb,684905000,51,DNA,1000,684905,True,0.8720585071882283,0.9687271974265016,0.920392852307365,0.9687271974265016,False,2783,1244181,2465000,d__Bacteria;p__Bacillota_A;c__Clostridia;o__Lachnospirales;f__Lachnospiraceae;g__Mediterraneibacter;s__Mediterraneibacter sp934309345
391000,0.0005708820931370044,0.11359315589353612,0.00034895350450062416,0.00013468559837728194,1.389121338912134,1.0,0.8048277850071692,/tmp/nxf.XXXXsWkdqt/sourmash_database/gtdb-rs214-reps.k51.zip,"GCF_000164675.2 Streptococcus parasanguinis ATCC 15912 strain=ATCC 15912, ASM16467v2",1398f0941c34c78561db27a0344d2657,0.18583650190114068,239000,267,50768000,ERR688634_2.fastq.gz,ERR688634,cf7fcffb,684905000,51,DNA,1000,684905,True,0.8637794567043742,0.9675406841187518,0.9156600704115629,0.9675406841187518,False,332,1244513,2465000,d__Bacteria;p__Bacillota;c__Bacilli;o__Lactobacillales;f__Streptococcaceae;g__Streptococcus;s__Streptococcus parasanguinis
244000,0.00035625378702155774,0.08847583643122676,0.00034749344799643746,0.00011480730223123732,1.1890756302521008,1.0,0.816046002571962,/tmp/nxf.XXXXsWkdqt/sourmash_database/gtdb-rs214-reps.k51.zip,"GCA_900553265.1 uncultured Clostridiales bacterium, UMGS1603",4239d4948a2dfc7f256d16eefe37ab60,0.09070631970260223,238000,268,50530000,ERR688634_2.fastq.gz,ERR688634,cf7fcffb,684905000,51,DNA,1000,684905,True,0.8558298717801515,0.9540288773983263,0.9049293745892388,0.9540288773983263,False,283,1244796,2465000,d__Bacteria;p__Bacillota_A;c__Clostridia;o__Christensenellales;f__CAG-74;g__Faecivicinus;s__Faecivicinus sp900553265
270000,0.00039421525613041224,0.08380681818181818,0.000344573334988064,0.00010953346855983772,1.1440677966101696,1.0,0.7104000273039482,/tmp/nxf.XXXXsWkdqt/sourmash_database/gtdb-rs214-reps.k51.zip,"GCA_900544295.1 uncultured Clostridiales bacterium, UMGS658",e2d7220049ba5951ceac0426a574bc97,0.09588068181818182,236000,269,50294000,ERR688634_2.fastq.gz,ERR688634,cf7fcffb,684905000,51,DNA,1000,684905,True,0.8575306962675348,0.9550672288476852,0.90629896255761,0.9550672288476852,False,270,1245066,2465000,d__Bacteria;p__Bacillota_A;c__Clostridia;o__Oscillospirales;f__Oscillospiraceae;g__Scatomorpha;s__Scatomorpha intestinigallinarum
250000,0.000365014126046678,0.07514450867052024,0.00034165322197969063,0.0001050709939148073,1.106837606837607,1.0,0.4728937098418079,/tmp/nxf.XXXXsWkdqt/sourmash_database/gtdb-rs214-reps.k51.zip,"GCF_014287795.1 Christensenella sp. NSJ-35 strain=NSJ-35, ASM1428779v1",dae30bb4b2f3f80c54b81be0d1ae2803,0.08028259473346179,234000,270,50060000,ERR688634_2.fastq.gz,ERR688634,cf7fcffb,684905000,51,DNA,1000,684905,True,0.8562376240208042,0.95174803370826,0.903992828864532,0.95174803370826,False,259,1245325,2465000,d__Bacteria;p__Bacillota_A;c__Clostridia;o__Christensenellales;f__Christensenellaceae;g__Christensenella;s__Christensenella sp014287795
233000,0.0003401931654755039,0.12146596858638743,0.0003387331089713172,0.0001152129817444219,1.2241379310344827,1.0,0.47499921772261766,/tmp/nxf.XXXXsWkdqt/sourmash_database/gtdb-rs214-reps.k51.zip,"GCA_944388335.1 uncultured Pygmaiobacter sp., E0_RM__bin206",8f177506abb7c0bcf377fcc08401ef0b,0.12198952879581151,232000,271,49828000,ERR688634_2.fastq.gz,ERR688634,cf7fcffb,684905000,51,DNA,1000,684905,True,0.855056119085743,0.9595878843055855,0.9073220016956642,0.9595878843055855,False,284,1245609,2465000,d__Bacteria;p__Bacillota_A;c__Clostridia;o__Oscillospirales;f__Ruminococcaceae;g__Pygmaiobacter;s__Pygmaiobacter sp944388335
354000,0.0005168600024820961,0.07116336633663366,0.00033581299596294374,0.00010709939148073022,1.1478260869565218,1.0,0.8520408059310561,/tmp/nxf.XXXXsWkdqt/sourmash_database/gtdb-rs214-reps.k51.zip,"GCF_018408705.1 Oscillibacter sp. MM59 strain=MM59, ASM1840870v1",908eb3d8cd17152b5b4b71096e30a1b2,0.10952970297029703,230000,272,49598000,ERR688634_2.fastq.gz,ERR688634,cf7fcffb,684905000,51,DNA,1000,684905,True,0.8620973931778094,0.9575628581417199,0.9098301256597647,0.9575628581417199,False,264,1245873,2465000,d__Bacteria;p__Bacillota_A;c__Clostridia;o__Oscillospirales;f__Oscillospiraceae;g__Dysosmobacter;s__Dysosmobacter faecalis
455000,0.000664325709404954,0.06533523537803139,0.00033435293945875704,0.00034766734279918863,3.7423580786026203,2.0,5.91268310614573,/tmp/nxf.XXXXsWkdqt/sourmash_database/gtdb-rs214-reps.k51.zip,"GCA_022728415.1 Collinsella sp., ASM2272841v1",f6aa1a5c3b6ba84a8235617fbaa0eb23,0.12981455064194009,229000,273,49369000,ERR688634_2.fastq.gz,ERR688634,cf7fcffb,684905000,51,DNA,1000,684905,True,0.8663507311953791,0.9607583857993989,0.913554558497389,0.9607583857993989,False,857,1246730,2465000,d__Bacteria;p__Actinomycetota;c__Coriobacteriia;o__Coriobacteriales;f__Coriobacteriaceae;g__Collinsella;s__Collinsella sp022728415
844000,0.001232287689533585,0.0607190412782956,0.00033289288295457035,0.0002705882352941176,2.925438596491228,1.0,4.003141560261486,/tmp/nxf.XXXXsWkdqt/sourmash_database/gtdb-rs214-reps.k51.zip,"GCF_009707925.1 Blautia luti DSM 14534 strain=DSM 14534, ASM970792v1",1c6c4b2fe1822c673ff6fbdc03a3eda3,0.2247669773635153,228000,274,49141000,ERR688634_2.fastq.gz,ERR688634,cf7fcffb,684905000,51,DNA,1000,684905,True,0.8769102357375576,0.9711557204388473,0.9240329780882024,0.9711557204388473,False,667,1247397,2465000,d__Bacteria;p__Bacillota_A;c__Clostridia;o__Lachnospirales;f__Lachnospiraceae;g__Blautia_A;s__Blautia_A luti
227000,0.00033143282645038365,0.11193293885601578,0.00033143282645038365,0.00010425963488843813,1.13215859030837,1.0,0.3756652970101823,/tmp/nxf.XXXXsWkdqt/sourmash_database/gtdb-rs214-reps.k51.zip,"GCA_905210055.1 uncultured Enorma sp., ERR260137-mag-bin.8",08c56578e9fc0befa840a566a6b3ccab,0.11193293885601578,227000,275,48914000,ERR688634_2.fastq.gz,ERR688634,cf7fcffb,684905000,51,DNA,1000,684905,True,0.8546188372734753,0.9579704565685477,0.9062946469210116,0.9579704565685477,False,257,1247654,2465000,d__Bacteria;p__Actinomycetota;c__Coriobacteriia;o__Coriobacteriales;f__Coriobacteriaceae;g__Enorma;s__Enorma sp900751795
2184000,0.003188763405143779,0.05663226780770199,0.0003285127134420102,0.000245841784989858,2.6933333333333334,2.0,6.360237591648778,/tmp/nxf.XXXXsWkdqt/sourmash_database/gtdb-rs214-reps.k51.zip,"GCA_900760795.1 Bacteroidaceae bacterium, SRS021948_34",d1db19c7390bdd0d48d0186cf7ff78fb,0.5497105461867606,225000,276,48689000,ERR688634_2.fastq.gz,ERR688634,cf7fcffb,684905000,51,DNA,1000,684905,True,0.8934112514565496,0.9883359426954861,0.9408735970760178,0.9883359426954861,False,606,1248260,2465000,d__Bacteria;p__Bacteroidota;c__Bacteroidia;o__Bacteroidales;f__Bacteroidaceae;g__Phocaeicola;s__Phocaeicola sp900760795
276000,0.0004029755951555325,0.08964143426294821,0.0003285127134420102,0.00011156186612576066,1.2222222222222223,1.0,0.6214280646270917,/tmp/nxf.XXXXsWkdqt/sourmash_database/gtdb-rs214-reps.k51.zip,"GCF_000154465.1 Alistipes putredinis DSM 17216 strain=DSM 17216, ASM15446v1",2f08d0845365d89ec7bf59fbef01de57,0.1099601593625498,225000,277,48464000,ERR688634_2.fastq.gz,ERR688634,cf7fcffb,684905000,51,DNA,1000,684905,True,0.8579003364446616,0.9576365058207224,0.907768421132692,0.9576365058207224,False,275,1248535,2465000,d__Bacteria;p__Bacteroidota;c__Bacteroidia;o__Bacteroidales;f__Rikenellaceae;g__Alistipes;s__Alistipes putredinis
234000,0.00034165322197969063,0.11629125196437926,0.00032413254392945007,0.00011440162271805273,1.2702702702702702,1.0,0.9580944483708409,/tmp/nxf.XXXXsWkdqt/sourmash_database/gtdb-rs214-reps.k51.zip,"GCA_003516765.1 Clostridiales bacterium, ASM351676v1",2eb569fd86cdb05000de54abff489a30,0.12257726558407543,222000,278,48242000,ERR688634_2.fastq.gz,ERR688634,cf7fcffb,684905000,51,DNA,1000,684905,True,0.8551279243784482,0.959678322370333,0.9074031233743907,0.959678322370333,False,282,1248817,2465000,d__Bacteria;p__Bacillota_A;c__Clostridia;o__Oscillospirales;f__Oscillospiraceae;g__CAG-170;s__CAG-170 sp003516765
1068000,0.0015593403464714084,0.045121951219512194,0.00032413254392945007,0.0002892494929006085,3.2117117117117115,3.0,2.2750601908179964,/tmp/nxf.XXXXsWkdqt/sourmash_database/gtdb-rs214-reps.k51.zip,"GCF_000614125.1 Bacteroides rodentium JCM 16496 strain=JCM 16496, ASM61412v1",d114cb268bdc0e58bd5266fb76f6ef04,0.21707317073170732,222000,279,48020000,ERR688634_2.fastq.gz,ERR688634,cf7fcffb,684905000,51,DNA,1000,684905,True,0.8809669700871826,0.9704927099560308,0.9257298400216067,0.9704927099560308,False,713,1249530,2465000,d__Bacteria;p__Bacteroidota;c__Bacteroidia;o__Bacteroidales;f__Bacteroidaceae;g__Bacteroides;s__Bacteroides rodentium
576000,0.0008409925464115462,0.06411007025761124,0.00031975237441688993,0.0004077079107505071,4.589041095890411,1.0,8.505441099922285,/tmp/nxf.XXXXsWkdqt/sourmash_database/gtdb-rs214-reps.k51.zip,"GCF_900209925.1 Anaerobutyricum hallii, EH1",84b0ba7d93d1acab2a2022439c432f48,0.1686182669789227,219000,280,47801000,ERR688634_2.fastq.gz,ERR688634,cf7fcffb,684905000,51,DNA,1000,684905,True,0.8703657783556101,0.9656978557367262,0.9180318170461681,0.9656978557367262,False,1005,1250535,2465000,d__Bacteria;p__Bacillota_A;c__Clostridia;o__Lachnospirales;f__Lachnospiraceae;g__Anaerobutyricum;s__Anaerobutyricum soehngenii
216000,0.0003153722049043298,0.16538461538461538,0.0003139121484001431,0.00010101419878296146,1.158139534883721,1.0,0.4127235451437956,/tmp/nxf.XXXXsWkdqt/sourmash_database/gtdb-rs214-reps.k51.zip,"GCA_003343815.1 Clostridiales bacterium, ASM334381v1",8c3ba98c575d2c5de75530b4e4f58883,0.16615384615384615,215000,281,47586000,ERR688634_2.fastq.gz,ERR688634,cf7fcffb,684905000,51,DNA,1000,684905,True,0.8537868837867708,0.965419107684551,0.9096029957356608,0.965419107684551,False,249,1250784,2465000,d__Bacteria;p__Bacillota_B;c__Peptococcia;o__Peptococcales;f__Peptococcaceae;g__QAKL01;s__QAKL01 sp003343815
215000,0.0003139121484001431,0.08695652173913043,0.00031245209189595635,9.614604462474645e-05,1.1074766355140186,1.0,0.38987199782460097,/tmp/nxf.XXXXsWkdqt/sourmash_database/gtdb-rs214-reps.k51.zip,"GCA_944325245.1 uncultured Massilimicrobiota sp., BRZ_IC__bin65",ba596330186e3894c6dfe6f7e544eb42,0.08736286062576189,214000,282,47372000,ERR688634_2.fastq.gz,ERR688634,cf7fcffb,684905000,51,DNA,1000,684905,True,0.853709203101193,0.953326582138261,0.903517892619727,0.953326582138261,False,237,1251021,2465000,d__Bacteria;p__Bacillota;c__Bacilli;o__Erysipelotrichales;f__Coprobacillaceae;g__Massilimicrobiota;s__Massilimicrobiota sp944325245
789000,0.0011519845818033158,0.051992225461613216,0.00031245209189595635,0.00040405679513184586,4.654205607476635,3.0,4.823235823406612,/tmp/nxf.XXXXsWkdqt/sourmash_database/gtdb-rs214-reps.k51.zip,"GCF_020537505.1 Blautia glucerasea strain=MSK.18.94, ASM2053750v1",f4a7932164d9b299148332fdd7fc752b,0.19169096209912537,214000,283,47158000,ERR688634_2.fastq.gz,ERR688634,cf7fcffb,684905000,51,DNA,1000,684905,True,0.8757523415436816,0.9681293030832163,0.921940822313449,0.9681293030832163,False,996,1252017,2465000,d__Bacteria;p__Bacillota_A;c__Clostridia;o__Lachnospirales;f__Lachnospiraceae;g__Blautia_A;s__Blautia_A sp905206915
303000,0.00044239712076857377,0.07479902132121635,0.00031245209189595635,0.00010547667342799188,1.2149532710280373,1.0,1.4502854207205977,/tmp/nxf.XXXXsWkdqt/sourmash_database/gtdb-rs214-reps.k51.zip,"GCF_020564355.1 Lachnospira pectinoschiza strain=SL.1.13, ASM2056435v1",3bf2c0fcdedffa7ce0c88a9624ebba72,0.105907025515554,214000,284,46944000,ERR688634_2.fastq.gz,ERR688634,cf7fcffb,684905000,51,DNA,1000,684905,True,0.8594717641383761,0.956931559617203,0.9082016618777895,0.956931559617203,False,260,1252277,2465000,d__Bacteria;p__Bacillota_A;c__Clostridia;o__Lachnospirales;f__Lachnospiraceae;g__Lachnospira;s__Lachnospira sp000437735
235000,0.0003431132784838773,0.10828673106253177,0.00031099203539176965,9.452332657200811e-05,1.0938967136150235,1.0,0.3222723436944697,/tmp/nxf.XXXXsWkdqt/sourmash_database/gtdb-rs214-reps.k51.zip,"GCF_002959915.1 Veillonella atypica KON strain=ATCC 17744, ASM295991v1",154e4b388ee290a12ac4205af985e5c8,0.11947127605490594,213000,285,46731000,ERR688634_2.fastq.gz,ERR688634,cf7fcffb,684905000,51,DNA,1000,684905,True,0.8551994294557804,0.9591954886572632,0.9071974590565218,0.9591954886572632,False,233,1252510,2465000,d__Bacteria;p__Bacillota_C;c__Negativicutes;o__Veillonellales;f__Veillonellaceae;g__Veillonella;s__Veillonella atypica
347000,0.000506639606952789,0.035224078055234,0.00031099203539176965,0.00010223123732251521,1.1830985915492958,1.0,0.7808120094078822,/tmp/nxf.XXXXsWkdqt/sourmash_database/gtdb-rs214-reps.k51.zip,"GCF_003480915.1 Parabacteroides sp. TM07-1AC strain=TM07-1AC, ASM348091v1",bee6776cf4d2df689baaed46f3a7bddd,0.05738382669092112,213000,286,46518000,ERR688634_2.fastq.gz,ERR688634,cf7fcffb,684905000,51,DNA,1000,684905,True,0.8617598529221786,0.9455021904987191,0.9036310217104488,0.9455021904987191,False,252,1252762,2465000,d__Bacteria;p__Bacteroidota;c__Bacteroidia;o__Bacteroidales;f__Tannerellaceae;g__Parabacteroides;s__Parabacteroides sp003480915
213000,0.00031099203539176965,0.10075685903500473,0.00031099203539176965,0.00010101419878296146,1.1690140845070423,1.0,0.4436060774091161,/tmp/nxf.XXXXsWkdqt/sourmash_database/gtdb-rs214-reps.k51.zip,"GCF_900128465.1 Actinomyces bouchesdurhonensis strain=Marseille-P2825, PRJEB18045",baac0fe2564387753639d1258670d976,0.10075685903500473,213000,287,46305000,ERR688634_2.fastq.gz,ERR688634,cf7fcffb,684905000,51,DNA,1000,684905,True,0.8535527733413982,0.9559966382927716,0.904774705817085,0.9559966382927716,False,249,1253011,2465000,d__Bacteria;p__Actinomycetota;c__Actinomycetia;o__Actinomycetales;f__Actinomycetaceae;g__Pauljensenia;s__Pauljensenia bouchesdurhonensis
287000,0.0004190362167015863,0.05125091085742045,0.00030807192238339626,0.0001002028397565923,1.1706161137440758,1.0,0.48609976890836337,/tmp/nxf.XXXXsWkdqt/sourmash_database/gtdb-rs214-reps.k51.zip,"GCF_004353185.1 Clostridium cuniculi strain=1, ASM435318v1",e30bdf7977a8b9f5d22988744e5ab4eb,0.06971095457857664,211000,288,46094000,ERR688634_2.fastq.gz,ERR688634,cf7fcffb,684905000,51,DNA,1000,684905,True,0.8585579982655391,0.9491167284651804,0.9038373633653598,0.9491167284651804,False,247,1253258,2465000,d__Bacteria;p__Bacillota_A;c__Clostridia;o__Clostridiales;f__Clostridiaceae;g__Clostridium;s__Clostridium cuniculi
686000,0.0010015987618720845,0.07655851257746993,0.0003066118658792095,0.00019837728194726167,2.3285714285714287,2.0,1.7972579265152147,/tmp/nxf.XXXXsWkdqt/sourmash_database/gtdb-rs214-reps.k51.zip,"GCF_000269965.1 Bifidobacterium longum subsp. infantis ATCC 15697 = JCM 1222 = DSM 20088 strain=JCM 1222, ASM26996v1",9e122949c1d8c7291ae948248c84e820,0.25009114108640174,210000,289,45884000,ERR688634_2.fastq.gz,ERR688634,cf7fcffb,684905000,51,DNA,1000,684905,True,0.8733535182157955,0.9731908254101427,0.9232721718129691,0.9731908254101427,False,489,1253747,2465000,d__Bacteria;p__Actinomycetota;c__Actinomycetia;o__Actinomycetales;f__Bifidobacteriaceae;g__Bifidobacterium;s__Bifidobacterium infantis
208000,0.0003036917528708361,0.11885714285714286,0.0003036917528708361,9.290060851926977e-05,1.1009615384615385,1.0,0.3316610852116766,/tmp/nxf.XXXXsWkdqt/sourmash_database/gtdb-rs214-reps.k51.zip,"GCA_944386095.1 uncultured Clostridia bacterium, E08__bin5",f3c6794a88c6a4101bd6cb5700d8c7fd,0.11885714285714286,208000,290,45676000,ERR688634_2.fastq.gz,ERR688634,cf7fcffb,684905000,51,DNA,1000,684905,True,0.8531553097152929,0.9590985643495515,0.9061269370324222,0.9590985643495515,False,229,1253976,2465000,d__Bacteria;p__Bacillota_A;c__Clostridia;o__Peptostreptococcales;f__Anaerovoracaceae;g__CALWZU01;s__CALWZU01 sp944386095
519000,0.0007577693256729035,0.05647569915829487,0.0003036917528708361,0.0001152129817444219,1.3653846153846154,1.0,1.850455725093833,/tmp/nxf.XXXXsWkdqt/sourmash_database/gtdb-rs214-reps.k51.zip,"GCF_003463065.1 Blautia sp. OF03-15BH strain=OF03-15BH, ASM346306v1",5ff0995e953e4b10712c81e3aa391f8b,0.1409177301113223,208000,291,45468000,ERR688634_2.fastq.gz,ERR688634,cf7fcffb,684905000,51,DNA,1000,684905,True,0.8685892526678911,0.9623056855933152,0.9154474691306032,0.9623056855933152,False,284,1254260,2465000,d__Bacteria;p__Bacillota_A;c__Clostridia;o__Lachnospirales;f__Lachnospiraceae;g__Limivivens;s__Limivivens sp900066135
385000,0.0005621217541118841,0.08017207665232695,0.000299311583358276,0.0001338742393509128,1.6097560975609757,1.0,2.85826186975955,/tmp/nxf.XXXXsWkdqt/sourmash_database/gtdb-rs214-reps.k51.zip,"GCF_018408575.1 Oscillibacter sp. MM50 strain=MM50, ASM1840857v1",e6e6d5e92963e67195839cba6e2f7cae,0.15056707078607742,205000,292,45263000,ERR688634_2.fastq.gz,ERR688634,cf7fcffb,684905000,51,DNA,1000,684905,True,0.8635175811059936,0.9635562191542654,0.9135369001301294,0.9635562191542654,False,330,1254590,2465000,d__Bacteria;p__Bacillota_A;c__Clostridia;o__Oscillospirales;f__Oscillospiraceae;g__Vescimonas;s__Vescimonas coprocola
213000,0.00031099203539176965,0.07657487740475293,0.00029639147034990254,9.73630831643002e-05,1.1822660098522169,1.0,0.8371196147718694,/tmp/nxf.XXXXsWkdqt/sourmash_database/gtdb-rs214-reps.k51.zip,"GCA_024399475.1 Erysipelotrichaceae bacterium LH1062 strain=LH1062, ASM2439947v1",38ebc624bec1c495f5a24f3dce8ea331,0.08034703885326291,203000,293,45060000,ERR688634_2.fastq.gz,ERR688634,cf7fcffb,684905000,51,DNA,1000,684905,True,0.8535527733413982,0.951763007882255,0.9026578906118266,0.951763007882255,False,240,1254830,2465000,d__Bacteria;p__Bacillota;c__Bacilli;o__Erysipelotrichales;f__Coprobacillaceae;g__Massilimicrobiota;s__Massilimicrobiota sp024399475
209000,0.0003051518093750228,0.10141987829614604,0.0002920113008373424,9.371196754563894e-05,1.155,1.0,0.37546637665708493,/tmp/nxf.XXXXsWkdqt/sourmash_database/gtdb-rs214-reps.k51.zip,"GCF_001697145.1 Streptococcus anginosus strain=J4206, ASM169714v1",089c51884d94651f90591e3ab985d460,0.10598377281947262,200000,294,44860000,ERR688634_2.fastq.gz,ERR688634,cf7fcffb,684905000,51,DNA,1000,684905,True,0.8532355464259681,0.9569451519760439,0.9050903492010061,0.9569451519760439,False,231,1255061,2465000,d__Bacteria;p__Bacillota;c__Bacilli;o__Lactobacillales;f__Streptococcaceae;g__Streptococcus;s__Streptococcus anginosus_C
699000,0.0010205794964265116,0.08793636765355722,0.0002905512443331557,0.0008791075050709939,10.889447236180905,11.0,8.686490359738452,/tmp/nxf.XXXXsWkdqt/sourmash_database/gtdb-rs214-reps.k51.zip,"GCA_900759335.1 uncultured Collinsella sp., ERS608584_25",97504c6fb84656dfee9ddcace180fc5d,0.308882015024304,199000,295,44661000,ERR688634_2.fastq.gz,ERR688634,cf7fcffb,684905000,51,DNA,1000,684905,True,0.8736750590703022,0.977228071261197,0.9254515651657496,0.977228071261197,False,2167,1257228,2465000,d__Bacteria;p__Actinomycetota;c__Coriobacteriia;o__Coriobacteriales;f__Coriobacteriaceae;g__Collinsella;s__Collinsella sp900759335
360000,0.0005256203415072164,0.04719693339722089,0.00028763113132478226,0.00014279918864097362,1.7868020304568528,1.0,2.9796651647128045,/tmp/nxf.XXXXsWkdqt/sourmash_database/gtdb-rs214-reps.k51.zip,"GCF_000169255.2 Pseudoflavonifractor capillosus ATCC 29799 strain=ATCC 29799, ASM16925v2",d4725743bf7377b9b1586882d9ae2d62,0.08624820316243412,197000,296,44464000,ERR688634_2.fastq.gz,ERR688634,cf7fcffb,684905000,51,DNA,1000,684905,True,0.8623815453473348,0.9530865790407536,0.9077340621940442,0.9530865790407536,False,352,1257580,2465000,d__Bacteria;p__Bacillota_A;c__Clostridia;o__Oscillospirales;f__Oscillospiraceae;g__Pseudoflavonifractor;s__Pseudoflavonifractor capillosus
204000,0.00029785152685408924,0.0607649599012955,0.00028763113132478226,9.087221095334685e-05,1.1370558375634519,1.0,0.4351293196291745,/tmp/nxf.XXXXsWkdqt/sourmash_database/gtdb-rs214-reps.k51.zip,"GCF_900199375.1 Gordonibacter urolithinfaciens strain=DSM 27213T, G142160_polished_assembly_ID17483",d7eaa3023b4605cf120952272bc556e5,0.06292412091301666,197000,297,44267000,ERR688634_2.fastq.gz,ERR688634,cf7fcffb,684905000,51,DNA,1000,684905,True,0.8528305354092984,0.9472124446000337,0.9000214900046661,0.9472124446000337,False,224,1257804,2465000,d__Bacteria;p__Actinomycetota;c__Coriobacteriia;o__Coriobacteriales;f__Eggerthellaceae;g__Gordonibacter;s__Gordonibacter urolithinfaciens
291000,0.0004248764427183332,0.055793991416309016,0.0002847110183164088,0.00010263691683569979,1.2974358974358975,1.0,1.2084079756582424,/tmp/nxf.XXXXsWkdqt/sourmash_database/gtdb-rs214-reps.k51.zip,"GCA_001414325.1 Lachnospiraceae bacterium TF01-11 strain=TF01-11, ASM141432v1",c8fd919dbe952918e29d5477b954b4bc,0.08326180257510729,195000,298,44072000,ERR688634_2.fastq.gz,ERR688634,cf7fcffb,684905000,51,DNA,1000,684905,True,0.858791036659055,0.9524282548655042,0.9056096457622795,0.9524282548655042,False,253,1258057,2465000,d__Bacteria;p__Bacillota_A;c__Clostridia;o__Lachnospirales;f__Lachnospiraceae;g__Butyribacter;s__Butyribacter intestini
886000,0.0012936100627094268,0.06350773280684435,0.00028179090530803543,0.0007634888438133874,9.751295336787564,3.0,10.11336318454022,/tmp/nxf.XXXXsWkdqt/sourmash_database/gtdb-rs214-reps.k51.zip,"GCF_003287405.1 Faecalibacterium prausnitzii strain=APC923/51-1, ASM328740v1",83658285655599b5c47e0b3e5c0720bf,0.2915432708127674,193000,299,43879000,ERR688634_2.fastq.gz,ERR688634,cf7fcffb,684905000,51,DNA,1000,684905,True,0.8777456661583385,0.9761217296929813,0.9269336979256599,0.9761217296929813,False,1882,1259939,2465000,d__Bacteria;p__Bacillota_A;c__Clostridia;o__Oscillospirales;f__Ruminococcaceae;g__Faecalibacterium;s__Faecalibacterium prausnitzii_J
1116000,0.0016294230586723706,0.05457142857142857,0.000278870792299662,0.00017281947261663287,2.230366492146597,1.0,3.6322175840284396,/tmp/nxf.XXXXsWkdqt/sourmash_database/gtdb-rs214-reps.k51.zip,"GCF_014297355.1 Blautia sp. 2744 strain=2744, ASM1429735v1",15614b32ae19bd5242014b1b5b1a5660,0.31885714285714284,191000,300,43688000,ERR688634_2.fastq.gz,ERR688634,cf7fcffb,684905000,51,DNA,1000,684905,True,0.8817267104306292,0.9778372810838705,0.9297819957572498,0.9778372810838705,False,426,1260365,2465000,d__Bacteria;p__Bacillota_A;c__Clostridia;o__Lachnospirales;f__Lachnospiraceae;g__Blautia_A;s__Blautia_A intestinalis
190000,0.0002774107357954753,0.06551126516464471,0.0002759506792912886,8.154158215010142e-05,1.0634920634920635,1.0,0.26465606350052484,/tmp/nxf.XXXXsWkdqt/sourmash_database/gtdb-rs214-reps.k51.zip,"GCA_904399395.1 uncultured Clostridia bacterium, Coassembly_mag_77",72164374f7c28efdab8a462219e84e68,0.0658578856152513,189000,301,43499000,ERR688634_2.fastq.gz,ERR688634,cf7fcffb,684905000,51,DNA,1000,684905,True,0.8516424857935848,0.9480591776111504,0.8998508317023677,0.9480591776111504,False,201,1260566,2465000,d__Bacteria;p__Bacillota_A;c__Clostridia;o__Oscillospirales;f__Acutalibacteraceae;g__UMGS1264;s__UMGS1264 sp904399395
252000,0.0003679342390550514,0.07120980091883614,0.00027157050977872846,0.00010263691683569979,1.3602150537634408,1.0,2.1885154680175054,/tmp/nxf.XXXXsWkdqt/sourmash_database/gtdb-rs214-reps.k51.zip,"GCA_902362435.1 Eubacteriaceae bacterium, MGYG-HGUT-00040",03375147e5383791b6b5d83ac9895a77,0.09647779479326186,186000,302,43313000,ERR688634_2.fastq.gz,ERR688634,cf7fcffb,684905000,51,DNA,1000,684905,True,0.8563714118572044,0.9551834986064528,0.9057774552318286,0.9551834986064528,False,253,1260819,2465000,d__Bacteria;p__Bacillota_A;c__Clostridia;o__Peptostreptococcales;f__Anaerovoracaceae;g__Lentihominibacter;s__Lentihominibacter sp900066305
656000,0.000957797066746483,0.061523112736947126,0.0002701104532745417,0.0008657200811359026,11.535135135135135,10.0,7.667418474481458,/tmp/nxf.XXXXsWkdqt/sourmash_database/gtdb-rs214-reps.k51.zip,"GCA_900546625.1 uncultured Lachnobacterium sp., UMGS904",d029c51d58fba6906b5997e7235cd048,0.21815763219155304,185000,303,43128000,ERR688634_2.fastq.gz,ERR688634,cf7fcffb,684905000,51,DNA,1000,684905,True,0.8725880967969797,0.970587544969938,0.9215878208834589,0.970587544969938,False,2134,1262953,2465000,d__Bacteria;p__Bacillota_A;c__Clostridia;o__Lachnospirales;f__Lachnospiraceae;g__Agathobacter;s__Agathobacter sp900546625
968000,0.0014133346960527372,0.0924075924075924,0.0002701104532745417,0.0007119675456389452,9.486486486486486,10.0,5.374723734555141,/tmp/nxf.XXXXsWkdqt/sourmash_database/gtdb-rs214-reps.k51.zip,"GCA_900751995.1 Lachnospiraceae bacterium, ERS235547_23",bade4874fabdb283efa57fef3722cef1,0.4835164835164835,185000,304,42943000,ERR688634_2.fastq.gz,ERR688634,cf7fcffb,684905000,51,DNA,1000,684905,True,0.8792703963334931,0.985852599586736,0.9325614979601146,0.985852599586736,False,1755,1264708,2465000,d__Bacteria;p__Bacillota_A;c__Clostridia;o__Lachnospirales;f__Lachnospiraceae;g__Blautia_A;s__Blautia_A sp900751995
986000,0.001439615713128098,0.054357459379615954,0.000268650396770355,0.0005387423935091278,7.217391304347826,6.0,6.315657022787859,/tmp/nxf.XXXXsWkdqt/sourmash_database/gtdb-rs214-reps.k51.zip,"GCF_013300725.1 Coprococcus comes strain=MSK.16.63, ASM1330072v1",ac305a84c034f5700b0fdcc2d12667f3,0.2912850812407681,184000,305,42759000,ERR688634_2.fastq.gz,ERR688634,cf7fcffb,684905000,51,DNA,1000,684905,True,0.8795880990663903,0.9761047723390847,0.9278464357027375,0.9761047723390847,False,1328,1266036,2465000,d__Bacteria;p__Bacillota_A;c__Clostridia;o__Lachnospirales;f__Lachnospiraceae;g__Bariatricus;s__Bariatricus comes_A
244000,0.00035625378702155774,0.06505510131532172,0.0002671903402661683,8.356997971602434e-05,1.1256830601092895,1.0,0.512730234130706,/tmp/nxf.XXXXsWkdqt/sourmash_database/gtdb-rs214-reps.k51.zip,"GCF_016902445.1 Oscillibacter valericigenes strain=An411, ASM1690244v1",ecc4845f0ddc7802dfd86ae99740f1cf,0.08674013508709563,183000,306,42576000,ERR688634_2.fastq.gz,ERR688634,cf7fcffb,684905000,51,DNA,1000,684905,True,0.8558298717801515,0.9531928723042862,0.9045113720422189,0.9531928723042862,False,206,1266242,2465000,d__Bacteria;p__Bacillota_A;c__Clostridia;o__Oscillospirales;f__Oscillospiraceae;g__Dysosmobacter;s__Dysosmobacter avistercoris
403000,0.0005884027711872449,0.05699968681490761,0.00026573028376198157,0.00017768762677484786,2.4065934065934065,1.0,3.497182608517771,/tmp/nxf.XXXXsWkdqt/sourmash_database/gtdb-rs214-reps.k51.zip,"GCF_900167555.1 Gemmiger formicilis strain=ATCC 27749, IMG-taxon 2590828806 annotated assembly",316f66857e7940a11e48de3faf3d397d,0.1262135922330097,182000,307,42394000,ERR688634_2.fastq.gz,ERR688634,cf7fcffb,684905000,51,DNA,1000,684905,True,0.8642915926025058,0.9602285841934146,0.9122600883979601,0.9602285841934146,False,438,1266680,2465000,d__Bacteria;p__Bacillota_A;c__Clostridia;o__Oscillospirales;f__Ruminococcaceae;g__Gemmiger;s__Gemmiger formicilis
198000,0.00028909118782896896,0.06063685636856368,0.00026135011424942143,7.789046653144016e-05,1.0726256983240223,1.0,0.31760157326372945,/tmp/nxf.XXXXsWkdqt/sourmash_database/gtdb-rs214-reps.k51.zip,"GCA_904420575.1 uncultured Gordonibacter sp., Coassembly_mag_502",274384dc7cf2404d6d7211326d6566f1,0.06707317073170732,179000,308,42215000,ERR688634_2.fastq.gz,ERR688634,cf7fcffb,684905000,51,DNA,1000,684905,True,0.8523314752405269,0.948399144753896,0.9003653099972114,0.948399144753896,False,192,1266872,2465000,d__Bacteria;p__Actinomycetota;c__Coriobacteriia;o__Coriobacteriales;f__Eggerthellaceae;g__CAJFUR01;s__CAJFUR01 sp904420575
478000,0.0006979070090012483,0.038048151332760106,0.00025843000124104804,0.000159026369168357,2.214689265536723,2.0,1.2528877556680207,/tmp/nxf.XXXXsWkdqt/sourmash_database/gtdb-rs214-reps.k51.zip,"GCF_004211955.1 Escherichia sp. E1V33 strain=E1V33, ASM421195v1",e9fb153d1248b2562fc0e641351fabc1,0.10275150472914875,177000,309,42038000,ERR688634_2.fastq.gz,ERR688634,cf7fcffb,684905000,51,DNA,1000,684905,True,0.8671888348570962,0.9563641719045833,0.9117765033808398,0.9563641719045833,False,392,1267264,2465000,d__Bacteria;p__Pseudomonadota;c__Gammaproteobacteria;o__Enterobacterales;f__Enterobacteriaceae;g__Escherichia;s__Escherichia sp004211955
176000,0.0002569699447368613,0.10576923076923077,0.0002569699447368613,8.397565922920892e-05,1.1761363636363635,1.0,0.44936680658400235,/tmp/nxf.XXXXsWkdqt/sourmash_database/gtdb-rs214-reps.k51.zip,"GCF_900103425.1 Allisonella histaminiformans strain=DSM 15230, IMG-taxon 2595698240 annotated assembly",b268477df706c2b849fda75f8a360a2e,0.10576923076923077,176000,310,41862000,ERR688634_2.fastq.gz,ERR688634,cf7fcffb,684905000,51,DNA,1000,684905,True,0.8503653114444489,0.956907131177471,0.9036362213109599,0.956907131177471,False,207,1267471,2465000,d__Bacteria;p__Bacillota_C;c__Negativicutes;o__Veillonellales;f__Dialisteraceae;g__Allisonella;s__Allisonella histaminiformans
932000,0.0013607726619020155,0.03070714160379014,0.0002555098882326746,0.00017565922920892495,2.474285714285714,2.0,4.706004848345682,/tmp/nxf.XXXXsWkdqt/sourmash_database/gtdb-rs214-reps.k51.zip,"GCF_009193295.2 Bacteroides sp. HF-5141 strain=HF-5141, ASM919329v2",3721df92a180486794aae56f491ab3c6,0.16353746271275663,175000,311,41687000,ERR688634_2.fastq.gz,ERR688634,cf7fcffb,684905000,51,DNA,1000,684905,True,0.8786172330062113,0.965118699927956,0.9218679664670837,0.965118699927956,False,433,1267904,2465000,d__Bacteria;p__Bacteroidota;c__Bacteroidia;o__Bacteroidales;f__Bacteroidaceae;g__Bacteroides;s__Bacteroides luhongzhouii
373000,0.0005446010760616436,0.04812981298129813,0.0002555098882326746,0.0001152129817444219,1.6228571428571428,1.0,2.615457972930031,/tmp/nxf.XXXXsWkdqt/sourmash_database/gtdb-rs214-reps.k51.zip,"GCF_014385005.1 Jingyaoa shaoxingensis strain=NSJ-46, ASM1438500v1",b07d108a89af9145fdb5070a4ef3def3,0.10258525852585258,175000,312,41512000,ERR688634_2.fastq.gz,ERR688634,cf7fcffb,684905000,51,DNA,1000,684905,True,0.8629816061291264,0.9563338077396543,0.9096577069343903,0.9563338077396543,False,284,1268188,2465000,d__Bacteria;p__Bacillota_A;c__Clostridia;o__Lachnospirales;f__Lachnospiraceae;g__Marvinbryantia;s__Marvinbryantia shaoxingensis
191000,0.000278870792299662,0.06525037936267071,0.00025112971872011446,7.991886409736308e-05,1.1453488372093024,1.0,0.752384886775037,/tmp/nxf.XXXXsWkdqt/sourmash_database/gtdb-rs214-reps.k51.zip,"GCA_934869045.1 uncultured Thaumarchaeota archaeon, MTG243_bin.50.fa",28ba05214f9d6cff1af34bee5e4ee047,0.07245827010622155,172000,313,41340000,ERR688634_2.fastq.gz,ERR688634,cf7fcffb,684905000,51,DNA,1000,684905,True,0.8517301486284564,0.9498363448602872,0.9007832467443718,0.9498363448602872,False,197,1268385,2465000,d__Bacteria;p__Bacillota_A;c__Clostridia;o__Oscillospirales;f__Ruminococcaceae;g__Merdivicinus;s__Merdivicinus sp934869045
403000,0.0005884027711872449,0.09071618037135279,0.00024966966221592776,0.00043245436105476674,6.233918128654971,6.0,4.492126493960464,/tmp/nxf.XXXXsWkdqt/sourmash_database/gtdb-rs214-reps.k51.zip,"GCA_900772675.1 Lachnospiraceae bacterium, SRS883021_119",d4c456021a0e52a18f9e9140a659c495,0.21379310344827587,171000,314,41169000,ERR688634_2.fastq.gz,ERR688634,cf7fcffb,684905000,51,DNA,1000,684905,True,0.8642915926025058,0.9702030183499069,0.9172473054762063,0.9702030183499069,False,1066,1269451,2465000,d__Bacteria;p__Bacillota_A;c__Clostridia;o__Lachnospirales;f__Lachnospiraceae;g__Fusicatenibacter;s__Fusicatenibacter sp900772675
277000,0.0004044356516597192,0.06947282386595832,0.00024820960571174107,0.00011034482758620689,1.6,1.0,2.2528413432035244,/tmp/nxf.XXXXsWkdqt/sourmash_database/gtdb-rs214-reps.k51.zip,"GCA_025148445.1 Butyrivibrio crossotus strain=DSM 2876, ASM2514844v1",07840e8519e9862dc1ebd1e67b67e5b7,0.11319983653453208,170000,315,40999000,ERR688634_2.fastq.gz,ERR688634,cf7fcffb,684905000,51,DNA,1000,684905,True,0.8579611761915756,0.9581818868832228,0.9080715315373993,0.9581818868832228,False,272,1269723,2465000,d__Bacteria;p__Bacillota_A;c__Clostridia;o__Lachnospirales;f__Lachnospiraceae;g__Butyrivibrio_A;s__Butyrivibrio_A crossotus
222000,0.00032413254392945007,0.05220633934120572,0.0002452894927033676,9.371196754563894e-05,1.375,1.0,1.1110243021644486,/tmp/nxf.XXXXsWkdqt/sourmash_database/gtdb-rs214-reps.k51.zip,"GCF_014982855.1 Pseudoflavonifractor sp. DSM 107456 strain=DSM 107456, ASM1498285v1",7a22c6735dbaec5ae69cf61dfc7429ec,0.0689869484151647,168000,316,40831000,ERR688634_2.fastq.gz,ERR688634,cf7fcffb,684905000,51,DNA,1000,684905,True,0.8542456910348534,0.9489224559738566,0.901584073504355,0.9489224559738566,False,231,1269954,2465000,d__Bacteria;p__Bacillota_A;c__Clostridia;o__Oscillospirales;f__Oscillospiraceae;g__Pseudoflavonifractor_A;s__Pseudoflavonifractor_A gallinarum
167000,0.0002438294361991809,0.06739305891848264,0.0002438294361991809,7.505070993914807e-05,1.1077844311377245,1.0,0.3634488839639168,/tmp/nxf.XXXXsWkdqt/sourmash_database/gtdb-rs214-reps.k51.zip,"GCA_016900775.1 Olsenella uli strain=An733, ASM1690077v1",1acaeae43786bbaf99650f44a88dcc76,0.06739305891848264,167000,317,40664000,ERR688634_2.fastq.gz,ERR688634,cf7fcffb,684905000,51,DNA,1000,684905,True,0.8494905493200838,0.9484876271806697,0.8989890882503768,0.9484876271806697,False,185,1270139,2465000,d__Bacteria;p__Actinomycetota;c__Coriobacteriia;o__Coriobacteriales;f__Atopobiaceae;g__Thermophilibacter;s__Thermophilibacter uli_A
169000,0.0002467495492075543,0.07873644507307874,0.0002438294361991809,7.383367139959432e-05,1.089820359281437,1.0,0.28592422482187596,/tmp/nxf.XXXXsWkdqt/sourmash_database/gtdb-rs214-reps.k51.zip,"GCA_018712885.1 Candidatus Pullichristensenella stercoripullorum, ASM1871288v1",ed5924429e18544463c9ca9ed343e956,0.07967939651107968,167000,318,40497000,ERR688634_2.fastq.gz,ERR688634,cf7fcffb,684905000,51,DNA,1000,684905,True,0.8496888685869375,0.9516073010125422,0.9006480847997398,0.9516073010125422,False,182,1270321,2465000,d__Bacteria;p__Bacillota_A;c__Clostridia;o__Christensenellales;f__CAG-74;g__Pullichristensenella;s__Pullichristensenella stercoripullorum
1272000,0.0018571918733254976,0.04605993340732519,0.0002423693796949942,0.00012413793103448277,1.8433734939759037,1.0,2.2061356265358945,/tmp/nxf.XXXXsWkdqt/sourmash_database/gtdb-rs214-reps.k51.zip,"GCA_900755095.1 uncultured Bacteroides sp., ERS473029_19",157ba610ccdcf1ff58761725bd879825,0.35294117647058826,166000,319,40331000,ERR688634_2.fastq.gz,ERR688634,cf7fcffb,684905000,51,DNA,1000,684905,True,0.883991668876142,0.9797864255189593,0.9318890471975507,0.9797864255189593,False,306,1270627,2465000,d__Bacteria;p__Bacteroidota;c__Bacteroidia;o__Bacteroidales;f__Bacteroidaceae;g__Bacteroides;s__Bacteroides sp900755095
406000,0.0005927829406998051,0.04585635359116022,0.0002423693796949942,0.0002356997971602434,3.5,3.0,3.1921401968185195,/tmp/nxf.XXXXsWkdqt/sourmash_database/gtdb-rs214-reps.k51.zip,"GCF_000265365.1 Alistipes finegoldii DSM 17242 strain=DSM 17242, ASM26536v1",32e9ec95ec567198d44d9d52c769243b,0.11215469613259668,166000,320,40165000,ERR688634_2.fastq.gz,ERR688634,cf7fcffb,684905000,51,DNA,1000,684905,True,0.8644172900360612,0.9580076340949273,0.9112124620654942,0.9580076340949273,False,581,1271208,2465000,d__Bacteria;p__Bacteroidota;c__Bacteroidia;o__Bacteroidales;f__Rikenellaceae;g__Alistipes;s__Alistipes finegoldii
170000,0.00024820960571174107,0.0803484995159729,0.0002423693796949942,7.42393509127789e-05,1.1024096385542168,1.0,0.30318625378702696,/tmp/nxf.XXXXsWkdqt/sourmash_database/gtdb-rs214-reps.k51.zip,"GCF_000296445.1 Slackia piriformis YIT 12062 strain=YIT 12062, Slac_piri_YIT_12062_V1",8175739fd4218cd77ce0e7eeec29d552,0.08228460793804453,166000,321,39999000,ERR688634_2.fastq.gz,ERR688634,cf7fcffb,684905000,51,DNA,1000,684905,True,0.8497871669826287,0.952207805844189,0.9009974864134088,0.952207805844189,False,183,1271391,2465000,d__Bacteria;p__Actinomycetota;c__Coriobacteriia;o__Coriobacteriales;f__Eggerthellaceae;g__Slackia_A;s__Slackia_A piriformis
181000,0.0002642702272577949,0.07164567954841511,0.00024090932319080748,7.261663286004057e-05,1.084848484848485,1.0,0.3877840793465792,/tmp/nxf.XXXXsWkdqt/sourmash_database/gtdb-rs214-reps.k51.zip,"GCF_900104615.1 Phocea massiliensis strain=Marseille-P2769, PRJEB16353",1289625c0b95442b0f86edbca3d5ba8c,0.07859313938341293,165000,322,39834000,ERR688634_2.fastq.gz,ERR688634,cf7fcffb,684905000,51,DNA,1000,684905,True,0.8508325243405874,0.9513512107657696,0.9010918675531785,0.9513512107657696,False,179,1271570,2465000,d__Bacteria;p__Bacillota_A;c__Clostridia;o__Oscillospirales;f__Ruminococcaceae;g__Phocea;s__Phocea massiliensis
545000,0.000795730794781758,0.047757716948165406,0.00023944926668662076,0.00022068965517241379,3.317073170731707,1.0,5.822324673564859,/tmp/nxf.XXXXsWkdqt/sourmash_database/gtdb-rs214-reps.k51.zip,"GCA_902362725.1 Clostridiaceae bacterium, MGYG-HGUT-00051",e9b4c4dc99faf439ac298b177b82de44,0.15870704717530576,164000,323,39670000,ERR688634_2.fastq.gz,ERR688634,cf7fcffb,684905000,51,DNA,1000,684905,True,0.8694221675102305,0.9645514892524677,0.9169868283813492,0.9645514892524677,False,544,1272114,2465000,d__Bacteria;p__Bacillota_A;c__Clostridia;o__Lachnospirales;f__Lachnospiraceae;g__Merdisoma;s__Merdisoma sp900066385
168000,0.0002452894927033676,0.0542068506817426,0.00023798921018243407,0.00014645030425963488,2.214723926380368,1.0,3.6059635868989335,/tmp/nxf.XXXXsWkdqt/sourmash_database/gtdb-rs214-reps.k51.zip,"GCA_000438155.1 Firmicutes bacterium CAG:95, MGS95",f95cfd0dba9c48dd4a36f4cbe40ffaec,0.0558696375124709,163000,324,39507000,ERR688634_2.fastq.gz,ERR688634,cf7fcffb,684905000,51,DNA,1000,684905,True,0.8495899982865657,0.9450065542892996,0.8972982762879327,0.9450065542892996,False,361,1272475,2465000,d__Bacteria;p__Bacillota_A;c__Clostridia;o__Lachnospirales;f__Lachnospiraceae;g__CAG-95;s__CAG-95 sp000438155
581000,0.0008482928289324797,0.07511520737327189,0.00023798921018243407,8.559837728194726e-05,1.294478527607362,1.0,0.6822240365466493,/tmp/nxf.XXXXsWkdqt/sourmash_database/gtdb-rs214-reps.k51.zip,"GCF_000024945.1 Veillonella parvula DSM 2008 strain=DSM 2008, ASM2494v1",e0f8fd6bf8a6f676ff9f4dba05931b1b,0.267741935483871,163000,325,39344000,ERR688634_2.fastq.gz,ERR688634,cf7fcffb,684905000,51,DNA,1000,684905,True,0.8705132938966049,0.974493065254871,0.9225031795757379,0.974493065254871,False,211,1272686,2465000,d__Bacteria;p__Bacillota_C;c__Negativicutes;o__Veillonellales;f__Veillonellaceae;g__Veillonella;s__Veillonella parvula
161000,0.00023506909717406062,0.08337648886587261,0.00023506909717406062,7.139959432048681e-05,1.093167701863354,1.0,0.3113034555563147,/tmp/nxf.XXXXsWkdqt/sourmash_database/gtdb-rs214-reps.k51.zip,"GCA_904398665.1 Candidatus Geddesella stercoravicola, Coassembly_mag_563",368888fcc824c9d857a805eaa4d9e8a3,0.08337648886587261,161000,326,39183000,ERR688634_2.fastq.gz,ERR688634,cf7fcffb,684905000,51,DNA,1000,684905,True,0.8488813092693501,0.9524539608784758,0.9006676350739129,0.9524539608784758,False,176,1272862,2465000,d__Bacteria;p__Bacillota_A;c__Clostridia;o__Oscillospirales;f__UBA644;g__Geddesella;s__Geddesella stercoravicola
502000,0.0007329483651017294,0.046829552065154156,0.00023506909717406062,0.0002389452332657201,3.658385093167702,2.0,3.3196302833542894,/tmp/nxf.XXXXsWkdqt/sourmash_database/gtdb-rs214-reps.k51.zip,"GCA_905209435.1 uncultured Blautia sp., ERR260180-mag-bin.4",5fc547e3d517885341332ab05a501f73,0.1460151250727167,161000,327,39022000,ERR688634_2.fastq.gz,ERR688634,cf7fcffb,684905000,51,DNA,1000,684905,True,0.86802223603837,0.9629764003716964,0.9154993182050333,0.9629764003716964,False,589,1273451,2465000,d__Bacteria;p__Bacillota_A;c__Clostridia;o__Lachnospirales;f__Lachnospiraceae;g__Blautia_A;s__Blautia_A sp905209435
356000,0.0005197801154904695,0.12779552715654952,0.00023360904066987393,0.0005233265720081136,8.0625,8.0,3.450883039165483,/tmp/nxf.XXXXsWkdqt/sourmash_database/gtdb-rs214-reps.k51.zip,"GCA_019423565.1 bacterium, ASM1942356v1",195dffd9e49aaf838624a98923019ddf,0.28434504792332266,160000,328,38862000,ERR688634_2.fastq.gz,ERR688634,cf7fcffb,684905000,51,DNA,1000,684905,True,0.8621926317629471,0.9756433563184416,0.9189179940406944,0.9756433563184416,False,1290,1274741,2465000,d__Bacteria;p__Bacillota;c__Bacilli;o__RF39;f__UBA660;g__CAG-433;s__CAG-433 sp019423565
602000,0.0008789540155204007,0.07655502392344497,0.00023360904066987393,0.0006713995943204869,10.34375,6.0,9.728210829206981,/tmp/nxf.XXXXsWkdqt/sourmash_database/gtdb-rs214-reps.k51.zip,"GCA_905215595.1 uncultured bacterium, ERR1600666-mag-bin.42",61f0c0b03a912afd9ca302e1db27f6f9,0.2880382775119617,160000,329,38702000,ERR688634_2.fastq.gz,ERR688634,cf7fcffb,684905000,51,DNA,1000,684905,True,0.8711195646104822,0.9758902620767569,0.9235049133436195,0.9758902620767569,False,1655,1276396,2465000,d__Bacteria;p__Bacillota_A;c__Clostridia;o__Oscillospirales;f__Ruminococcaceae;g__Faecalibacterium;s__Faecalibacterium sp905215595
159000,0.0002321489841656872,0.07588206863218946,0.0002292288711573138,6.774847870182556e-05,1.0636942675159236,1.0,0.2690281793878073,/tmp/nxf.XXXXsWkdqt/sourmash_database/gtdb-rs214-reps.k51.zip,"GCA_900761075.1 Christensenellaceae bacterium, SRS042628_64",48a20e2117aa73778fb01a2c1929627a,0.07684871918801353,157000,330,38545000,ERR688634_2.fastq.gz,ERR688634,cf7fcffb,684905000,51,DNA,1000,684905,True,0.8486732729117795,0.9509326037642206,0.8998029383380001,0.9509326037642206,False,167,1276563,2465000,d__Bacteria;p__Bacillota_A;c__Clostridia;o__Christensenellales;f__Christensenellaceae;g__HGM11616;s__HGM11616 sp900761075
186000,0.00027157050977872846,0.03821656050955414,0.00022776881465312707,0.00011399594320486815,1.8012820512820513,1.0,2.753598745033888,/tmp/nxf.XXXXsWkdqt/sourmash_database/gtdb-rs214-reps.k51.zip,"GCA_000803105.1 Coprobacter secundus strain=177, ASM80310v1",c083abda26cc998bedafb35abb65710d,0.04556589906908378,156000,331,38389000,ERR688634_2.fastq.gz,ERR688634,cf7fcffb,684905000,51,DNA,1000,684905,True,0.8512872513424161,0.9412366347806913,0.8962619430615537,0.9412366347806913,False,281,1276844,2465000,d__Bacteria;p__Bacteroidota;c__Bacteroidia;o__Bacteroidales;f__Coprobacteraceae;g__Coprobacter;s__Coprobacter secundus
725000,0.0010585409655353662,0.08297872340425531,0.00022776881465312707,0.0008539553752535497,13.493589743589743,15.0,8.59449495456233,/tmp/nxf.XXXXsWkdqt/sourmash_database/gtdb-rs214-reps.k51.zip,"GCA_900549025.1 uncultured Collinsella sp., UMGS1152",d995b251126b8111ff1a3701469c1160,0.38563829787234044,156000,332,38233000,ERR688634_2.fastq.gz,ERR688634,cf7fcffb,684905000,51,DNA,1000,684905,True,0.8743009186312536,0.9814900143001537,0.9278954664657036,0.9814900143001537,False,2105,1278949,2465000,d__Bacteria;p__Actinomycetota;c__Coriobacteriia;o__Coriobacteriales;f__Coriobacteriaceae;g__Collinsella;s__Collinsella sp900549025
342000,0.0004993393244318555,0.057927961381359076,0.00022776881465312707,0.0001152129817444219,1.8205128205128205,2.0,1.0031180842060796,/tmp/nxf.XXXXsWkdqt/sourmash_database/gtdb-rs214-reps.k51.zip,"GCA_905200945.1 uncultured Akkermansia sp., ERR414247-mag-bin.14",8e88e30e7c15af7b94e97f7500856bc5,0.12699591533605645,156000,333,38077000,ERR688634_2.fastq.gz,ERR688634,cf7fcffb,684905000,51,DNA,1000,684905,True,0.8615146403758231,0.9603449347027593,0.9109297875392912,0.9603449347027593,False,284,1279233,2465000,d__Bacteria;p__Verrucomicrobiota;c__Verrucomicrobiae;o__Verrucomicrobiales;f__Akkermansiaceae;g__Akkermansia;s__Akkermansia sp905200945
500000,0.000730028252093356,0.07677165354330709,0.00022776881465312707,0.0030596348884381337,48.34615384615385,49.0,14.288086235882805,/tmp/nxf.XXXXsWkdqt/sourmash_database/gtdb-rs214-reps.k51.zip,"GCF_002834225.1 Ruminococcus bromii strain=ATCC 27255, ASM283422v1",cc0d1920d867de31a7e6286955b7e12a,0.24606299212598426,156000,334,37921000,ERR688634_2.fastq.gz,ERR688634,cf7fcffb,684905000,51,DNA,1000,684905,True,0.8679542943204379,0.9728810213242918,0.9204176578223648,0.9728810213242918,False,7542,1286775,2465000,d__Bacteria;p__Bacillota_A;c__Clostridia;o__Oscillospirales;f__Acutalibacteraceae;g__Ruminococcus_E;s__Ruminococcus_E bromii
566000,0.000826391981369679,0.0351668169522092,0.00022776881465312707,0.00019310344827586207,3.051282051282051,3.0,1.8803807299793953,/tmp/nxf.XXXXsWkdqt/sourmash_database/gtdb-rs214-reps.k51.zip,"GCF_004793475.1 Bacteroides sp. NM69_E16B strain=NM69_E16B, ASM479347v1",730b8c4779b5e70a64aaf299d1e2f789,0.12759242560865644,156000,335,37765000,ERR688634_2.fastq.gz,ERR688634,cf7fcffb,684905000,51,DNA,1000,684905,True,0.8700669429464142,0.9604331791187086,0.9152500610325613,0.9604331791187086,False,476,1287251,2465000,d__Bacteria;p__Bacteroidota;c__Bacteroidia;o__Bacteroidales;f__Bacteroidaceae;g__Bacteroides;s__Bacteroides sp002491635
688000,0.0010045188748804578,0.06422396047756278,0.00022776881465312707,0.0010620689655172415,16.78205128205128,12.0,23.62074676727059,/tmp/nxf.XXXXsWkdqt/sourmash_database/gtdb-rs214-reps.k51.zip,"GCF_024460475.1 Holdemanella sp. MSK.7.32 strain=MSK.7.32, ASM2446047v1",f20c91495e0ad07069e30a2b3f8e0b69,0.2832441333882256,156000,336,37609000,ERR688634_2.fastq.gz,ERR688634,cf7fcffb,684905000,51,DNA,1000,684905,True,0.8734033728872657,0.9755691476847587,0.9244862602860122,0.9755691476847587,False,2618,1289869,2465000,d__Bacteria;p__Bacillota;c__Bacilli;o__Erysipelotrichales;f__Erysipelotrichaceae;g__Holdemanella;s__Holdemanella sp900556915
200000,0.0002920113008373424,0.04125632153313814,0.00022630875814894037,6.855983772819472e-05,1.0903225806451613,1.0,0.41531553392080217,/tmp/nxf.XXXXsWkdqt/sourmash_database/gtdb-rs214-reps.k51.zip,"GCF_000327285.1 Holdemania massiliensis AP2 strain=AP2, ASM32728v1",7542785f6d8cc6fe92e6cf536f73c15b,0.053233963268565346,155000,337,37454000,ERR688634_2.fastq.gz,ERR688634,cf7fcffb,684905000,51,DNA,1000,684905,True,0.8524994568423447,0.9441115480685975,0.8983055024554711,0.9441115480685975,False,169,1290038,2465000,d__Bacteria;p__Bacillota;c__Bacilli;o__Erysipelotrichales;f__Erysipelotrichaceae;g__Holdemania;s__Holdemania massiliensis
160000,0.00023360904066987393,0.04345372460496614,0.00022484870164475365,6.815415821501014e-05,1.0909090909090908,1.0,0.48835313446657574,/tmp/nxf.XXXXsWkdqt/sourmash_database/gtdb-rs214-reps.k51.zip,"GCA_900547035.1 uncultured Clostridium sp., UMGS945",3d7dd4d7872773816d09717617c102c7,0.045146726862302484,154000,338,37300000,ERR688634_2.fastq.gz,ERR688634,cf7fcffb,684905000,51,DNA,1000,684905,True,0.8487776097758053,0.9410660865870297,0.8949218481814175,0.9410660865870297,False,168,1290206,2465000,d__Bacteria;p__Bacillota_A;c__Clostridia;o__Lachnospirales;f__Lachnospiraceae;g__Enterocloster;s__Enterocloster excrementigallinarum
404000,0.0005898628276914317,0.07172799254774104,0.00022484870164475365,9.574036511156186e-05,1.5324675324675325,1.0,0.8309658843140982,/tmp/nxf.XXXXsWkdqt/sourmash_database/gtdb-rs214-reps.k51.zip,"GCF_000448565.1 Streptococcus sp. HSISM1 strain=HSISM1, HSISM1_1.0",53f3d965e7b4abf33ef9c9258f5c0f77,0.18816953889147647,154000,339,37146000,ERR688634_2.fastq.gz,ERR688634,cf7fcffb,684905000,51,DNA,1000,684905,True,0.8643335933817272,0.9677774018653437,0.9160554976235354,0.9677774018653437,False,236,1290442,2465000,d__Bacteria;p__Bacillota;c__Bacilli;o__Lactobacillales;f__Streptococcaceae;g__Streptococcus;s__Streptococcus sp000448565
183000,0.0002671903402661683,0.05150501672240803,0.00022484870164475365,8.356997971602434e-05,1.3376623376623376,1.0,1.3300755726052895,/tmp/nxf.XXXXsWkdqt/sourmash_database/gtdb-rs214-reps.k51.zip,"GCF_001487105.1 Mediterraneibacter massiliensis strain=Marseille-P2086, Ruminococcus phoceensis",c5fe58cf7d7e21bc4750ad9966facaa4,0.06120401337792642,154000,340,36992000,ERR688634_2.fastq.gz,ERR688634,cf7fcffb,684905000,51,DNA,1000,684905,True,0.8510158755062422,0.946697805972733,0.8988568407394877,0.946697805972733,False,206,1290648,2465000,d__Bacteria;p__Bacillota_A;c__Clostridia;o__Lachnospirales;f__Lachnospiraceae;g__Mediterraneibacter;s__Mediterraneibacter massiliensis
460000,0.0006716259919258875,0.03941267387944358,0.00022338864514056693,0.0003789046653144016,6.104575163398692,2.0,7.518311761799881,/tmp/nxf.XXXXsWkdqt/sourmash_database/gtdb-rs214-reps.k51.zip,"GCA_900760095.1 uncultured Oxalobacter sp., SRS013098_77",c44885a6f7eeeec3b7e9264a1c9a1881,0.1184956208140134,153000,341,36839000,ERR688634_2.fastq.gz,ERR688634,cf7fcffb,684905000,51,DNA,1000,684905,True,0.8665364061529862,0.959041278030718,0.9127888420918522,0.959041278030718,False,934,1291582,2465000,d__Bacteria;p__Pseudomonadota;c__Gammaproteobacteria;o__Burkholderiales;f__Burkholderiaceae;g__Oxalobacter;s__Oxalobacter sp900760095
169000,0.0002467495492075543,0.057998483699772556,0.00022338864514056693,6.490872210953347e-05,1.0457516339869282,1.0,0.20894597860321282,/tmp/nxf.XXXXsWkdqt/sourmash_database/gtdb-rs214-reps.k51.zip,"GCF_014281125.1 Intestinimonas gabonensis strain=NSJ-47, ASM1428112v1",6b84cef6d89ebcbe758f152b6f283d24,0.0640636846095527,153000,342,36686000,ERR688634_2.fastq.gz,ERR688634,cf7fcffb,684905000,51,DNA,1000,684905,True,0.8496888685869375,0.9475458494257459,0.8986173590063418,0.9475458494257459,False,160,1291742,2465000,d__Bacteria;p__Bacillota_A;c__Clostridia;o__Oscillospirales;f__Oscillospiraceae;g__Instestinimonas_A;s__Instestinimonas_A gabonensis
596000,0.0008701936764952804,0.04851579955314395,0.00022192858863638023,0.00017322515212981745,2.8092105263157894,2.0,3.37898605282004,/tmp/nxf.XXXXsWkdqt/sourmash_database/gtdb-rs214-reps.k51.zip,"GCA_900542495.1 uncultured Roseburia sp., UMGS472",fe149b60c845ed9371f2578172f1c768,0.1902330035110118,152000,343,36534000,ERR688634_2.fastq.gz,ERR688634,cf7fcffb,684905000,51,DNA,1000,684905,True,0.8709484870682997,0.967984382169082,0.9194664346186909,0.967984382169082,False,427,1292169,2465000,d__Bacteria;p__Bacillota_A;c__Clostridia;o__Lachnospirales;f__Lachnospiraceae;g__Roseburia;s__Roseburia sp900542495
151000,0.0002204685321321935,0.0584339696143358,0.00021900847562800682,6.40973630831643e-05,1.0533333333333332,1.0,0.22469732728470287,/tmp/nxf.XXXXsWkdqt/sourmash_database/gtdb-rs214-reps.k51.zip,"GCA_902767315.1 uncultured Clostridiales bacterium, Rumen uncultured genome RUG11247",33dd39126f6634274bdf94ee2c6d5c66,0.058823529411764705,150000,344,36384000,ERR688634_2.fastq.gz,ERR688634,cf7fcffb,684905000,51,DNA,1000,684905,True,0.8478146444345968,0.9459616944974788,0.8968881694660378,0.9459616944974788,False,158,1292327,2465000,d__Bacteria;p__Bacillota_A;c__Clostridia;o__Christensenellales;f__CAG-74;g__RUG11247;s__RUG11247 sp902767315
151000,0.0002204685321321935,0.05405405405405406,0.00021900847562800682,6.328600405679513e-05,1.04,1.0,0.19595917942265423,/tmp/nxf.XXXXsWkdqt/sourmash_database/gtdb-rs214-reps.k51.zip,"GCA_904393115.1 uncultured Clostridia bacterium, Chicken_8_mag_198",7d9293d909e3f6a08510417b4c611342,0.054414414414414414,150000,345,36234000,ERR688634_2.fastq.gz,ERR688634,cf7fcffb,684905000,51,DNA,1000,684905,True,0.8478146444345968,0.9445176494382849,0.8961661469364408,0.9445176494382849,False,156,1292483,2465000,d__Bacteria;p__Bacillota_A;c__Clostridia;o__Christensenellales;f__UBA1750;g__Spyradocola;s__Spyradocola merdavium
267000,0.0003898350866178521,0.060950832994717596,0.00021900847562800682,0.0001415821501014199,2.3266666666666667,2.0,4.441466224370306,/tmp/nxf.XXXXsWkdqt/sourmash_database/gtdb-rs214-reps.k51.zip,"GCF_003024675.1 Faecalibacillus faecis strain=SNUG30370, ASM302467v1",e8bfb79f31a647fa9d06736d1d114bc0,0.10849248273059732,150000,346,36084000,ERR688634_2.fastq.gz,ERR688634,cf7fcffb,684905000,51,DNA,1000,684905,True,0.8573428453117388,0.9573842257676249,0.9073635355396819,0.9573842257676249,False,349,1292832,2465000,d__Bacteria;p__Bacillota;c__Bacilli;o__Erysipelotrichales;f__Coprobacillaceae;g__Faecalibacillus;s__Faecalibacillus faecis
312000,0.00045553762930625413,0.032118991161888336,0.0002175484191238201,0.0001594320486815416,2.6375838926174495,1.0,4.932041200561473,/tmp/nxf.XXXXsWkdqt/sourmash_database/gtdb-rs214-reps.k51.zip,"GCF_900086585.1 Emergencia timonensis strain=SN18, PRJEB13931",b35f559b0a3d5ddfd2dfe0c1c5bf9876,0.06725587411079974,149000,347,35935000,ERR688634_2.fastq.gz,ERR688634,cf7fcffb,684905000,51,DNA,1000,684905,True,0.859965181543862,0.9484497318181273,0.9042074566809947,0.9484497318181273,False,393,1293225,2465000,d__Bacteria;p__Bacillota_A;c__Clostridia;o__Peptostreptococcales;f__Anaerovoracaceae;g__Emergencia;s__Emergencia timonensis
649000,0.0009475766712171761,0.041179744017807454,0.00021608836261963337,0.0001995943204868154,3.324324324324324,3.0,2.2154744968437536,/tmp/nxf.XXXXsWkdqt/sourmash_database/gtdb-rs214-reps.k51.zip,"GCF_019734885.1 Coprococcus catus strain=VPIC661, ASM1973488v1",57838a900e5f5bd01c74a147da155323,0.18057874234835838,148000,348,35787000,ERR688634_2.fastq.gz,ERR688634,cf7fcffb,684905000,51,DNA,1000,684905,True,0.87240456339259,0.9669963521289123,0.9197004577607512,0.9669963521289123,False,492,1293717,2465000,d__Bacteria;p__Bacillota_A;c__Clostridia;o__Lachnospirales;f__Lachnospiraceae;g__Coprococcus_A;s__Coprococcus_A catus
175000,0.0002555098882326746,0.07053742802303263,0.00021462830611544668,6.855983772819472e-05,1.1496598639455782,1.0,0.4859067055354713,/tmp/nxf.XXXXsWkdqt/sourmash_database/gtdb-rs214-reps.k51.zip,"GCA_900540145.1 uncultured Clostridiales bacterium, UMGS207",3ab129f85d45c6a55b7440b132df0aa1,0.08397312859884837,147000,349,35640000,ERR688634_2.fastq.gz,ERR688634,cf7fcffb,684905000,51,DNA,1000,684905,True,0.8502703089183405,0.9525871361098595,0.9014287225141,0.9525871361098595,False,169,1293886,2465000,d__Bacteria;p__Bacillota_A;c__Clostridia;o__Peptostreptococcales;f__Anaerovoracaceae;g__Fimisoma;s__Fimisoma sp900540145
403000,0.0005884027711872449,0.06697038724373576,0.00021462830611544668,0.00012860040567951318,2.1564625850340136,2.0,1.8134069122931293,/tmp/nxf.XXXXsWkdqt/sourmash_database/gtdb-rs214-reps.k51.zip,"GCA_934426285.1 uncultured Blautia sp., ERR7738531_bin.130",6551a8244d6de81e33e5acc5b5fc45d1,0.18359908883826878,147000,350,35493000,ERR688634_2.fastq.gz,ERR688634,cf7fcffb,684905000,51,DNA,1000,684905,True,0.8642915926025058,0.9673109157559372,0.9158012541792215,0.9673109157559372,False,317,1294203,2465000,d__Bacteria;p__Bacillota_A;c__Clostridia;o__Lachnospirales;f__Lachnospiraceae;g__Blautia_A;s__Blautia_A sp934426285
146000,0.00021316824961125995,0.13944603629417382,0.00021316824961125995,7.139959432048681e-05,1.2054794520547945,1.0,0.42066171322696133,/tmp/nxf.XXXXsWkdqt/sourmash_database/gtdb-rs214-reps.k51.zip,"GCA_003343685.1 Clostridiales bacterium, ASM334368v1",877b7c9c36fd043e89814f2aa2c3b61d,0.13944603629417382,146000,351,35347000,ERR688634_2.fastq.gz,ERR688634,cf7fcffb,684905000,51,DNA,1000,684905,True,0.8472550518421477,0.962107611471061,0.9046813316566044,0.962107611471061,False,176,1294379,2465000,d__Bacteria;p__Bacillota_A;c__Clostridia;o__Christensenellales;f__Christensenellaceae;g__QAKS01;s__QAKS01 sp003343685
145000,0.00021170819310707323,0.04979253112033195,0.00021024813660288654,6.247464503042596e-05,1.0694444444444444,1.0,0.32601929428626397,/tmp/nxf.XXXXsWkdqt/sourmash_database/gtdb-rs214-reps.k51.zip,"GCA_025144995.1 Alistipes indistinctus YIT 12060 strain=YIT 12060, ASM2514499v1",040ef9348f9c00963288441e25c354ad,0.05013831258644537,144000,352,35203000,ERR688634_2.fastq.gz,ERR688634,cf7fcffb,684905000,51,DNA,1000,684905,True,0.8471408814627589,0.9430031243476832,0.895072002905221,0.9430031243476832,False,154,1294533,2465000,d__Bacteria;p__Bacteroidota;c__Bacteroidia;o__Bacteroidales;f__Rikenellaceae;g__Alistipes_A;s__Alistipes_A indistinctus
329000,0.00048035858987742827,0.03829787234042553,0.00021024813660288654,0.00043975659229208926,7.527777777777778,6.5,6.620616416044284,/tmp/nxf.XXXXsWkdqt/sourmash_database/gtdb-rs214-reps.k51.zip,"GCA_900753715.1 uncultured Roseburia sp., ERS396384_4",019dedad5bdef1bde2a271388404e85a,0.0875,144000,353,35059000,ERR688634_2.fastq.gz,ERR688634,cf7fcffb,684905000,51,DNA,1000,684905,True,0.8608602563801263,0.9533559027397056,0.907108079559916,0.9533559027397056,False,1084,1295617,2465000,d__Bacteria;p__Bacillota_A;c__Clostridia;o__Lachnospirales;f__Lachnospiraceae;g__Roseburia;s__Roseburia sp900753715
388000,0.0005665019236244442,0.04555520404935147,0.00021024813660288654,0.00017525354969574037,3.0,1.0,4.189935029992179,/tmp/nxf.XXXXsWkdqt/sourmash_database/gtdb-rs214-reps.k51.zip,"GCA_916988195.3 Oscillospiraceae bacterium, POC01_20211130",19587ccd3c5994ce7f71257b0384cd82,0.12274596646630813,144000,354,34915000,ERR688634_2.fastq.gz,ERR688634,cf7fcffb,684905000,51,DNA,1000,684905,True,0.8636490151874626,0.9597042027179198,0.9116766089526912,0.9597042027179198,False,432,1296049,2465000,d__Bacteria;p__Bacillota_A;c__Clostridia;o__Oscillospirales;f__Oscillospiraceae;g__CAG-170;s__CAG-170 sp900549635
153000,0.00022338864514056693,0.06626506024096386,0.00020878808009869982,6.085192697768763e-05,1.048951048951049,1.0,0.2460505186819466,/tmp/nxf.XXXXsWkdqt/sourmash_database/gtdb-rs214-reps.k51.zip,"GCA_020555865.1 bacterium 210917-DFI.7.65 strain=DFI.7.65, ASM2055586v1",362f964cbce47b364c3f7ce3ec61cd29,0.07089898053753475,143000,355,34772000,ERR688634_2.fastq.gz,ERR688634,cf7fcffb,684905000,51,DNA,1000,684905,True,0.8480334102386186,0.9494312654051141,0.8987323378218663,0.9494312654051141,False,150,1296199,2465000,d__Bacteria;p__Bacillota_A;c__Clostridia;o__Oscillospirales;f__Oscillospiraceae;g__Pseudoscilispira;s__Pseudoscilispira sp018369915
784000,0.0011446842992823823,0.06285714285714286,0.00020878808009869982,0.0001306288032454361,2.2517482517482517,2.0,1.6449478979507126,/tmp/nxf.XXXXsWkdqt/sourmash_database/gtdb-rs214-reps.k51.zip,"GCA_900764695.1 Lachnospiraceae bacterium, ERS537209_30",dc9c2b9b1d7ca93581bfd131cf47de1a,0.3446153846153846,143000,356,34629000,ERR688634_2.fastq.gz,ERR688634,cf7fcffb,684905000,51,DNA,1000,684905,True,0.8756431832336522,0.9793279075671568,0.9274855454004045,0.9793279075671568,False,322,1296521,2465000,d__Bacteria;p__Bacillota_A;c__Clostridia;o__Lachnospirales;f__Lachnospiraceae;g__Eubacterium_G;s__Eubacterium_G sp900764695
292000,0.0004263364992225199,0.018988182180321337,0.00020878808009869982,7.505070993914807e-05,1.2937062937062938,1.0,0.8915466864703124,/tmp/nxf.XXXXsWkdqt/sourmash_database/gtdb-rs214-reps.k51.zip,"GCF_001881565.1 Eisenbergiella tayi strain=DSM 26961, ASM188156v1",9baf6a48dca37589fb064628236b2af5,0.03877307130527154,143000,357,34486000,ERR688634_2.fastq.gz,ERR688634,cf7fcffb,684905000,51,DNA,1000,684905,True,0.8588488055194473,0.9382619871858805,0.8985553963526639,0.9382619871858805,False,185,1296706,2465000,d__Bacteria;p__Bacillota_A;c__Clostridia;o__Lachnospirales;f__Lachnospiraceae;g__Eisenbergiella;s__Eisenbergiella tayi
167000,0.0002438294361991809,0.07432788613600422,0.0002058679670903264,8.275862068965517e-05,1.446808510638298,1.0,1.9071553653138222,/tmp/nxf.XXXXsWkdqt/sourmash_database/gtdb-rs214-reps.k51.zip,"GCA_900550765.1 uncultured Clostridia bacterium, UMGS1322",f682c0edc33124fc30cec320f3a1eca8,0.08803373748023194,141000,358,34345000,ERR688634_2.fastq.gz,ERR688634,cf7fcffb,684905000,51,DNA,1000,684905,True,0.8494905493200838,0.9534695893223872,0.9014800693212355,0.9534695893223872,False,204,1296910,2465000,d__Bacteria;p__Bacillota_A;c__Clostridia;o__Christensenellales;f__QALW01;g__UMGS1322;s__UMGS1322 sp900550765
831000,0.0012133069549791578,0.06740491092922485,0.00020440791058613968,0.00017200811359026368,3.0285714285714285,2.0,2.2294869914170747,/tmp/nxf.XXXXsWkdqt/sourmash_database/gtdb-rs214-reps.k51.zip,"GCA_905215045.1 uncultured bacterium, ERR1600571-mag-bin.33",86fb6ba6c0b8bfe828c2fb7e65063883,0.4000962927298989,140000,359,34205000,ERR688634_2.fastq.gz,ERR688634,cf7fcffb,684905000,51,DNA,1000,684905,True,0.8766433741105534,0.9821985857332791,0.9294209799219162,0.9821985857332791,False,424,1297334,2465000,d__Bacteria;p__Bacillota_A;c__Clostridia;o__Lachnospirales;f__Lachnospiraceae;g__Anaerostipes;s__Anaerostipes sp905215045
215000,0.0003139121484001431,0.04314329738058552,0.00020440791058613968,0.000231237322515213,4.071428571428571,1.0,8.045977572802501,/tmp/nxf.XXXXsWkdqt/sourmash_database/gtdb-rs214-reps.k51.zip,"GCF_000210055.1 Gordonibacter pamelaeae 7-10-1-b strain=7-10-1-bT, ASM21005v1",9d497eff52a10c37135e193cbca8d196,0.0662557781201849,140000,360,34065000,ERR688634_2.fastq.gz,ERR688634,cf7fcffb,684905000,51,DNA,1000,684905,True,0.853709203101193,0.9481711575557985,0.9009401803284958,0.9481711575557985,False,570,1297904,2465000,d__Bacteria;p__Actinomycetota;c__Coriobacteriia;o__Coriobacteriales;f__Eggerthellaceae;g__Gordonibacter;s__Gordonibacter pamelaeae
542000,0.0007913506252691979,0.03237829023992546,0.00020294785408195298,0.00010344827586206896,1.8345323741007193,1.0,2.8527334419252246,/tmp/nxf.XXXXsWkdqt/sourmash_database/gtdb-rs214-reps.k51.zip,"GCA_003478355.1 Lachnospiraceae bacterium AM48-27BH strain=AM48-27BH, ASM347835v1",433e1a68da6bde78326b87e03c84a2e5,0.12625203820172373,139000,361,33926000,ERR688634_2.fastq.gz,ERR688634,cf7fcffb,684905000,51,DNA,1000,684905,True,0.8693280739632594,0.9602343185447011,0.9147811962539802,0.9602343185447011,False,255,1298159,2465000,d__Bacteria;p__Bacillota_A;c__Clostridia;o__Lachnospirales;f__Lachnospiraceae;g__UBA3402;s__UBA3402 sp003478355
199000,0.0002905512443331557,0.04896090172595984,0.00020294785408195298,6.734279918864097e-05,1.1942446043165467,1.0,1.234269060144748,/tmp/nxf.XXXXsWkdqt/sourmash_database/gtdb-rs214-reps.k51.zip,"GCF_001486165.1 Bittarella massiliensis strain=GD6, Bittarella massiliensis",cee81f8832b25e09928b320eef2ec320,0.0700951039098274,139000,362,33787000,ERR688634_2.fastq.gz,ERR688634,cf7fcffb,684905000,51,DNA,1000,684905,True,0.8524156729365925,0.9492190054765142,0.9008173392065533,0.9492190054765142,False,166,1298325,2465000,d__Bacteria;p__Bacillota_A;c__Clostridia;o__Oscillospirales;f__Ruminococcaceae;g__Bittarella;s__Bittarella massiliensis
140000,0.00020440791058613968,0.05397951142631994,0.00020002774107357954,5.882352941176471e-05,1.0583941605839415,1.0,0.23448727597385416,/tmp/nxf.XXXXsWkdqt/sourmash_database/gtdb-rs214-reps.k51.zip,"GCF_900099625.1 Lactococcus lactis strain=ATCC 19435, IMG-taxon 2597490350 annotated assembly",7a3af37098573e382ccefd38b7676ba5,0.055161544523246654,137000,363,33650000,ERR688634_2.fastq.gz,ERR688634,cf7fcffb,684905000,51,DNA,1000,684905,True,0.8465581938787194,0.944770239146158,0.8956642165124387,0.944770239146158,False,145,1298470,2465000,d__Bacteria;p__Bacillota;c__Bacilli;o__Lactobacillales;f__Streptococcaceae;g__Lactococcus;s__Lactococcus lactis
442000,0.0006453449748505268,0.03628601921024546,0.00019856768456939284,0.00010628803245436105,1.9264705882352942,1.0,2.861078449849597,/tmp/nxf.XXXXsWkdqt/sourmash_database/gtdb-rs214-reps.k51.zip,"GCF_003435375.1 Clostridium sp. AM34-11AC strain=AM34-11AC, ASM343537v1",dbc6837b95ffa97bbc27800d0a9cc61b,0.11792956243329776,136000,364,33514000,ERR688634_2.fastq.gz,ERR688634,cf7fcffb,684905000,51,DNA,1000,684905,True,0.8658584520167639,0.9589512360475831,0.9124048440321735,0.9589512360475831,False,262,1298732,2465000,d__Bacteria;p__Bacillota_A;c__Clostridia;o__Lachnospirales;f__Lachnospiraceae;g__Copromonas;s__Copromonas sp900066535
230000,0.00033581299596294374,0.0350103734439834,0.00019710762806520612,7.545638945233265e-05,1.3777777777777778,1.0,0.9952975856248308,/tmp/nxf.XXXXsWkdqt/sourmash_database/gtdb-rs214-reps.k51.zip,"GCF_020687545.1 Ruminococcus sp. CLA-AA-H200 strain=CLA-AA-H200, ASM2068754v1",2fa59ef8b68dfb5af85bd56372219a7a,0.05964730290456432,135000,365,33379000,ERR688634_2.fastq.gz,ERR688634,cf7fcffb,684905000,51,DNA,1000,684905,True,0.8548388761793909,0.9462196803897539,0.9005292782845724,0.9462196803897539,False,186,1298918,2465000,d__Bacteria;p__Bacillota_A;c__Clostridia;o__Lachnospirales;f__Lachnospiraceae;g__Mediterraneibacter;s__Mediterraneibacter sp020687545
630000,0.0009198355976376285,0.0208398133748056,0.0001956475715610194,6.69371196754564e-05,1.2313432835820894,1.0,0.43903182328605156,/tmp/nxf.XXXXsWkdqt/sourmash_database/gtdb-rs214-reps.k51.zip,"GCF_902364365.1 Bacteroides intestinalis, MGYG-HGUT-00211",e58638b934056e3a420bbf6ae66ef411,0.09797822706065319,134000,366,33245000,ERR688634_2.fastq.gz,ERR688634,cf7fcffb,684905000,51,DNA,1000,684905,True,0.8718964434392316,0.9554725772165212,0.9136845103278763,0.9554725772165212,False,165,1299083,2465000,d__Bacteria;p__Bacteroidota;c__Bacteroidia;o__Bacteroidales;f__Bacteroidaceae;g__Bacteroides;s__Bacteroides sp900556215
732000,0.0010687613610646733,0.029575272403824772,0.0001941875150568327,0.00013874239350912778,2.5714285714285716,2.0,4.045392281480669,/tmp/nxf.XXXXsWkdqt/sourmash_database/gtdb-rs214-reps.k51.zip,"GCF_001688725.2 Bacteroides caecimuris strain=I48, ASM168872v2",ab6980b646c82f319e107747c493efa9,0.1627751834556371,133000,367,33112000,ERR688634_2.fastq.gz,ERR688634,cf7fcffb,684905000,51,DNA,1000,684905,True,0.8744656603137808,0.9650302898762806,0.9197479750950307,0.9650302898762806,False,342,1299425,2465000,d__Bacteria;p__Bacteroidota;c__Bacteroidia;o__Bacteroidales;f__Bacteroidaceae;g__Bacteroides;s__Bacteroides caecimuris
153000,0.00022338864514056693,0.06146025878003697,0.0001941875150568327,5.882352941176471e-05,1.0902255639097744,1.0,0.3349031195687231,/tmp/nxf.XXXXsWkdqt/sourmash_database/gtdb-rs214-reps.k51.zip,"GCF_014384805.1 Guopingia tenuis strain=NSJ-63, ASM1438480v1",52dc61ae1457c616722c9d96f83fa9a8,0.07070240295748614,133000,368,32979000,ERR688634_2.fastq.gz,ERR688634,cf7fcffb,684905000,51,DNA,1000,684905,True,0.8480334102386186,0.9493795787659352,0.8987064945022769,0.9493795787659352,False,145,1299570,2465000,d__Bacteria;p__Bacillota_A;c__Clostridia;o__Christensenellales;f__Christensenellaceae;g__Guopingia;s__Guopingia tenuis
135000,0.00019710762806520612,0.07861822513400833,0.00019272745855264598,6.044624746450304e-05,1.128787878787879,1.0,0.51353355545704,/tmp/nxf.XXXXsWkdqt/sourmash_database/gtdb-rs214-reps.k51.zip,"GCA_900550625.1 uncultured Clostridiales bacterium, UMGS1312",da4a991fb5719648f92e89699cce1217,0.08040500297796307,132000,369,32847000,ERR688634_2.fastq.gz,ERR688634,cf7fcffb,684905000,51,DNA,1000,684905,True,0.8459547359828418,0.951776466315794,0.8988656011493179,0.951776466315794,False,149,1299719,2465000,d__Bacteria;p__Bacillota_A;c__Clostridia;o__Oscillospirales;f__CAG-272;g__UMGS1312;s__UMGS1312 sp900550625
155000,0.00022630875814894037,0.045817424505380074,0.00019272745855264598,6.896551724137931e-05,1.2878787878787878,1.0,0.9172612647069885,/tmp/nxf.XXXXsWkdqt/sourmash_database/gtdb-rs214-reps.k51.zip,"GCF_900155615.1 Massilimaliae massiliensis strain=Marseille-P2963, Massilimalia massiliensis",e9c573a1e5912754147fbdd6f12f6233,0.053800763623741754,132000,370,32715000,ERR688634_2.fastq.gz,ERR688634,cf7fcffb,684905000,51,DNA,1000,684905,True,0.8482493902021385,0.9443076300526565,0.8962785101273976,0.9443076300526565,False,170,1299889,2465000,d__Bacteria;p__Bacillota_A;c__Clostridia;o__Oscillospirales;f__Ruminococcaceae;g__Massiliimalia;s__Massiliimalia massiliensis
149000,0.0002175484191238201,0.07806912991656734,0.0001912674020484593,6.004056795131846e-05,1.1297709923664123,1.0,0.5153661199883435,/tmp/nxf.XXXXsWkdqt/sourmash_database/gtdb-rs214-reps.k51.zip,"GCA_900554855.1 uncultured Clostridiales bacterium, UMGS1766",419848fd24e958f103dbd380b564b475,0.08879618593563766,131000,371,32584000,ERR688634_2.fastq.gz,ERR688634,cf7fcffb,684905000,51,DNA,1000,684905,True,0.8475930192356642,0.9536308248729248,0.9006119220542945,0.9536308248729248,False,148,1300037,2465000,d__Bacteria;p__Bacillota_A;c__Clostridia;o__Oscillospirales;f__Oscillospiraceae;g__UMGS1766;s__UMGS1766 sp900554855
363000,0.0005300005110197765,0.05658747300215983,0.0001912674020484593,0.00015659229208924948,2.946564885496183,3.0,1.8088542917668375,/tmp/nxf.XXXXsWkdqt/sourmash_database/gtdb-rs214-reps.k51.zip,"GCA_934322085.1 uncultured Eubacterium sp., ERR7738664_bin.12",ed82ff746a1a3f34e32c3f0e351591d2,0.15680345572354212,131000,372,32453000,ERR688634_2.fastq.gz,ERR688634,cf7fcffb,684905000,51,DNA,1000,684905,True,0.8625218848905736,0.9643232979679774,0.9134225914292755,0.9643232979679774,False,386,1300423,2465000,d__Bacteria;p__Bacillota_A;c__Clostridia;o__Lachnospirales;f__Lachnospiraceae;g__Eubacterium_F;s__Eubacterium_F sp934322085
339000,0.0004949591549192954,0.05129209083790133,0.0001912674020484593,0.0007314401622718052,13.763358778625955,2.0,21.8215636963468,/tmp/nxf.XXXXsWkdqt/sourmash_database/gtdb-rs214-reps.k51.zip,"GCF_003438075.1 Eubacterium sp. OM08-24 strain=OM08-24, ASM343807v1",d2b493590326b197c03613ce8b35beb2,0.1327329678935004,131000,373,32322000,ERR688634_2.fastq.gz,ERR688634,cf7fcffb,684905000,51,DNA,1000,684905,True,0.8613658201632087,0.9611773009061705,0.9112715605346896,0.9611773009061705,False,1803,1302226,2465000,d__Bacteria;p__Bacillota_A;c__Clostridia;o__Oscillospirales;f__Acutalibacteraceae;g__Ruminococcus_E;s__Ruminococcus_E sp003438075
706000,0.0010307998919558187,0.06190476190476191,0.00018980734554427256,0.0007399594320486815,14.03076923076923,16.0,10.367062087754706,/tmp/nxf.XXXXsWkdqt/sourmash_database/gtdb-rs214-reps.k51.zip,"GCA_900544235.1 uncultured Collinsella sp., UMGS652",01bec0b8606b77cfabe7945e6e5c1b9d,0.3361904761904762,130000,374,32192000,ERR688634_2.fastq.gz,ERR688634,cf7fcffb,684905000,51,DNA,1000,684905,True,0.8738457763548606,0.9788527401604534,0.926349258257657,0.9788527401604534,False,1824,1304050,2465000,d__Bacteria;p__Actinomycetota;c__Coriobacteriia;o__Coriobacteriales;f__Coriobacteriaceae;g__Collinsella;s__Collinsella sp900544235
130000,0.00018980734554427256,0.06483790523690773,0.00018980734554427256,5.882352941176471e-05,1.1153846153846154,1.0,0.31948553318915673,/tmp/nxf.XXXXsWkdqt/sourmash_database/gtdb-rs214-reps.k51.zip,"GCA_904395815.1 uncultured Holdemania sp., Coassembly_mag_156",87ebc821295b2ff7bc7ec135420ec0ea,0.06483790523690773,130000,375,32062000,ERR688634_2.fastq.gz,ERR688634,cf7fcffb,684905000,51,DNA,1000,684905,True,0.8453289556071572,0.9477690641752797,0.8965490098912184,0.9477690641752797,False,145,1304195,2465000,d__Bacteria;p__Bacillota;c__Bacilli;o__Erysipelotrichales;f__Erysipelotrichaceae;g__Holdemania;s__Holdemania sp904395815
171000,0.00024966966221592776,0.0498848810437452,0.00018980734554427256,7.18052738336714e-05,1.3615384615384616,1.0,1.1502765296547417,/tmp/nxf.XXXXsWkdqt/sourmash_database/gtdb-rs214-reps.k51.zip,"GCF_018918025.1 Oscillibacter sp. MSJ-31 strain=MSJ-31, ASM1891802v1",b4b9b3d4ee70eb2a856753f090684864,0.06561780506523407,130000,376,31932000,ERR688634_2.fastq.gz,ERR688634,cf7fcffb,684905000,51,DNA,1000,684905,True,0.8498849001168685,0.9479912898141697,0.898938094965519,0.9479912898141697,False,177,1304372,2465000,d__Bacteria;p__Bacillota_A;c__Clostridia;o__Oscillospirales;f__Oscillospiraceae;g__ER4;s__ER4 sp900317525
146000,0.00021316824961125995,0.02318530408418049,0.00018980734554427256,5.476673427991886e-05,1.0384615384615385,1.0,0.22883807354836178,/tmp/nxf.XXXXsWkdqt/sourmash_database/gtdb-rs214-reps.k51.zip,"GCF_019042275.1 Diplocloster agilis strain=ASD5720, ASM1904227v1",63522a6aaf09bd10e594a99eb8e7f486,0.02603887997146424,130000,377,31802000,ERR688634_2.fastq.gz,ERR688634,cf7fcffb,684905000,51,DNA,1000,684905,True,0.8472550518421477,0.9309658933949043,0.8891104726185259,0.9309658933949043,False,135,1304507,2465000,d__Bacteria;p__Bacillota_A;c__Clostridia;o__Lachnospirales;f__Lachnospiraceae;g__Diplocloster;s__Diplocloster agilis
497000,0.0007256480825807959,0.028749721417428126,0.00018834728904008584,0.00011967545638945233,2.2868217054263567,2.0,1.336394538884338,/tmp/nxf.XXXXsWkdqt/sourmash_database/gtdb-rs214-reps.k51.zip,"GCF_002965065.1 Escherichia sp. MOD1-EC7003 strain=MOD1-EC7003, ASM296506v1",10464a15002925b3d236f1c4c1df1115,0.11076443057722309,129000,378,31673000,ERR688634_2.fastq.gz,ERR688634,cf7fcffb,684905000,51,DNA,1000,684905,True,0.8678518805254256,0.9577733559685965,0.9128126182470111,0.9577733559685965,False,295,1304802,2465000,d__Bacteria;p__Pseudomonadota;c__Gammaproteobacteria;o__Enterobacterales;f__Enterobacteriaceae;g__Escherichia;s__Escherichia sp002965065
591000,0.0008628933939743468,0.03064400287287527,0.00018688723253589915,0.00015334685598377283,2.953125,1.0,4.957411394505705,/tmp/nxf.XXXXsWkdqt/sourmash_database/gtdb-rs214-reps.k51.zip,"GCF_003461245.1 Blautia sp. AF19-10LB strain=AF19-10LB, ASM346124v1",1010f41a1cf51346c99c112643c1110b,0.1414891070146038,128000,379,31545000,ERR688634_2.fastq.gz,ERR688634,cf7fcffb,684905000,51,DNA,1000,684905,True,0.870804627658975,0.9623820407138722,0.9165933341864236,0.9623820407138722,False,378,1305180,2465000,d__Bacteria;p__Bacillota_A;c__Clostridia;o__Lachnospirales;f__Lachnospiraceae;g__Blautia_A;s__Blautia_A sp000436615
873000,0.0012746293281549997,0.031234748657881894,0.00018688723253589915,0.00024827586206896553,4.78125,3.0,4.536204188250348,/tmp/nxf.XXXXsWkdqt/sourmash_database/gtdb-rs214-reps.k51.zip,"GCF_003471165.1 Ruminococcus sp. AM22-13 strain=AM22-13, ASM347116v1",eb25a624fa651d73118847d8c54261dd,0.2130307467057101,128000,380,31417000,ERR688634_2.fastq.gz,ERR688634,cf7fcffb,684905000,51,DNA,1000,684905,True,0.8774913048799634,0.9701350640003678,0.9238131844401656,0.9701350640003678,False,612,1305792,2465000,d__Bacteria;p__Bacillota_A;c__Clostridia;o__Lachnospirales;f__Lachnospiraceae;g__Blautia_A;s__Blautia_A sp003471165
157000,0.0002292288711573138,0.0635,0.00018542717603171243,6.572008113590263e-05,1.2755905511811023,1.0,0.848130555192346,/tmp/nxf.XXXXsWkdqt/sourmash_database/gtdb-rs214-reps.k51.zip,"GCA_900545285.1 uncultured Ruminococcus sp., UMGS761",196fbc2a962eb9a2444405aac11287a2,0.0785,127000,381,31290000,ERR688634_2.fastq.gz,ERR688634,cf7fcffb,684905000,51,DNA,1000,684905,True,0.8484626550685277,0.9513290914424588,0.8998958732554933,0.9513290914424588,False,162,1305954,2465000,d__Bacteria;p__Bacillota_A;c__Clostridia;o__Oscillospirales;f__Ruminococcaceae;g__Ruminococcus_C;s__Ruminococcus_C sp900545285
126000,0.0001839671195275257,0.03227459016393443,0.0001839671195275257,5.273833671399594e-05,1.0317460317460319,1.0,0.1753231907490041,/tmp/nxf.XXXXsWkdqt/sourmash_database/gtdb-rs214-reps.k51.zip,"GCA_019421015.1 Coriobacteriaceae bacterium, ASM1942101v1",7b93cb94f37974c2f7514de4885a6eac,0.03227459016393443,126000,382,31164000,ERR688634_2.fastq.gz,ERR688634,cf7fcffb,684905000,51,DNA,1000,684905,True,0.8448111009601673,0.9348931446590967,0.889852122809632,0.9348931446590967,False,130,1306084,2465000,d__Bacteria;p__Actinomycetota;c__Coriobacteriia;o__Coriobacteriales;f__UMGS124;g__JAHZGC01;s__JAHZGC01 sp019421015
137000,0.00020002774107357954,0.05289672544080604,0.0001839671195275257,5.5172413793103446e-05,1.0793650793650793,1.0,0.32374727070430376,/tmp/nxf.XXXXsWkdqt/sourmash_database/gtdb-rs214-reps.k51.zip,"GCA_019424865.1 bacterium, ASM1942486v1",eb2c49d3836a01084110b6c2eb736988,0.05751469353484467,126000,383,31038000,ERR688634_2.fastq.gz,ERR688634,cf7fcffb,684905000,51,DNA,1000,684905,True,0.8461987071374308,0.9455444230617713,0.8958715650996011,0.9455444230617713,False,136,1306220,2465000,d__Bacteria;p__Bacillota_A;c__Clostridia;o__Oscillospirales;f__Oscillospiraceae;g__Lawsonibacter;s__Lawsonibacter sp019424865
1084000,0.0015827012505383957,0.02550499897980004,0.000182507063023339,0.00012332657200811358,2.432,1.0,3.9926652752265626,/tmp/nxf.XXXXsWkdqt/sourmash_database/gtdb-rs214-reps.k51.zip,"GCF_000156195.1 Bacteroides finegoldii DSM 17565 strain=DSM 17565, ASM15619v1",9d0fea771ba61065a50bf9434f874c00,0.22117935115282594,125000,384,30913000,ERR688634_2.fastq.gz,ERR688634,cf7fcffb,684905000,51,DNA,1000,684905,True,0.8812238726750848,0.9708493730731569,0.9260366228741208,0.9708493730731569,False,304,1306524,2465000,d__Bacteria;p__Bacteroidota;c__Bacteroidia;o__Bacteroidales;f__Bacteroidaceae;g__Bacteroides;s__Bacteroides finegoldii
225000,0.0003285127134420102,0.052100840336134456,0.0001810470065191523,5.882352941176471e-05,1.1693548387096775,1.0,0.4158507446565721,/tmp/nxf.XXXXsWkdqt/sourmash_database/gtdb-rs214-reps.k51.zip,"GCA_900754775.1 Clostridia bacterium, ERS396508_32",f8b4dc6df2aad26dace78e7a37f578e1,0.09453781512605042,124000,385,30789000,ERR688634_2.fastq.gz,ERR688634,cf7fcffb,684905000,51,DNA,1000,684905,True,0.8544705550817266,0.9548031311112801,0.9046368430965034,0.9548031311112801,False,145,1306669,2465000,d__Bacteria;p__Bacillota_A;c__Clostridia;o__Christensenellales;f__CAG-74;g__Pullichristensenella;s__Pullichristensenella excrementipullorum
164000,0.00023944926668662076,0.028531983433041877,0.0001810470065191523,6.774847870182556e-05,1.346774193548387,1.0,2.0001788421599573,/tmp/nxf.XXXXsWkdqt/sourmash_database/gtdb-rs214-reps.k51.zip,"GCF_022867805.1 Cuneatibacter sp. NSJ-177 strain=NSJ-177, ASM2286780v1",fea312479575615c9b10a9f8c40a79d2,0.03773584905660377,124000,386,30665000,ERR688634_2.fastq.gz,ERR688634,cf7fcffb,684905000,51,DNA,1000,684905,True,0.8491886609767482,0.9377632694041231,0.8934759651904356,0.9377632694041231,False,167,1306836,2465000,d__Bacteria;p__Bacillota_A;c__Clostridia;o__Lachnospirales;f__Lachnospiraceae;g__Pseudolachnospira;s__Pseudolachnospira sp022867805
229000,0.00033435293945875704,0.025982256020278833,0.0001795869500149656,6.288032454361055e-05,1.2601626016260163,1.0,0.8345915545891929,/tmp/nxf.XXXXsWkdqt/sourmash_database/gtdb-rs214-reps.k51.zip,"GCA_025148635.1 Butyricimonas virosa strain=DSM 23226, ASM2514863v1",f1e48f4468897441260545c7b17e1afc,0.04837346852555978,123000,387,30542000,ERR688634_2.fastq.gz,ERR688634,cf7fcffb,684905000,51,DNA,1000,684905,True,0.8547658441223122,0.9423407781890799,0.898553311155696,0.9423407781890799,False,155,1306991,2465000,d__Bacteria;p__Bacteroidota;c__Bacteroidia;o__Bacteroidales;f__Marinifilaceae;g__Butyricimonas;s__Butyricimonas virosa
161000,0.00023506909717406062,0.023522662076878944,0.0001795869500149656,5.963488843813387e-05,1.1951219512195121,1.0,1.3713594026163092,/tmp/nxf.XXXXsWkdqt/sourmash_database/gtdb-rs214-reps.k51.zip,"GCF_000025985.1 Bacteroides fragilis NCTC 9343, ASM2598v1",5ed7bd7e8a301425ed2ad891c3e399f5,0.030789825970548863,123000,388,30419000,ERR688634_2.fastq.gz,ERR688634,cf7fcffb,684905000,51,DNA,1000,684905,True,0.8488813092693501,0.9340302164732017,0.8914557628712759,0.9340302164732017,False,147,1307138,2465000,d__Bacteria;p__Bacteroidota;c__Bacteroidia;o__Bacteroidales;f__Bacteroidaceae;g__Bacteroides;s__Bacteroides fragilis
254000,0.00037085435206342485,0.05555555555555555,0.0001795869500149656,0.00024705882352941174,4.951219512195122,5.0,3.1721697802003,/tmp/nxf.XXXXsWkdqt/sourmash_database/gtdb-rs214-reps.k51.zip,"GCF_000770925.1 Bifidobacterium ruminantium DSM 6489 strain=DSM 6489, DSM-6489",3c1402f3c31b6c7312c4128d45f008a4,0.11472448057813911,123000,389,30296000,ERR688634_2.fastq.gz,ERR688634,cf7fcffb,684905000,51,DNA,1000,684905,True,0.8565041627284137,0.9584332774738624,0.907468720101138,0.9584332774738624,False,609,1307747,2465000,d__Bacteria;p__Actinomycetota;c__Actinomycetia;o__Actinomycetales;f__Bifidobacteriaceae;g__Bifidobacterium;s__Bifidobacterium ruminantium
126000,0.0001839671195275257,0.10074318744838975,0.00017812689351077887,5.63894523326572e-05,1.139344262295082,1.0,0.3907868013462366,/tmp/nxf.XXXXsWkdqt/sourmash_database/gtdb-rs214-reps.k51.zip,"GCA_900554725.1 uncultured Clostridiales bacterium, UMGS1746",b4c5b98c911a11d7f594b082b2f42370,0.10404624277456648,122000,390,30174000,ERR688634_2.fastq.gz,ERR688634,cf7fcffb,684905000,51,DNA,1000,684905,True,0.8448111009601673,0.9565990152264114,0.9007050580932894,0.9565990152264114,False,139,1307886,2465000,d__Bacteria;p__Bacillota_A;c__Clostridia;o__Christensenellales;f__Christensenellaceae;g__QANA01;s__QANA01 sp900554725
261000,0.0003810747475927318,0.04196766425868593,0.00017812689351077887,8.438133874239351e-05,1.7049180327868851,1.0,2.5079824187887576,/tmp/nxf.XXXXsWkdqt/sourmash_database/gtdb-rs214-reps.k51.zip,"GCA_902362775.1 Clostridiales bacterium, MGYG-HGUT-00059",2ca2415a56b17a7605d564832d0d1253,0.08978328173374613,122000,391,30052000,ERR688634_2.fastq.gz,ERR688634,cf7fcffb,684905000,51,DNA,1000,684905,True,0.8569608538974843,0.9538375624268617,0.905399208162173,0.9538375624268617,False,208,1308094,2465000,d__Bacteria;p__Bacillota_A;c__Clostridia;o__Oscillospirales;f__Oscillospiraceae;g__Lawsonibacter;s__Lawsonibacter sp900066645
176000,0.0002569699447368613,0.04333810888252149,0.00017666683700659215,6.815415821501014e-05,1.3884297520661157,1.0,0.9652807652745544,/tmp/nxf.XXXXsWkdqt/sourmash_database/gtdb-rs214-reps.k51.zip,"GCA_022846035.1 Christensenellaceae bacterium strain=CE91-St37, ASM2284603v1",8dcb977711cf76dd6e06a87a2bdd3e22,0.06303724928366762,121000,392,29931000,ERR688634_2.fastq.gz,ERR688634,cf7fcffb,684905000,51,DNA,1000,684905,True,0.8503653114444489,0.9472458063739986,0.8988055589092238,0.9472458063739986,False,168,1308262,2465000,d__Bacteria;p__Bacillota_A;c__Clostridia;o__Christensenellales;f__Christensenellaceae;g__Christensenella;s__Christensenella sp022846035
122000,0.00017812689351077887,0.06568946796959826,0.00017666683700659215,5.070993914807302e-05,1.0330578512396693,1.0,0.1787876665519334,/tmp/nxf.XXXXsWkdqt/sourmash_database/gtdb-rs214-reps.k51.zip,"GCA_944386855.1 uncultured Oscillospiraceae bacterium, E37__bin177",d539af99be7108fb66c4aec14adcaab8,0.06623235613463627,121000,393,29810000,ERR688634_2.fastq.gz,ERR688634,cf7fcffb,684905000,51,DNA,1000,684905,True,0.8442768712294982,0.9481645841297196,0.8962207276796089,0.9481645841297196,False,125,1308387,2465000,d__Bacteria;p__Bacillota_A;c__Clostridia;o__Oscillospirales;f__Oscillospiraceae;g__CALXCR01;s__CALXCR01 sp944386855
635000,0.0009271358801585622,0.04207920792079208,0.00017374672399821873,0.0002795131845841785,5.7899159663865545,2.0,7.465184119800273,/tmp/nxf.XXXXsWkdqt/sourmash_database/gtdb-rs214-reps.k51.zip,"GCA_900765705.1 uncultured Faecalibacterium sp., SRS294968_37",4d091449c88adab74bc019ab4d12afb5,0.22454031117397455,119000,394,29691000,ERR688634_2.fastq.gz,ERR688634,cf7fcffb,684905000,51,DNA,1000,684905,True,0.8720316009314927,0.9711365077692903,0.9215840543503915,0.9711365077692903,False,689,1309076,2465000,d__Bacteria;p__Bacillota_A;c__Clostridia;o__Oscillospirales;f__Ruminococcaceae;g__Faecalibacterium;s__Faecalibacterium sp900765705
365000,0.0005329206240281499,0.03017241379310345,0.00017374672399821873,0.00011359026369168358,2.3529411764705883,1.0,2.9946401287536157,/tmp/nxf.XXXXsWkdqt/sourmash_database/gtdb-rs214-reps.k51.zip,"GCF_900104675.1 Angelakisella massiliensis strain=Marseille-P3217, PRJEB16361",81b55df77b553fa23ed30dba338c2196,0.09254563894523327,119000,395,29572000,ERR688634_2.fastq.gz,ERR688634,cf7fcffb,684905000,51,DNA,1000,684905,True,0.8626148142720437,0.9544044811239953,0.9085096476980195,0.9544044811239953,False,280,1309356,2465000,d__Bacteria;p__Bacillota_A;c__Clostridia;o__Oscillospirales;f__Ruminococcaceae;g__Angelakisella;s__Angelakisella massiliensis
142000,0.00020732802359451312,0.03653250773993808,0.000172286667494032,8.559837728194726e-05,1.7881355932203389,1.0,2.231711720172089,/tmp/nxf.XXXXsWkdqt/sourmash_database/gtdb-rs214-reps.k51.zip,"GCA_004556545.1 Clostridiales bacterium, ASM455654v1",c71202e6db5c1137a51aa0b2459f0c0a,0.04396284829721362,118000,396,29454000,ERR688634_2.fastq.gz,ERR688634,cf7fcffb,684905000,51,DNA,1000,684905,True,0.8467936799384077,0.9405758845131654,0.8936847822257865,0.9405758845131654,False,211,1309567,2465000,d__Bacteria;p__Bacillota_A;c__Clostridia;o__Christensenellales;f__CAG-74;g__Limiplasma;s__Limiplasma sp004556545
1009000,0.0014731970127243924,0.04162257495590829,0.000172286667494032,0.0001460446247464503,3.0508474576271185,2.0,4.284080617757174,/tmp/nxf.XXXXsWkdqt/sourmash_database/gtdb-rs214-reps.k51.zip,"GCF_000146185.1 [Eubacterium] eligens ATCC 27750 strain=ATCC 27750, ASM14618v1",6f23354d1c492f2e5d90eb1f6ead0ebb,0.3559082892416226,118000,397,29336000,ERR688634_2.fastq.gz,ERR688634,cf7fcffb,684905000,51,DNA,1000,684905,True,0.8799858777674172,0.9799472712193198,0.9299665744933685,0.9799472712193198,False,360,1309927,2465000,d__Bacteria;p__Bacillota_A;c__Clostridia;o__Lachnospirales;f__Lachnospiraceae;g__Lachnospira;s__Lachnospira eligens
119000,0.00017374672399821873,0.05332725615314494,0.00017082661098984531,5.070993914807302e-05,1.0683760683760684,1.0,0.2842442589455708,/tmp/nxf.XXXXsWkdqt/sourmash_database/gtdb-rs214-reps.k51.zip,"GCA_022770625.1 Oscillospiraceae bacterium, ASM2277062v1",2fdcef283c5c8d07eb570c1f16048606,0.05423883318140383,117000,398,29219000,ERR688634_2.fastq.gz,ERR688634,cf7fcffb,684905000,51,DNA,1000,684905,True,0.8438648065850528,0.9444577956149934,0.8941613011000231,0.9444577956149934,False,125,1310052,2465000,d__Bacteria;p__Bacillota_A;c__Clostridia;o__Oscillospirales;f__Ruminococcaceae;g__Faecivivens;s__Faecivivens sp022770625
514000,0.00075046904315197,0.01407942238267148,0.00017082661098984531,0.00011034482758620689,2.324786324786325,1.0,3.7068406614508858,/tmp/nxf.XXXXsWkdqt/sourmash_database/gtdb-rs214-reps.k51.zip,"GCA_900761785.1 uncultured Bacteroides sp., SRS098827_17",45fd8f7382853829c2c562be7916791a,0.061853188929001206,117000,399,29102000,ERR688634_2.fastq.gz,ERR688634,cf7fcffb,684905000,51,DNA,1000,684905,True,0.8684243961478715,0.9468936792822459,0.9076590377150586,0.9468936792822459,False,272,1310324,2465000,d__Bacteria;p__Bacteroidota;c__Bacteroidia;o__Bacteroidales;f__Bacteroidaceae;g__Bacteroides;s__Bacteroides sp900761785
145000,0.00021170819310707323,0.05390334572490706,0.0001693665544856586,7.099391480730223e-05,1.5086206896551724,1.0,2.7776686132599018,/tmp/nxf.XXXXsWkdqt/sourmash_database/gtdb-rs214-reps.k51.zip,"GCA_900759575.1 Clostridia bacterium, ERS608618_39",bb44600109de8b3ff68365dcd1372584,0.06737918215613382,116000,400,28986000,ERR688634_2.fastq.gz,ERR688634,cf7fcffb,684905000,51,DNA,1000,684905,True,0.8471408814627589,0.9484837973610926,0.8978123394119257,0.9484837973610926,False,175,1310499,2465000,d__Bacteria;p__Bacillota_A;c__Clostridia;o__Oscillospirales;f__Acutalibacteraceae;g__Acutalibacter;s__Acutalibacter sp900759575
349000,0.0005095597199611626,0.024181780279341255,0.0001693665544856586,0.00018417849898580123,3.913793103448276,3.0,5.111800016185069,/tmp/nxf.XXXXsWkdqt/sourmash_database/gtdb-rs214-reps.k51.zip,"GCF_900108345.1 Bacteroides ndongoniae strain=Marseille-P3108, PRJEB16738",cf59023868c799c0ae17196ae485d4c7,0.07275380446112154,116000,401,28870000,ERR688634_2.fastq.gz,ERR688634,cf7fcffb,684905000,51,DNA,1000,684905,True,0.8618569693051291,0.949912155782057,0.9058845625435931,0.949912155782057,False,454,1310953,2465000,d__Bacteria;p__Bacteroidota;c__Bacteroidia;o__Bacteroidales;f__Bacteroidaceae;g__Mediterranea;s__Mediterranea ndongoniae
171000,0.00024966966221592776,0.04824375793482861,0.00016644644147728517,5.598377281947262e-05,1.2105263157894737,1.0,0.8931875130777445,/tmp/nxf.XXXXsWkdqt/sourmash_database/gtdb-rs214-reps.k51.zip,"GCA_900553635.1 uncultured Lachnospiraceae bacterium, UMGS1628",bfce1c94f80e8b36998b36bcb6e67514,0.07236563690224292,114000,402,28756000,ERR688634_2.fastq.gz,ERR688634,cf7fcffb,684905000,51,DNA,1000,684905,True,0.8498849001168685,0.9498125200395489,0.8998487100782087,0.9498125200395489,False,138,1311091,2465000,d__Bacteria;p__Bacillota_A;c__Clostridia;o__Lachnospirales;f__Lachnospiraceae;g__Merdisoma;s__Merdisoma sp900553635
1127000,0.0016454836802184244,0.028141199703776845,0.00016644644147728517,0.00026369168356997973,5.701754385964913,3.0,6.2603315653481815,/tmp/nxf.XXXXsWkdqt/sourmash_database/gtdb-rs214-reps.k51.zip,"GCF_013304735.1 Blautia luti strain=MSK.16.34, ASM1330473v1",f94992f34c1453c8a3bbe507e60a272f,0.27820291286102194,114000,403,28642000,ERR688634_2.fastq.gz,ERR688634,cf7fcffb,684905000,51,DNA,1000,684905,True,0.8818963013024297,0.9752256846664346,0.9285609929844321,0.9752256846664346,False,650,1311741,2465000,d__Bacteria;p__Bacillota_A;c__Clostridia;o__Lachnospirales;f__Lachnospiraceae;g__Blautia_A;s__Blautia_A sp900066205
291000,0.0004248764427183332,0.057389537836465214,0.00016498638497309845,0.00015050709939148072,3.2831858407079646,3.0,1.6155714983708356,/tmp/nxf.XXXXsWkdqt/sourmash_database/gtdb-rs214-reps.k51.zip,"GCA_002451755.1 Ruminococcaceae bacterium UBA6855, ASM245175v1",3f3ddad3b8648e008b0c0a3b958bd36d,0.14779075672930422,113000,404,28529000,ERR688634_2.fastq.gz,ERR688634,cf7fcffb,684905000,51,DNA,1000,684905,True,0.858791036659055,0.9632046576373651,0.9109978471482101,0.9632046576373651,False,371,1312112,2465000,d__Bacteria;p__Bacillota_A;c__Clostridia;o__Oscillospirales;f__Acutalibacteraceae;g__CAG-177;s__CAG-177 sp002451755
382000,0.000557741584599324,0.03949667948269836,0.00016498638497309845,8.96551724137931e-05,1.9557522123893805,2.0,1.059214774538809,/tmp/nxf.XXXXsWkdqt/sourmash_database/gtdb-rs214-reps.k51.zip,"GCA_934435205.1 uncultured Ruminococcus sp., ERR7738659_bin.122",9b1edd776ea58df3e37e2d014efe6eaf,0.13351974833974134,113000,405,28416000,ERR688634_2.fastq.gz,ERR688634,cf7fcffb,684905000,51,DNA,1000,684905,True,0.8633851390841143,0.9612886916911652,0.9123369153876397,0.9612886916911652,False,221,1312333,2465000,d__Bacteria;p__Bacillota_A;c__Clostridia;o__Oscillospirales;f__Ruminococcaceae;g__Ruminococcus_D;s__Ruminococcus_D sp934435205
272000,0.0003971353691387857,0.04075009015506671,0.00016498638497309845,8.803245436105476e-05,1.920353982300885,2.0,0.9968232099347768,/tmp/nxf.XXXXsWkdqt/sourmash_database/gtdb-rs214-reps.k51.zip,"GCF_900184965.1 Akkermansia muciniphila, Mouse_2_MG.fasta",f053d4e57f3245b4117b07a5ec7481ba,0.09808871258564732,113000,406,28303000,ERR688634_2.fastq.gz,ERR688634,cf7fcffb,684905000,51,DNA,1000,684905,True,0.8576547967866718,0.9554936918673871,0.9065742443270295,0.9554936918673871,False,217,1312550,2465000,d__Bacteria;p__Verrucomicrobiota;c__Verrucomicrobiae;o__Verrucomicrobiales;f__Akkermansiaceae;g__Akkermansia;s__Akkermansia muciniphila_A
342000,0.0004993393244318555,0.03394495412844037,0.00016206627196472504,7.545638945233265e-05,1.6756756756756757,1.0,1.5547785228688018,/tmp/nxf.XXXXsWkdqt/sourmash_database/gtdb-rs214-reps.k51.zip,"GCA_018228645.1 Clostridiaceae bacterium Marseille-Q4143 strain=Marseille-Q4143, ASM1822864v1",a6e3f0ddb83c8ece408a2558b79a4b7a,0.10458715596330276,111000,407,28192000,ERR688634_2.fastq.gz,ERR688634,cf7fcffb,684905000,51,DNA,1000,684905,True,0.8615146403758231,0.9566962802145035,0.9091054602951634,0.9566962802145035,False,186,1312736,2465000,d__Bacteria;p__Bacillota_A;c__Clostridia;o__Lachnospirales;f__Lachnospiraceae;g__Choladocola;s__Choladocola sp003481535
593000,0.0008658135069827202,0.055251368840219015,0.00016206627196472504,0.0005026369168356998,11.162162162162161,5.0,12.367161210485447,/tmp/nxf.XXXXsWkdqt/sourmash_database/gtdb-rs214-reps.k51.zip,"GCA_905207425.1 uncultured Collinsella sp., ERR414303-mag-bin.14",937c8b8b578a9f5b87c3181cc229da7e,0.29517172722747637,111000,408,28081000,ERR688634_2.fastq.gz,ERR688634,cf7fcffb,684905000,51,DNA,1000,684905,True,0.8708623140857651,0.9763584942677828,0.9236104041767739,0.9763584942677828,False,1239,1313975,2465000,d__Bacteria;p__Actinomycetota;c__Coriobacteriia;o__Coriobacteriales;f__Coriobacteriaceae;g__Collinsella;s__Collinsella sp905207425
176000,0.0002569699447368613,0.043772383605252686,0.0001606062154605383,0.00010304259634888438,2.309090909090909,1.0,3.0562765657382833,/tmp/nxf.XXXXsWkdqt/sourmash_database/gtdb-rs214-reps.k51.zip,"GCA_019420945.1 Clostridiales bacterium, ASM1942094v1",1a2e81135a27eeeb9d445a1f1bce4863,0.0700358137684043,110000,409,27971000,ERR688634_2.fastq.gz,ERR688634,cf7fcffb,684905000,51,DNA,1000,684905,True,0.8503653114444489,0.9492032558163306,0.8997842836303898,0.9492032558163306,False,254,1314229,2465000,d__Bacteria;p__Bacillota_A;c__Clostridia;o__Oscillospirales;f__Oscillospiraceae;g__UMGS1766;s__UMGS1766 sp019420945
297000,0.0004336367817434535,0.033120632026739594,0.00015914615895635162,0.00014442190669371196,3.2660550458715596,3.0,2.5110478891405297,/tmp/nxf.XXXXsWkdqt/sourmash_database/gtdb-rs214-reps.k51.zip,"GCA_902363045.1 Clostridiales bacterium, MGYG-HGUT-00086",a282ad36db26e663e16711b78eb2ca9a,0.0902461257976299,109000,410,27862000,ERR688634_2.fastq.gz,ERR688634,cf7fcffb,684905000,51,DNA,1000,684905,True,0.8591347712356959,0.9539337343579675,0.9065342527968316,0.9539337343579675,False,356,1314585,2465000,d__Bacteria;p__Bacillota_A;c__Clostridia;o__Oscillospirales;f__Oscillospiraceae;g__Lawsonibacter;s__Lawsonibacter sp902363045
116000,0.0001693665544856586,0.04568527918781726,0.0001576861024521649,4.584178498985801e-05,1.0462962962962963,1.0,0.21012603181315218,/tmp/nxf.XXXXsWkdqt/sourmash_database/gtdb-rs214-reps.k51.zip,"GCA_934615635.1 uncultured Eubacteriales bacterium, ERR7738665_bin.208",2b1c0b47311024e4e86a74814cf02bb6,0.049069373942470386,108000,411,27754000,ERR688634_2.fastq.gz,ERR688634,cf7fcffb,684905000,51,DNA,1000,684905,True,0.8434424288956496,0.9426047370703489,0.8930235829829992,0.9426047370703489,False,113,1314698,2465000,d__Bacteria;p__Bacillota_A;c__Clostridia;o__Oscillospirales;f__Acutalibacteraceae;g__CAKTXU01;s__CAKTXU01 sp934615635
110000,0.0001606062154605383,0.04879160966712266,0.00015622604594797817,4.705882352941177e-05,1.0841121495327102,1.0,0.364845257868096,/tmp/nxf.XXXXsWkdqt/sourmash_database/gtdb-rs214-reps.k51.zip,"GCA_900552055.1 uncultured Clostridiales bacterium, UMGS1471",62fc21cfc04d779bce9fb5e5bd237c2a,0.050159598723210214,107000,412,27647000,ERR688634_2.fastq.gz,ERR688634,cf7fcffb,684905000,51,DNA,1000,684905,True,0.8425645511692063,0.9430109727222941,0.8927877619457502,0.9430109727222941,False,116,1314814,2465000,d__Bacteria;p__Bacillota_A;c__Clostridia;o__Christensenellales;f__QALW01;g__QALW01;s__QALW01 sp900552055
328000,0.0004788985333732415,0.027705851890212324,0.00015622604594797817,0.0001793103448275862,4.130841121495327,3.0,4.387927601762479,/tmp/nxf.XXXXsWkdqt/sourmash_database/gtdb-rs214-reps.k51.zip,"GCA_934371575.1 uncultured Blautia sp., ERR7738559_bin.137",18655693fb91e9cf591bdfda56428098,0.08493008803728638,107000,413,27540000,ERR688634_2.fastq.gz,ERR688634,cf7fcffb,684905000,51,DNA,1000,684905,True,0.8608088739687088,0.9527988128005259,0.9068038433846173,0.9527988128005259,False,442,1315256,2465000,d__Bacteria;p__Bacillota_A;c__Clostridia;o__Lachnospirales;f__Lachnospiraceae;g__Blautia_A;s__Blautia_A sp934371575
128000,0.00018688723253589915,0.040392600981502456,0.00015622604594797817,4.787018255578093e-05,1.102803738317757,1.0,0.4520892195307598,/tmp/nxf.XXXXsWkdqt/sourmash_database/gtdb-rs214-reps.k51.zip,"GCF_024499055.1 Turicibacter bilis strain=MMM721, ASM2449905v1",645f6a8878cea29f494b6aad2d08782e,0.048320120800302,107000,414,27433000,ERR688634_2.fastq.gz,ERR688634,cf7fcffb,684905000,51,DNA,1000,684905,True,0.8450720115707467,0.9423203898722234,0.893696200721485,0.9423203898722234,False,118,1315374,2465000,d__Bacteria;p__Bacillota;c__Bacilli;o__Haloplasmatales;f__Turicibacteraceae;g__Turicibacter;s__Turicibacter bilis
303000,0.00044239712076857377,0.02970019613337069,0.00015476598944379148,6.288032454361055e-05,1.4622641509433962,1.0,1.6944667347369027,/tmp/nxf.XXXXsWkdqt/sourmash_database/gtdb-rs214-reps.k51.zip,"GCF_003478505.1 Clostridium sp. AF27-2AA strain=AF27-2AA, ASM347850v1",b10dd0b114052058cb5fbad68d74b337,0.08489773045671056,106000,415,27327000,ERR688634_2.fastq.gz,ERR688634,cf7fcffb,684905000,51,DNA,1000,684905,True,0.8594717641383761,0.9527916936755008,0.9061317289069384,0.9527916936755008,False,155,1315529,2465000,d__Bacteria;p__Bacillota_A;c__Clostridia;o__Lachnospirales;f__Lachnospiraceae;g__Ventrimonas;s__Ventrimonas sp003478505
407000,0.0005942429972039918,0.05096153846153846,0.00015476598944379148,6.328600405679513e-05,1.471698113207547,1.0,0.7295326388370266,/tmp/nxf.XXXXsWkdqt/sourmash_database/gtdb-rs214-reps.k51.zip,"GCF_943193075.1 Streptococcus sp. DSM 110150, Streptococcus_sp_nov_DSM110150",3ccd6568a61dd81addc2db62bb4fa2ab,0.19567307692307692,106000,416,27221000,ERR688634_2.fastq.gz,ERR688634,cf7fcffb,684905000,51,DNA,1000,684905,True,0.8644589869019051,0.9685196857342613,0.9164893363180833,0.9685196857342613,False,156,1315685,2465000,d__Bacteria;p__Bacillota;c__Bacilli;o__Lactobacillales;f__Streptococcaceae;g__Streptococcus;s__Streptococcus parasanguinis_E
109000,0.00015914615895635162,0.032517807370703006,0.00015330593293960476,4.503042596348884e-05,1.0571428571428572,1.0,0.410077145554495,/tmp/nxf.XXXXsWkdqt/sourmash_database/gtdb-rs214-reps.k51.zip,"GCA_900542045.1 uncultured Blautia sp., UMGS421",90d82bd393b6c6d68d2cf30399a16198,0.03375658098482502,105000,417,27116000,ERR688634_2.fastq.gz,ERR688634,cf7fcffb,684905000,51,DNA,1000,684905,True,0.8424136880708414,0.9357164907236838,0.8890650893972626,0.9357164907236838,False,111,1315796,2465000,d__Bacteria;p__Bacillota_A;c__Clostridia;o__Lachnospirales;f__Lachnospiraceae;g__Blautia_A;s__Blautia_A gallistercoris
288000,0.0004204962732057731,0.043933054393305436,0.00015330593293960476,8.843813387423935e-05,2.0761904761904764,2.0,1.200755619998056,/tmp/nxf.XXXXsWkdqt/sourmash_database/gtdb-rs214-reps.k51.zip,"GCA_900544435.1 uncultured Erysipelotrichaceae bacterium, UMGS673",de0daac384e1b59d48aa1703e632114c,0.1205020920502092,105000,418,27011000,ERR688634_2.fastq.gz,ERR688634,cf7fcffb,684905000,51,DNA,1000,684905,True,0.8586165550015611,0.9593570823106996,0.9089868186561303,0.9593570823106996,False,218,1316014,2465000,d__Bacteria;p__Bacillota;c__Bacilli;o__Erysipelotrichales;f__Coprobacillaceae;g__Faecalibacillus;s__Faecalibacillus sp900544435
276000,0.0004029755951555325,0.05666486778197517,0.00015330593293960476,0.00012738336713995942,2.9904761904761905,3.0,1.6987123307865988,/tmp/nxf.XXXXsWkdqt/sourmash_database/gtdb-rs214-reps.k51.zip,"GCA_900554945.1 uncultured Coriobacteriaceae bacterium, UMGS1773",d7e9861f4f1239116edadc0a3efd2ab9,0.1489476524554776,105000,419,26906000,ERR688634_2.fastq.gz,ERR688634,cf7fcffb,684905000,51,DNA,1000,684905,True,0.8579003364446616,0.9633519344060136,0.9106261354253375,0.9633519344060136,False,314,1316328,2465000,d__Bacteria;p__Actinomycetota;c__Coriobacteriia;o__Coriobacteriales;f__Eggerthellaceae;g__Ellagibacter;s__Ellagibacter sp900554945
129000,0.00018834728904008584,0.07028112449799197,0.00015330593293960476,6.612576064908722e-05,1.5523809523809524,1.0,2.199484581965478,/tmp/nxf.XXXXsWkdqt/sourmash_database/gtdb-rs214-reps.k51.zip,"GCA_900557275.1 uncultured Roseburia sp., UMGS2025",d52be34c382842593134864997cae61c,0.08634538152610442,105000,420,26801000,ERR688634_2.fastq.gz,ERR688634,cf7fcffb,684905000,51,DNA,1000,684905,True,0.8452009717836522,0.9531076237023808,0.8991542977430165,0.9531076237023808,False,163,1316491,2465000,d__Bacteria;p__Bacillota_A;c__Clostridia;o__Lachnospirales;f__Lachnospiraceae;g__Eubacterium_I;s__Eubacterium_I sp900557275
110000,0.0001606062154605383,0.04396984924623116,0.00015330593293960476,4.62474645030426e-05,1.0857142857142856,1.0,0.2799416848895061,/tmp/nxf.XXXXsWkdqt/sourmash_database/gtdb-rs214-reps.k51.zip,"GCF_000278725.1 Actinomyces sp. ICM47 strain=ICM47, AspICM47v1.0",8b8f0e0aad36e8fdf4cec72e4f8774c9,0.046063651591289785,105000,421,26696000,ERR688634_2.fastq.gz,ERR688634,cf7fcffb,684905000,51,DNA,1000,684905,True,0.8425645511692063,0.9414371683510869,0.8920008597601465,0.9414371683510869,False,114,1316605,2465000,d__Bacteria;p__Actinomycetota;c__Actinomycetia;o__Actinomycetales;f__Actinomycetaceae;g__Pauljensenia;s__Pauljensenia sp000278725
1446000,0.0021112417050539855,0.01567398119122257,0.00015330593293960476,8.519269776876267e-05,2.0,1.0,2.943920288775949,/tmp/nxf.XXXXsWkdqt/sourmash_database/gtdb-rs214-reps.k51.zip,"GCF_014334015.1 Bacteroides sp. M10 strain=M10, ASM1433401v1",e43d5d90afd8ffb683d480ea8b36d926,0.21585311240483654,105000,422,26591000,ERR688634_2.fastq.gz,ERR688634,cf7fcffb,684905000,51,DNA,1000,684905,True,0.8862167617153871,0.9703854603046662,0.9283011110100267,0.9703854603046662,False,210,1316815,2465000,d__Bacteria;p__Bacteroidota;c__Bacteroidia;o__Bacteroidales;f__Bacteroidaceae;g__Bacteroides;s__Bacteroides intestinigallinarum
725000,0.0010585409655353662,0.03699788583509514,0.00015330593293960476,0.00038296146044624745,8.99047619047619,3.0,9.146943531241394,/tmp/nxf.XXXXsWkdqt/sourmash_database/gtdb-rs214-reps.k51.zip,"GCF_023347295.1 Faecalibacterium sp. I3333 strain=I3333, ASM2334729v1",3b6cf553b824e515e9cd45240064d4e7,0.255461592670895,105000,423,26486000,ERR688634_2.fastq.gz,ERR688634,cf7fcffb,684905000,51,DNA,1000,684905,True,0.8743009186312536,0.9735963423230969,0.9239486304771752,0.9735963423230969,False,944,1317759,2465000,d__Bacteria;p__Bacillota_A;c__Clostridia;o__Oscillospirales;f__Ruminococcaceae;g__Faecalibacterium;s__Faecalibacterium sp003449675
104000,0.00015184587643541806,0.05973578403216542,0.00015184587643541806,4.462474645030426e-05,1.0576923076923077,1.0,0.27128338422434395,/tmp/nxf.XXXXsWkdqt/sourmash_database/gtdb-rs214-reps.k51.zip,"GCA_944383465.1 uncultured Clostridia bacterium, E07__bin309",8122498196a7ea11949ba5bc5d7e32a3,0.05973578403216542,104000,424,26382000,ERR688634_2.fastq.gz,ERR688634,cf7fcffb,684905000,51,DNA,1000,684905,True,0.8416384135564433,0.9462471825008021,0.8939427980286228,0.9462471825008021,False,110,1317869,2465000,d__Bacteria;p__Bacillota_A;c__Clostridia;o__Peptostreptococcales;f__Anaerovoracaceae;g__QAKD01;s__QAKD01 sp003343965
211000,0.00030807192238339626,0.03869047619047619,0.00015184587643541806,8.559837728194726e-05,2.0288461538461537,1.0,3.8542103121362636,/tmp/nxf.XXXXsWkdqt/sourmash_database/gtdb-rs214-reps.k51.zip,"GCF_900312975.1 Massilistercora timonensis strain=Marseille-P3756, PRJEB24953",e14795623bf296cdd2e1ecd8d8a39e26,0.07849702380952381,104000,425,26278000,ERR688634_2.fastq.gz,ERR688634,cf7fcffb,684905000,51,DNA,1000,684905,True,0.8533948968777161,0.9513283842139829,0.9023616405458494,0.9513283842139829,False,211,1318080,2465000,d__Bacteria;p__Bacillota_A;c__Clostridia;o__Lachnospirales;f__Lachnospiraceae;g__Massilistercora;s__Massilistercora timonensis
193000,0.00028179090530803543,0.020046710782405604,0.00015038581993123134,4.787018255578093e-05,1.145631067961165,1.0,0.6741807972527076,/tmp/nxf.XXXXsWkdqt/sourmash_database/gtdb-rs214-reps.k51.zip,"GCF_003477885.1 Lachnotalea sp. AF33-28 strain=AF33-28, ASM347788v1",fc650a07ac93edfd32d2eef5971eeb6d,0.03756325418450759,103000,426,26175000,ERR688634_2.fastq.gz,ERR688634,cf7fcffb,684905000,51,DNA,1000,684905,True,0.8519041324601655,0.9376789801202693,0.8947915562902173,0.9376789801202693,False,118,1318198,2465000,d__Bacteria;p__Bacillota_A;c__Clostridia;o__Lachnospirales;f__Lachnospiraceae;g__AF33-28;s__AF33-28 sp003477885
104000,0.00015184587643541806,0.0456989247311828,0.00014892576342704462,4.3407707910750506e-05,1.0490196078431373,1.0,0.2159089759367181,/tmp/nxf.XXXXsWkdqt/sourmash_database/gtdb-rs214-reps.k51.zip,"GCA_900543555.1 uncultured Ruminococcaceae bacterium, UMGS581",e87fa72ec8d4c2f5a130c2ef2ccca301,0.04659498207885305,102000,427,26073000,ERR688634_2.fastq.gz,ERR688634,cf7fcffb,684905000,51,DNA,1000,684905,True,0.8416384135564433,0.941648898935772,0.8916436562461076,0.941648898935772,False,107,1318305,2465000,d__Bacteria;p__Bacillota_A;c__Clostridia;o__Oscillospirales;f__Acutalibacteraceae;g__Acutalibacter;s__Acutalibacter stercoravium
138000,0.00020148779757776626,0.034147974556411116,0.00014892576342704462,5.39553752535497e-05,1.303921568627451,1.0,1.326865802028833,/tmp/nxf.XXXXsWkdqt/sourmash_database/gtdb-rs214-reps.k51.zip,"GCA_905214955.1 uncultured bacterium, ERR1430502-mag-bin.37",7b3f23d55e6311868c00b66e6b4ed5a5,0.046200200870438565,102000,428,25971000,ERR688634_2.fastq.gz,ERR688634,cf7fcffb,684905000,51,DNA,1000,684905,True,0.8463193863210874,0.941491809762316,0.8939055980417017,0.941491809762316,False,133,1318438,2465000,d__Bacteria;p__Bacillota_A;c__Clostridia;o__Lachnospirales;f__Lachnospiraceae;g__Limivivens;s__Limivivens sp905214955
528000,0.0007709098342105839,0.03484320557491289,0.0001460056504186712,0.00030223123732251524,7.45,3.0,9.385494126576395,/tmp/nxf.XXXXsWkdqt/sourmash_database/gtdb-rs214-reps.k51.zip,"GCA_022713905.1 Collinsella sp., ASM2271390v1",823a3cb35afe74aa665ddf9fdd803a9d,0.18397212543554006,100000,429,25871000,ERR688634_2.fastq.gz,ERR688634,cf7fcffb,684905000,51,DNA,1000,684905,True,0.8688821085824711,0.9673494143303024,0.9181157614563867,0.9673494143303024,False,745,1319183,2465000,d__Bacteria;p__Actinomycetota;c__Coriobacteriia;o__Coriobacteriales;f__Coriobacteriaceae;g__Collinsella;s__Collinsella sp022713905
694000,0.001013279213905578,0.0249003984063745,0.0001460056504186712,0.00034685598377281947,8.55,8.0,5.516112761719071,/tmp/nxf.XXXXsWkdqt/sourmash_database/gtdb-rs214-reps.k51.zip,"GCF_014287515.2 Roseburia sp. NSJ-69 strain=NSJ-69, ASM1428751v2",bdfe3843830bc5a0201ffceb3183fb4d,0.17280876494023906,100000,430,25771000,ERR688634_2.fastq.gz,ERR688634,cf7fcffb,684905000,51,DNA,1000,684905,True,0.8735520888516579,0.9661627938527215,0.9198574413521897,0.9661627938527215,False,855,1320038,2465000,d__Bacteria;p__Bacillota_A;c__Clostridia;o__Lachnospirales;f__Lachnospiraceae;g__Roseburia;s__Roseburia sp003470905
151000,0.0002204685321321935,0.03481012658227848,0.00014454559391448448,5.598377281947262e-05,1.393939393939394,1.0,1.3470370164177496,/tmp/nxf.XXXXsWkdqt/sourmash_database/gtdb-rs214-reps.k51.zip,"GCA_001940855.1 Christensenellaceae bacterium Phil1, ASM194085v1",c9ae0bb78c12a5339c335934f594c37c,0.05309423347398031,99000,431,25672000,ERR688634_2.fastq.gz,ERR688634,cf7fcffb,684905000,51,DNA,1000,684905,True,0.8478146444345968,0.9440628947172459,0.8959387695759213,0.9440628947172459,False,138,1320176,2465000,d__Bacteria;p__Bacillota_A;c__Clostridia;o__Christensenellales;f__CAG-138;g__Phil1;s__Phil1 sp001940855
101000,0.00014746570692285792,0.0509783728115345,0.00014454559391448448,4.62474645030426e-05,1.1515151515151516,1.0,0.5195887333176439,/tmp/nxf.XXXXsWkdqt/sourmash_database/gtdb-rs214-reps.k51.zip,"GCA_019423445.1 Oscillospiraceae bacterium, ASM1942344v1",e3e701a0a5d6f889fb1b9644ef56f4ef,0.052008238928939236,99000,432,25573000,ERR688634_2.fastq.gz,ERR688634,cf7fcffb,684905000,51,DNA,1000,684905,True,0.841155511397976,0.9436804198286428,0.8924179656133093,0.9436804198286428,False,114,1320290,2465000,d__Bacteria;p__Bacillota_A;c__Clostridia;o__Oscillospirales;f__Ruminococcaceae;g__Angelakisella;s__Angelakisella sp019423445
103000,0.00015038581993123134,0.04479638009049774,0.00014454559391448448,4.787018255578093e-05,1.1919191919191918,1.0,0.8489657127050786,/tmp/nxf.XXXXsWkdqt/sourmash_database/gtdb-rs214-reps.k51.zip,"GCA_944386835.1 uncultured Oscillospiraceae bacterium, E05__bin171",4353ab173b74be841a85d974335a5a3f,0.04660633484162896,99000,433,25474000,ERR688634_2.fastq.gz,ERR688634,cf7fcffb,684905000,51,DNA,1000,684905,True,0.841478980906731,0.9416533970385662,0.8915661889726486,0.9416533970385662,False,118,1320408,2465000,d__Bacteria;p__Bacillota_A;c__Clostridia;o__Oscillospirales;f__Oscillospiraceae;g__CALXCQ01;s__CALXCQ01 sp944386835
100000,0.0001460056504186712,0.0434401053093462,0.00014454559391448448,4.300202839756592e-05,1.0707070707070707,1.0,0.2931033965363012,/tmp/nxf.XXXXsWkdqt/sourmash_database/gtdb-rs214-reps.k51.zip,"GCA_944387035.1 uncultured Oscillospiraceae bacterium, BRZ_EH__bin138",7bb24dd6c0d7cce1c19af2b23bdec253,0.04387889425186485,99000,434,25375000,ERR688634_2.fastq.gz,ERR688634,cf7fcffb,684905000,51,DNA,1000,684905,True,0.8409914141587619,0.9405406323040323,0.8907660232313971,0.9405406323040323,False,106,1320514,2465000,d__Bacteria;p__Bacillota_A;c__Clostridia;o__Oscillospirales;f__Oscillospiraceae;g__Dysosmobacter;s__Dysosmobacter sp944387035
122000,0.00017812689351077887,0.029429250891795482,0.00014454559391448448,4.0973630831643e-05,1.02020202020202,1.0,0.14069079067862744,/tmp/nxf.XXXXsWkdqt/sourmash_database/gtdb-rs214-reps.k51.zip,"GCF_900078395.1 Anaerotruncus rubiinfantis strain=MT15, PRJEB13168",2d1350ea2c14a6e41647805260a1b107,0.03626634958382877,99000,435,25276000,ERR688634_2.fastq.gz,ERR688634,cf7fcffb,684905000,51,DNA,1000,684905,True,0.8442768712294982,0.9370331971673348,0.8906550341984165,0.9370331971673348,False,101,1320615,2465000,d__Bacteria;p__Bacillota_A;c__Clostridia;o__Oscillospirales;f__Ruminococcaceae;g__Anaerotruncus;s__Anaerotruncus rubiinfantis
102000,0.00014892576342704462,0.029814420444174018,0.00014308553741029778,4.0567951318458416e-05,1.0204081632653061,1.0,0.14139190265868387,/tmp/nxf.XXXXsWkdqt/sourmash_database/gtdb-rs214-reps.k51.zip,"GCA_001487125.1 Gabonibacter massiliensis strain=GM7, Sanguibacteroides massiliensis",00c1a9ef0a5de6a60fa53f41a864eec9,0.031031335564344387,98000,436,25178000,ERR688634_2.fastq.gz,ERR688634,cf7fcffb,684905000,51,DNA,1000,684905,True,0.841318023436909,0.934173321025507,0.887745672231208,0.934173321025507,False,100,1320715,2465000,d__Bacteria;p__Bacteroidota;c__Bacteroidia;o__Bacteroidales;f__Marinifilaceae;g__Gabonibacter;s__Gabonibacter massiliensis
101000,0.00014746570692285792,0.04472843450479233,0.00014308553741029778,4.3407707910750506e-05,1.0918367346938775,1.0,0.4537088586819532,/tmp/nxf.XXXXsWkdqt/sourmash_database/gtdb-rs214-reps.k51.zip,"GCA_900759005.1 Clostridia bacterium, ERS608572_48",c8da4d804d74d315043823a23db02efb,0.046097672295755364,98000,437,25080000,ERR688634_2.fastq.gz,ERR688634,cf7fcffb,684905000,51,DNA,1000,684905,True,0.841155511397976,0.9414507968781458,0.8913031541380609,0.9414507968781458,False,107,1320822,2465000,d__Bacteria;p__Bacillota_A;c__Clostridia;o__Christensenellales;f__CAG-74;g__Faecivicinus;s__Faecivicinus sp900759005
113000,0.00016498638497309845,0.054113749309773605,0.00014308553741029778,4.219066937119676e-05,1.0612244897959184,1.0,0.2790774353301499,/tmp/nxf.XXXXsWkdqt/sourmash_database/gtdb-rs214-reps.k51.zip,"GCA_934717555.1 uncultured Clostridium sp., ERR7738620_bin.164",b16d22a0f28f9add60a690c75da69ed7,0.0623964660408614,98000,438,24982000,ERR688634_2.fastq.gz,ERR688634,cf7fcffb,684905000,51,DNA,1000,684905,True,0.8430092030847316,0.9470560573080458,0.8950326301963887,0.9470560573080458,False,104,1320926,2465000,d__Bacteria;p__Bacillota_A;c__Clostridia;o__Oscillospirales;f__Acutalibacteraceae;g__CAJFUH01;s__CAJFUH01 sp934717555
454000,0.0006628656529007673,0.018974960876369327,0.00014162548090611106,0.00020283975659229209,5.154639175257732,2.0,6.950992224930381,/tmp/nxf.XXXXsWkdqt/sourmash_database/gtdb-rs214-reps.k51.zip,"GCA_900762515.1 uncultured Odoribacter sp., SRS144506_36",81ef5d08316e74d552edff3f0ef7eae3,0.08881064162754304,97000,439,24885000,ERR688634_2.fastq.gz,ERR688634,cf7fcffb,684905000,51,DNA,1000,684905,True,0.866313356256615,0.9536338687003156,0.9099736124784653,0.9536338687003156,False,500,1321426,2465000,d__Bacteria;p__Bacteroidota;c__Bacteroidia;o__Bacteroidales;f__Marinifilaceae;g__Odoribacter;s__Odoribacter sp900762515
103000,0.00015038581993123134,0.05070569785676947,0.00014162548090611106,4.908722109533469e-05,1.2474226804123711,1.0,1.5333470420091388,/tmp/nxf.XXXXsWkdqt/sourmash_database/gtdb-rs214-reps.k51.zip,"GCA_900772685.1 Lachnospiraceae bacterium, SRS883021_122",87f06b2d9f99500460d2f88880138ce9,0.05384213277574491,97000,440,24788000,ERR688634_2.fastq.gz,ERR688634,cf7fcffb,684905000,51,DNA,1000,684905,True,0.841478980906731,0.9443218621156106,0.8929004215111709,0.9443218621156106,False,121,1321547,2465000,d__Bacteria;p__Bacillota_A;c__Clostridia;o__Lachnospirales;f__Lachnospiraceae;g__Alectryocaccobium;s__Alectryocaccobium sp900772685
396000,0.0005781823756579379,0.036452461480646375,0.00014162548090611106,0.00015172413793103449,3.8556701030927836,4.0,3.0051148518170363,/tmp/nxf.XXXXsWkdqt/sourmash_database/gtdb-rs214-reps.k51.zip,"GCA_934359255.1 uncultured Ruminococcus sp., ERR7746048_bin.107",70a26e0e5b06dfdbb1d87ccd1d5be2e4,0.1488162344983089,97000,441,24691000,ERR688634_2.fastq.gz,ERR688634,cf7fcffb,684905000,51,DNA,1000,684905,True,0.8639946941896058,0.9633352610220988,0.9136649776058523,0.9633352610220988,False,374,1321921,2465000,d__Bacteria;p__Bacillota_A;c__Clostridia;o__Lachnospirales;f__Lachnospiraceae;g__Oliverpabstia;s__Oliverpabstia sp934359255
815000,0.0011899460509121702,0.022237505731315912,0.00014162548090611106,0.00015334685598377283,3.8969072164948453,1.0,4.391849376988481,/tmp/nxf.XXXXsWkdqt/sourmash_database/gtdb-rs214-reps.k51.zip,"GCF_003477525.1 Ruminococcus sp. AF41-9 strain=AF41-9, ASM347752v1",56651f1a74d2fe01cb7edb358cd92d0c,0.1868408986703347,97000,442,24594000,ERR688634_2.fastq.gz,ERR688634,cf7fcffb,684905000,51,DNA,1000,684905,True,0.8763092530669228,0.967642948714679,0.921976100890801,0.967642948714679,False,378,1322299,2465000,d__Bacteria;p__Bacillota_A;c__Clostridia;o__Lachnospirales;f__Lachnospiraceae;g__Blautia_A;s__Blautia_A sp003477525
419000,0.0006117636752542324,0.04549763033175355,0.00014016542440192437,7.829614604462474e-05,2.0104166666666665,1.5,1.5034321267427482,/tmp/nxf.XXXXsWkdqt/sourmash_database/gtdb-rs214-reps.k51.zip,"GCA_022739095.1 Bifidobacterium sp., ASM2273909v1",127b5b96bc0e58257ded8fe716797033,0.1985781990521327,96000,443,24498000,ERR688634_2.fastq.gz,ERR688634,cf7fcffb,684905000,51,DNA,1000,684905,True,0.8649516609612411,0.9687996033117761,0.9168756321365086,0.9687996033117761,False,193,1322492,2465000,d__Bacteria;p__Actinomycetota;c__Actinomycetia;o__Actinomycetales;f__Bifidobacteriaceae;g__Bifidobacterium;s__Bifidobacterium sp022739095
308000,0.0004496974032895073,0.034200213751335945,0.00014016542440192437,0.00015456389452332656,3.96875,3.0,4.248659408664494,/tmp/nxf.XXXXsWkdqt/sourmash_database/gtdb-rs214-reps.k51.zip,"GCF_003481705.1 Butyricicoccus sp. OM04-18BH strain=OM04-18BH, ASM348170v1",fdafa387cfe9876f6fbac387581ed7dd,0.10972568578553615,96000,444,24402000,ERR688634_2.fastq.gz,ERR688634,cf7fcffb,684905000,51,DNA,1000,684905,True,0.8597476310487248,0.9575964243708747,0.9086720277097997,0.9575964243708747,False,381,1322873,2465000,d__Bacteria;p__Bacillota_A;c__Clostridia;o__Oscillospirales;f__Butyricicoccaceae;g__Agathobaculum;s__Agathobaculum sp003481705
95000,0.00013870536789773765,0.054945054945054944,0.00013870536789773765,4.462474645030426e-05,1.1578947368421053,1.0,0.44285650458868686,/tmp/nxf.XXXXsWkdqt/sourmash_database/gtdb-rs214-reps.k51.zip,"GCA_000436375.1 Azospirillum sp. CAG:239, MGS239",5345a1a765edd38ade409b415885e591,0.054945054945054944,95000,445,24307000,ERR688634_2.fastq.gz,ERR688634,cf7fcffb,684905000,51,DNA,1000,684905,True,0.8401460115155048,0.9446973951966686,0.8924217033560867,0.9446973951966686,False,110,1322983,2465000,d__Bacteria;p__Pseudomonadota;c__Alphaproteobacteria;o__RF32;f__CAG-239;g__Scatacola_A;s__Scatacola_A faecigallinarum
115000,0.00016790649798147187,0.03234686854783207,0.00013724531139355092,3.8539553752535496e-05,1.0106382978723405,1.0,0.10259202937226548,/tmp/nxf.XXXXsWkdqt/sourmash_database/gtdb-rs214-reps.k51.zip,"GCA_018712945.1 Candidatus Pullichristensenella stercorigallinarum, ASM1871294v1",3891959666be7e309eea07bc8a8f877b,0.0395732966276669,94000,446,24213000,ERR688634_2.fastq.gz,ERR688634,cf7fcffb,684905000,51,DNA,1000,684905,True,0.8432992532556455,0.9386378933525801,0.8909685733041128,0.9386378933525801,False,95,1323078,2465000,d__Bacteria;p__Bacillota_A;c__Clostridia;o__Christensenellales;f__CAG-74;g__Pullichristensenella;s__Pullichristensenella stercorigallinarum
134000,0.0001956475715610194,0.04150110375275938,0.00013724531139355092,4.503042596348884e-05,1.1808510638297873,1.0,0.8747372366243281,/tmp/nxf.XXXXsWkdqt/sourmash_database/gtdb-rs214-reps.k51.zip,"GCA_900542245.1 uncultured Clostridiales bacterium, UMGS434",1e1587688c0bbc5f21c0ad2f35efed77,0.059161147902869755,94000,447,24119000,ERR688634_2.fastq.gz,ERR688634,cf7fcffb,684905000,51,DNA,1000,684905,True,0.8458314183981259,0.9460678541623907,0.8959496362802584,0.9460678541623907,False,111,1323189,2465000,d__Bacteria;p__Bacillota_A;c__Clostridia;o__Peptostreptococcales;f__Anaerovoracaceae;g__CAG-238;s__CAG-238 sp900542245
95000,0.00013870536789773765,0.054682955206515414,0.00013724531139355092,4.0973630831643e-05,1.074468085106383,1.0,0.3003317917764491,/tmp/nxf.XXXXsWkdqt/sourmash_database/gtdb-rs214-reps.k51.zip,"GCA_900545365.1 uncultured Dialister sp., UMGS766",f21b9862d108c6a684516686f83c0b05,0.055264688772542175,94000,448,24025000,ERR688634_2.fastq.gz,ERR688634,cf7fcffb,684905000,51,DNA,1000,684905,True,0.8401460115155048,0.9448048463782185,0.8924754289468617,0.9448048463782185,False,101,1323290,2465000,d__Bacteria;p__Bacillota_C;c__Negativicutes;o__Veillonellales;f__Dialisteraceae;g__UBA1822;s__UBA1822 sp900545365
286000,0.00041757616019739963,0.03907563025210084,0.00013578525488936423,0.00015172413793103449,4.021505376344086,3.0,3.8127643419690194,/tmp/nxf.XXXXsWkdqt/sourmash_database/gtdb-rs214-reps.k51.zip,"GCA_003447295.1 Lachnospiraceae bacterium, ASM344729v1",2ea778b1d90b2a80e3eed8d1fdad1ce8,0.12016806722689076,93000,449,23932000,ERR688634_2.fastq.gz,ERR688634,cf7fcffb,684905000,51,DNA,1000,684905,True,0.8584992411570292,0.9593048685393128,0.908902054848171,0.9593048685393128,False,374,1323664,2465000,d__Bacteria;p__Bacillota_A;c__Clostridia;o__Lachnospirales;f__Lachnospiraceae;g__Acetatifactor;s__Acetatifactor sp003447295
385000,0.0005621217541118841,0.03481842006739049,0.00013578525488936423,0.00013955375253549697,3.6989247311827955,4.0,2.4353355125835807,/tmp/nxf.XXXXsWkdqt/sourmash_database/gtdb-rs214-reps.k51.zip,"GCA_025150425.1 [Eubacterium] siraeum strain=DSM 15702, ASM2515042v1",7c24794bacadf19541e3a6bc077d6d28,0.1441407712467241,93000,450,23839000,ERR688634_2.fastq.gz,ERR688634,cf7fcffb,684905000,51,DNA,1000,684905,True,0.8635175811059936,0.9627324807866177,0.9131250309463057,0.9627324807866177,False,344,1324008,2465000,d__Bacteria;p__Bacillota_A;c__Clostridia;o__Oscillospirales;f__Ruminococcaceae;g__Ruminiclostridium_E;s__Ruminiclostridium_E siraeum
95000,0.00013870536789773765,0.046804227478610974,0.00013578525488936423,4.0567951318458416e-05,1.075268817204301,1.0,0.26382460529860857,/tmp/nxf.XXXXsWkdqt/sourmash_database/gtdb-rs214-reps.k51.zip,"GCA_944388395.1 uncultured Ruthenibacterium sp., E01__bin7",f780e70174753eada9ec7130a07b2095,0.04781077000503271,93000,451,23746000,ERR688634_2.fastq.gz,ERR688634,cf7fcffb,684905000,51,DNA,1000,684905,True,0.8401460115155048,0.9421246084971259,0.8911353100063153,0.9421246084971259,False,100,1324108,2465000,d__Bacteria;p__Bacillota_A;c__Clostridia;o__Oscillospirales;f__Ruminococcaceae;g__Ruthenibacterium;s__Ruthenibacterium sp944388395
95000,0.00013870536789773765,0.05977907732293697,0.0001343251983851775,3.975659229208925e-05,1.065217391304348,1.0,0.2875816642461511,/tmp/nxf.XXXXsWkdqt/sourmash_database/gtdb-rs214-reps.k51.zip,"GCA_000434775.1 Eggerthella sp. CAG:368, MGS368",f37628f6a3ca22665771b3d6ad6c7edb,0.06172839506172839,92000,452,23654000,ERR688634_2.fastq.gz,ERR688634,cf7fcffb,684905000,51,DNA,1000,684905,True,0.8401460115155048,0.9468561826665568,0.8935010970910309,0.9468561826665568,False,98,1324206,2465000,d__Bacteria;p__Actinomycetota;c__Coriobacteriia;o__Coriobacteriales;f__Eggerthellaceae;g__Anaerotardibacter;s__Anaerotardibacter sp000434775
418000,0.0006103036187500456,0.020937642239417388,0.0001343251983851775,8.356997971602434e-05,2.239130434782609,2.0,1.245597160937112,/tmp/nxf.XXXXsWkdqt/sourmash_database/gtdb-rs214-reps.k51.zip,"GCA_021307345.1 Escherichia coli strain=E69, ASM2130734v1",16da23244605ebeb4b38a016ebcc0853,0.09512972234865726,92000,453,23562000,ERR688634_2.fastq.gz,ERR688634,cf7fcffb,684905000,51,DNA,1000,684905,True,0.8649111365950332,0.9549199901402321,0.9099155633676326,0.9549199901402321,False,206,1324412,2465000,d__Bacteria;p__Pseudomonadota;c__Gammaproteobacteria;o__Enterobacterales;f__Enterobacteriaceae;g__Escherichia;s__Escherichia ruysiae
334000,0.0004876588723983618,0.025520110957004162,0.0001343251983851775,5.476673427991886e-05,1.4673913043478262,1.0,1.3944851547725088,/tmp/nxf.XXXXsWkdqt/sourmash_database/gtdb-rs214-reps.k51.zip,"GCF_003478035.1 Clostridium sp. OF03-18AA strain=OF03-18AA, ASM347803v1",86ff0e7697688dce4a633d3f845b8f4e,0.09264909847434119,92000,454,23470000,ERR688634_2.fastq.gz,ERR688634,cf7fcffb,684905000,51,DNA,1000,684905,True,0.8611148933220433,0.9544253903977074,0.9077701418598754,0.9544253903977074,False,135,1324547,2465000,d__Bacteria;p__Bacillota_A;c__Clostridia;o__Lachnospirales;f__Lachnospiraceae;g__Copromonas;s__Copromonas sp900066785
118000,0.000172286667494032,0.02236810114271821,0.0001343251983851775,9.046653144016227e-05,2.4239130434782608,1.0,6.292220344362057,/tmp/nxf.XXXXsWkdqt/sourmash_database/gtdb-rs214-reps.k51.zip,"GCF_014287675.1 Lawsonibacter sp. NSJ-52 strain=NSJ-52, ASM1428767v1",9def839fbc3e9de2fede333e9bdbb632,0.028689521030877706,92000,455,23378000,ERR688634_2.fastq.gz,ERR688634,cf7fcffb,684905000,51,DNA,1000,684905,True,0.8437251855042801,0.9327371622872301,0.8882311738957551,0.9327371622872301,False,223,1324770,2465000,d__Bacteria;p__Bacillota_A;c__Clostridia;o__Oscillospirales;f__Oscillospiraceae;g__Pseudoflavonifractor;s__Pseudoflavonifractor sp014287675
111000,0.00016206627196472504,0.037422037422037424,0.0001314050853768041,3.8539553752535496e-05,1.0555555555555556,1.0,0.2290614236454256,/tmp/nxf.XXXXsWkdqt/sourmash_database/gtdb-rs214-reps.k51.zip,"GCA_900543485.1 uncultured Eubacterium sp., UMGS574",9ffb769e19521a2c0b25111aa317d7c1,0.046153846153846156,90000,456,23288000,ERR688634_2.fastq.gz,ERR688634,cf7fcffb,684905000,51,DNA,1000,684905,True,0.8427140756234973,0.9414732782813832,0.8920936769524402,0.9414732782813832,False,95,1324865,2465000,d__Bacteria;p__Bacillota_A;c__Clostridia;o__Peptostreptococcales;f__Anaerovoracaceae;g__Lentihominibacter;s__Lentihominibacter excrementipullorum
93000,0.00013578525488936423,0.05798969072164949,0.0001314050853768041,3.935091277890467e-05,1.0777777777777777,1.0,0.2678215731820877,/tmp/nxf.XXXXsWkdqt/sourmash_database/gtdb-rs214-reps.k51.zip,"GCA_900763355.1 Clostridia bacterium, SRS1596808_82",2a95e6a2c055dd4bbb8e38013bcb754f,0.059922680412371136,90000,457,23198000,ERR688634_2.fastq.gz,ERR688634,cf7fcffb,684905000,51,DNA,1000,684905,True,0.8397955724377454,0.9463051434564693,0.8930503579471074,0.9463051434564693,False,97,1324962,2465000,d__Bacteria;p__Bacillota_A;c__Clostridia;o__Oscillospirales;f__Butyricicoccaceae;g__UBA4644;s__UBA4644 sp900763355
89000,0.00012994502887261737,0.04403760514596734,0.00012994502887261737,3.935091277890467e-05,1.0898876404494382,1.0,0.28602072047995186,/tmp/nxf.XXXXsWkdqt/sourmash_database/gtdb-rs214-reps.k51.zip,"GCA_904384225.1 uncultured Ruminococcaceae bacterium, Chicken_20_mag_175",6f4feba084b67c7a25d9e83395c93575,0.04403760514596734,89000,458,23109000,ERR688634_2.fastq.gz,ERR688634,cf7fcffb,684905000,51,DNA,1000,684905,True,0.8390719620842412,0.9406072193237607,0.8898395907040009,0.9406072193237607,False,97,1325059,2465000,d__Bacteria;p__Bacillota_A;c__Clostridia;o__Oscillospirales;f__Ruminococcaceae;g__UBA866;s__UBA866 sp904384225
452000,0.0006599455398923938,0.03821102909248806,0.00012848497236843065,0.00010263691683569979,2.875,2.0,1.8574940352284017,/tmp/nxf.XXXXsWkdqt/sourmash_database/gtdb-rs214-reps.k51.zip,"GCA_934643185.1 uncultured Eubacteriales bacterium, ERR7738937_bin.9",566ac1cc351334f580494a5a9cb0bd06,0.19626574033868865,88000,459,23021000,ERR688634_2.fastq.gz,ERR688634,cf7fcffb,684905000,51,DNA,1000,684905,True,0.8662383636351759,0.9685771200328472,0.9174077418340116,0.9685771200328472,False,253,1325312,2465000,d__Bacteria;p__Bacillota_A;c__Clostridia;o__Oscillospirales;f__Acutalibacteraceae;g__UBA1417;s__UBA1417 sp934643185
147000,0.00021462830611544668,0.03250831178426302,0.00012848497236843065,4.219066937119676e-05,1.1818181818181819,1.0,0.5339700056577604,/tmp/nxf.XXXXsWkdqt/sourmash_database/gtdb-rs214-reps.k51.zip,"GCF_900186585.1 Massilimaliae timonensis strain=Marseille-P3753, PRJEB20854",cdf3d11a39e4ac7e85ad9073c12b6440,0.05430365718507573,88000,460,22933000,ERR688634_2.fastq.gz,ERR688634,cf7fcffb,684905000,51,DNA,1000,684905,True,0.8473684581251795,0.9444799155364924,0.8959241868308359,0.9444799155364924,False,104,1325416,2465000,d__Bacteria;p__Bacillota_A;c__Clostridia;o__Oscillospirales;f__Ruminococcaceae;g__Massiliimalia;s__Massiliimalia timonensis
520000,0.0007592293821770903,0.02946156451066712,0.00012702491586424395,0.00012008113590263691,3.4022988505747125,2.0,5.7103651877401855,/tmp/nxf.XXXXsWkdqt/sourmash_database/gtdb-rs214-reps.k51.zip,"GCA_900550545.1 uncultured Lachnobacterium sp., UMGS1310",368228aeb537666637e8e5af2e971f3a,0.1760921097189299,87000,461,22846000,ERR688634_2.fastq.gz,ERR688634,cf7fcffb,684905000,51,DNA,1000,684905,True,0.8686220370538189,0.9665194235638654,0.9175707303088422,0.9665194235638654,False,296,1325712,2465000,d__Bacteria;p__Bacillota_A;c__Clostridia;o__Lachnospirales;f__Lachnospiraceae;g__Agathobacter;s__Agathobacter sp900550545
160000,0.00023360904066987393,0.0327683615819209,0.00012702491586424395,3.894523326572008e-05,1.103448275862069,1.0,0.6614940032155477,/tmp/nxf.XXXXsWkdqt/sourmash_database/gtdb-rs214-reps.k51.zip,"GCF_003461625.1 Clostridium sp. AF15-31 strain=AF15-31, ASM346162v1",77c47321b50d00a7c3783b6f8836a23b,0.060263653483992465,87000,462,22759000,ERR688634_2.fastq.gz,ERR688634,cf7fcffb,684905000,51,DNA,1000,684905,True,0.8487776097758053,0.946410432053485,0.8975940209146451,0.946410432053485,False,96,1325808,2465000,d__Bacteria;p__Bacillota_A;c__Clostridia;o__Lachnospirales;f__Lachnospiraceae;g__Coprococcus;s__Coprococcus sp900066115
106000,0.00015476598944379148,0.04124700239808154,0.00012556485936005723,5.070993914807302e-05,1.4534883720930232,1.0,1.8278019379252763,/tmp/nxf.XXXXsWkdqt/sourmash_database/gtdb-rs214-reps.k51.zip,"GCA_900552475.1 uncultured Clostridiales bacterium, UMGS1515",953dcca4bdab841cc26e4736204230d1,0.05083932853717026,86000,463,22673000,ERR688634_2.fastq.gz,ERR688634,cf7fcffb,684905000,51,DNA,1000,684905,True,0.8419528191807505,0.9432598928375839,0.8926063560091673,0.9432598928375839,False,125,1325933,2465000,d__Bacteria;p__Bacillota_A;c__Clostridia;o__Oscillospirales;f__Oscillospiraceae;g__Vescimonas;s__Vescimonas sp900552475
108000,0.0001576861024521649,0.03805309734513274,0.00012556485936005723,5.111561866125761e-05,1.4651162790697674,1.0,3.9670083462273333,/tmp/nxf.XXXXsWkdqt/sourmash_database/gtdb-rs214-reps.k51.zip,"GCA_944333375.1 uncultured Eubacteriales bacterium, BRZ_EP__bin115",c0f9a409b1188524aa9a39fbffe0f21a,0.047787610619469026,86000,464,22587000,ERR688634_2.fastq.gz,ERR688634,cf7fcffb,684905000,51,DNA,1000,684905,True,0.8422614618965392,0.9421156580937131,0.8921885599951261,0.9421156580937131,False,126,1326059,2465000,d__Bacteria;p__Bacillota_A;c__Clostridia;o__Christensenellales;f__CAG-74;g__Limiplasma;s__Limiplasma sp944333375
168000,0.0002452894927033676,0.018590575010808474,0.00012556485936005723,4.787018255578093e-05,1.372093023255814,1.0,1.0895541186160447,/tmp/nxf.XXXXsWkdqt/sourmash_database/gtdb-rs214-reps.k51.zip,"GCF_012317185.1 [Clostridium] innocuum strain=ATCC 14501, ASM1231718v1",91693cab416177f5c43d8f522dba510f,0.03631647211413749,86000,465,22501000,ERR688634_2.fastq.gz,ERR688634,cf7fcffb,684905000,51,DNA,1000,684905,True,0.8495899982865657,0.9370585729757003,0.893324285631133,0.9370585729757003,False,118,1326177,2465000,d__Bacteria;p__Bacillota;c__Bacilli;o__Erysipelotrichales;f__Erysipelotrichaceae;g__Clostridium_AQ;s__Clostridium_AQ innocuum
96000,0.00014016542440192437,0.034095467308463696,0.00012410480285587053,4.3407707910750506e-05,1.2588235294117647,1.0,1.0970864213529192,/tmp/nxf.XXXXsWkdqt/sourmash_database/gtdb-rs214-reps.k51.zip,"GCA_025148785.1 Catenibacterium mitsuokai strain=DSM 15897, ASM2514878v1",d5a24b916e9ed277a960ed3bcd2ccf19,0.03850782190132371,85000,466,22416000,ERR688634_2.fastq.gz,ERR688634,cf7fcffb,684905000,51,DNA,1000,684905,True,0.8403185276728027,0.938135705985146,0.8892271168289743,0.938135705985146,False,107,1326284,2465000,d__Bacteria;p__Bacillota;c__Bacilli;o__Erysipelotrichales;f__Coprobacillaceae;g__Catenibacterium;s__Catenibacterium mitsuokai
88000,0.00012848497236843065,0.040611562350692784,0.00012410480285587053,3.813387423935091e-05,1.1058823529411765,1.0,0.34380327520476367,/tmp/nxf.XXXXsWkdqt/sourmash_database/gtdb-rs214-reps.k51.zip,"GCA_900549055.1 uncultured Ruminococcaceae bacterium, UMGS1148",b6bd6ef8d4fb8c4e207aba61362330f3,0.042044911610129,85000,467,22331000,ERR688634_2.fastq.gz,ERR688634,cf7fcffb,684905000,51,DNA,1000,684905,True,0.8388860779713997,0.9397535805549765,0.8893198292631881,0.9397535805549765,False,94,1326378,2465000,d__Bacteria;p__Bacillota_A;c__Clostridia;o__Oscillospirales;f__Acutalibacteraceae;g__UBA737;s__UBA737 sp900549055
182000,0.00026573028376198157,0.013968775677896467,0.00012410480285587053,4.3407707910750506e-05,1.2588235294117647,1.0,1.064429603413414,/tmp/nxf.XXXXsWkdqt/sourmash_database/gtdb-rs214-reps.k51.zip,"GCF_003434055.1 Enterocloster aldensis strain=AF19-9LB, ASM343405v1",eecb9a883e1e8956a099f9d7e63aac1a,0.02990961380443714,85000,468,22246000,ERR688634_2.fastq.gz,ERR688634,cf7fcffb,684905000,51,DNA,1000,684905,True,0.8509244468423132,0.933499172620528,0.8922118097314206,0.933499172620528,False,107,1326485,2465000,d__Bacteria;p__Bacillota_A;c__Clostridia;o__Lachnospirales;f__Lachnospiraceae;g__Enterocloster;s__Enterocloster aldenensis
643000,0.0009388163321920559,0.023963913166055822,0.00012410480285587053,0.0001825557809330629,5.294117647058823,3.0,4.979542925898426,/tmp/nxf.XXXXsWkdqt/sourmash_database/gtdb-rs214-reps.k51.zip,"GCF_013304825.1 Blautia schinkii strain=MSK.6.26, ASM1330482v1",d25869072b8c7713d9c8a4a490359717,0.18127995489145757,85000,469,22161000,ERR688634_2.fastq.gz,ERR688634,cf7fcffb,684905000,51,DNA,1000,684905,True,0.8722456977216384,0.9670698394407728,0.9196577685812056,0.9670698394407728,False,450,1326935,2465000,d__Bacteria;p__Bacillota_A;c__Clostridia;o__Lachnospirales;f__Lachnospiraceae;g__Blautia_A;s__Blautia_A schinkii
155000,0.00022630875814894037,0.0438871473354232,0.0001226447463516838,4.0567951318458416e-05,1.1904761904761905,1.0,0.49943278484292924,/tmp/nxf.XXXXsWkdqt/sourmash_database/gtdb-rs214-reps.k51.zip,"GCA_000432375.1 Firmicutes bacterium CAG:103, MGS103",7de23347c943676e4ac723a87bf4d908,0.08098223615464994,84000,470,22077000,ERR688634_2.fastq.gz,ERR688634,cf7fcffb,684905000,51,DNA,1000,684905,True,0.8482493902021385,0.9519099748980433,0.900079682550091,0.9519099748980433,False,100,1327035,2465000,d__Bacteria;p__Bacillota_A;c__Clostridia;o__Oscillospirales;f__Oscillospiraceae;g__CAG-103;s__CAG-103 sp000432375
267000,0.0003898350866178521,0.037267080745341616,0.0001226447463516838,6.977687626774848e-05,2.0476190476190474,2.0,1.353168784607888,/tmp/nxf.XXXXsWkdqt/sourmash_database/gtdb-rs214-reps.k51.zip,"GCA_900544105.1 uncultured Oscillibacter sp., UMGS638",97aabf46d84332960d6a938cc0782613,0.11845607808340727,84000,471,21993000,ERR688634_2.fastq.gz,ERR688634,cf7fcffb,684905000,51,DNA,1000,684905,True,0.8573428453117388,0.959035001747518,0.9081889235296283,0.959035001747518,False,172,1327207,2465000,d__Bacteria;p__Bacillota_A;c__Clostridia;o__Oscillospirales;f__Oscillospiraceae;g__Dysosmobacter;s__Dysosmobacter sp900544105
272000,0.0003971353691387857,0.06069364161849711,0.0001226447463516838,8.924949290060852e-05,2.619047619047619,2.0,1.479259482572292,/tmp/nxf.XXXXsWkdqt/sourmash_database/gtdb-rs214-reps.k51.zip,"GCA_934131055.1 uncultured Clostridia bacterium, ERR7738270_bin.5",0917ffc794f8cc6335cb443bbc206b4c,0.19653179190751446,84000,472,21909000,ERR688634_2.fastq.gz,ERR688634,cf7fcffb,684905000,51,DNA,1000,684905,True,0.8576547967866718,0.96860284749412,0.9131288221403959,0.96860284749412,False,220,1327427,2465000,d__Bacteria;p__Bacillota_A;c__Clostridia;o__TANB77;f__CAG-508;g__CAG-245;s__CAG-245 sp934131055
509000,0.0007431687606310365,0.03998096144693003,0.0001226447463516838,0.0003651115618661258,10.714285714285714,7.5,10.106070109653134,/tmp/nxf.XXXXsWkdqt/sourmash_database/gtdb-rs214-reps.k51.zip,"GCA_934525405.1 uncultured Faecalibacterium sp., ERR7738353_bin.181",891b6a78d57bed0a9c58f8ce42b9cab9,0.24226558781532603,84000,473,21825000,ERR688634_2.fastq.gz,ERR688634,cf7fcffb,684905000,51,DNA,1000,684905,True,0.8682579598513399,0.9725843764953577,0.9204211681733487,0.9725843764953577,False,900,1328327,2465000,d__Bacteria;p__Bacillota_A;c__Clostridia;o__Oscillospirales;f__Ruminococcaceae;g__Faecalibacterium;s__Faecalibacterium sp934525405
358000,0.0005227002284988429,0.02914642609299098,0.0001226447463516838,0.0005768762677484787,16.928571428571427,18.0,6.846594068596156,/tmp/nxf.XXXXsWkdqt/sourmash_database/gtdb-rs214-reps.k51.zip,"GCF_018918185.1 Eubacterium sp. MSJ-21 strain=MSJ-21, ASM1891818v1",b5687fc3f37656d2c4f0e7b8de1d6505,0.12421929215822346,84000,474,21741000,ERR688634_2.fastq.gz,ERR688634,cf7fcffb,684905000,51,DNA,1000,684905,True,0.8622873472288408,0.9599287542744306,0.9111080507516357,0.9599287542744306,False,1422,1329749,2465000,d__Bacteria;p__Bacillota_A;c__Clostridia;o__Lachnospirales;f__Lachnospiraceae;g__Wujia;s__Wujia sp900539705
83000,0.0001211846898474971,0.041834677419354836,0.0001211846898474971,3.6511156186612576e-05,1.0843373493975903,1.0,0.27789307457038065,/tmp/nxf.XXXXsWkdqt/sourmash_database/gtdb-rs214-reps.k51.zip,"GCA_000435055.1 Clostridium sp. CAG:138, MGS138",d260972647a9dc349a6b0e9de9b99b64,0.041834677419354836,83000,475,21658000,ERR688634_2.fastq.gz,ERR688634,cf7fcffb,684905000,51,DNA,1000,684905,True,0.8379244402862183,0.9396612170450023,0.8887928286656103,0.9396612170450023,False,90,1329839,2465000,d__Bacteria;p__Bacillota_A;c__Clostridia;o__Christensenellales;f__CAG-138;g__PeH17;s__PeH17 sp000435055
631000,0.0009212956541418153,0.04239917269906929,0.00011972463334331038,0.00033509127789046653,10.073170731707316,7.0,8.85352415405642,/tmp/nxf.XXXXsWkdqt/sourmash_database/gtdb-rs214-reps.k51.zip,"GCA_900548495.1 uncultured Collinsella sp., UMGS1095",0f5592d944b3abc7dbe0af4d599824ba,0.3262668045501551,82000,476,21576000,ERR688634_2.fastq.gz,ERR688634,cf7fcffb,684905000,51,DNA,1000,684905,True,0.8719235588684383,0.9782778344665153,0.9251006966674769,0.9782778344665153,False,826,1330665,2465000,d__Bacteria;p__Actinomycetota;c__Coriobacteriia;o__Coriobacteriales;f__Coriobacteriaceae;g__Collinsella;s__Collinsella sp900548495
429000,0.0006263642402960994,0.017543859649122806,0.00011972463334331038,7.099391480730223e-05,2.1341463414634148,2.0,1.256807755657856,/tmp/nxf.XXXXsWkdqt/sourmash_database/gtdb-rs214-reps.k51.zip,"GCF_000026225.1 Escherichia fergusonii ATCC 35469 strain=ATCC 35469T, ASM2622v1",7dbe6010890b58df30d52f7c51938181,0.09178433889602054,82000,477,21494000,ERR688634_2.fastq.gz,ERR688634,cf7fcffb,684905000,51,DNA,1000,684905,True,0.8653517681595914,0.9542499131637387,0.9098008406616651,0.9542499131637387,False,175,1330840,2465000,d__Bacteria;p__Pseudomonadota;c__Gammaproteobacteria;o__Enterobacterales;f__Enterobacteriaceae;g__Escherichia;s__Escherichia fergusonii
443000,0.0006468050313547134,0.02399765876499854,0.00011972463334331038,0.00012697768762677484,3.817073170731707,2.0,4.518601253411167,/tmp/nxf.XXXXsWkdqt/sourmash_database/gtdb-rs214-reps.k51.zip,"GCF_009883055.1 Blautia sp. BIOML-A1 strain=BIOML-A1, ASM988305v1",caf14a5d579c892b47992f1105bb1007,0.12964588820602868,82000,478,21412000,ERR688634_2.fastq.gz,ERR688634,cf7fcffb,684905000,51,DNA,1000,684905,True,0.8658968203785481,0.9607338942788484,0.9133153573286983,0.9607338942788484,False,313,1331153,2465000,d__Bacteria;p__Bacillota_A;c__Clostridia;o__Lachnospirales;f__Lachnospiraceae;g__Blautia_A;s__Blautia_A sp900548245
418000,0.0006103036187500456,0.05256327060350422,0.00011826457683912367,4.86815415821501e-05,1.4814814814814814,1.0,0.7874182083507147,/tmp/nxf.XXXXsWkdqt/sourmash_database/gtdb-rs214-reps.k51.zip,"GCA_934216375.1 uncultured Veillonella sp., ERR7745346_bin.346",ae4ef4edbb14a1ec8da6661d3293b5e1,0.27125243348475014,81000,479,21331000,ERR688634_2.fastq.gz,ERR688634,cf7fcffb,684905000,51,DNA,1000,684905,True,0.8649111365950332,0.9747419995198355,0.9198265680574343,0.9747419995198355,False,120,1331273,2465000,d__Bacteria;p__Bacillota_C;c__Negativicutes;o__Veillonellales;f__Veillonellaceae;g__Veillonella;s__Veillonella sp934216375
308000,0.0004496974032895073,0.03470715835140998,0.00011680452033493696,0.00012697768762677484,3.9125,2.5,4.077970543052022,/tmp/nxf.XXXXsWkdqt/sourmash_database/gtdb-rs214-reps.k51.zip,"GCF_001042615.1 Bifidobacterium catenulatum subsp. kashiwanohense JCM 15439 = DSM 21854 strain=JCM 15439, ASM104261v1",54d413af989e8a3d3e9c338a8d0918e4,0.1336225596529284,80000,480,21251000,ERR688634_2.fastq.gz,ERR688634,cf7fcffb,684905000,51,DNA,1000,684905,True,0.8597476310487248,0.9613031999463009,0.9105254154975129,0.9613031999463009,False,313,1331586,2465000,d__Bacteria;p__Actinomycetota;c__Actinomycetia;o__Actinomycetales;f__Bifidobacteriaceae;g__Bifidobacterium;s__Bifidobacterium kashiwanohense
491000,0.0007168877435556756,0.020232675771370764,0.00011680452033493696,0.00017768762677484786,5.475,4.0,6.103226605657043,/tmp/nxf.XXXXsWkdqt/sourmash_database/gtdb-rs214-reps.k51.zip,"GCF_900128455.1 Bacteroides mediterraneensis strain=Marseille-P2644, PRJEB18046",c20aa89c6e92adf216d4c3aef0d4683b,0.12417804754678806,80000,481,21171000,ERR688634_2.fastq.gz,ERR688634,cf7fcffb,684905000,51,DNA,1000,684905,True,0.8676452219841407,0.9599225037323005,0.9137838628582207,0.9599225037323005,False,438,1332024,2465000,d__Bacteria;p__Bacteroidota;c__Bacteroidia;o__Bacteroidales;f__Bacteroidaceae;g__Phocaeicola;s__Phocaeicola mediterraneensis
79000,0.00011534446383075026,0.05245683930942895,0.00011534446383075026,3.4482758620689657e-05,1.0759493670886076,1.0,0.2649170827399538,/tmp/nxf.XXXXsWkdqt/sourmash_database/gtdb-rs214-reps.k51.zip,"GCA_003149735.1 Clostridiales bacterium, ASM314973v1",f42aca978bb77ce4510771b68dde68b5,0.05245683930942895,79000,482,21092000,ERR688634_2.fastq.gz,ERR688634,cf7fcffb,684905000,51,DNA,1000,684905,True,0.8371133155452894,0.9438393522521419,0.8904763338987156,0.9438393522521419,False,85,1332109,2465000,d__Bacteria;p__Bacillota_A;c__Clostridia;o__Christensenellales;f__Christensenellaceae;g__QANA01;s__QANA01 sp003149735
273000,0.0003985954256429724,0.028224365844944622,0.00011534446383075026,9.898580121703854e-05,3.088607594936709,1.0,3.4280668553873923,/tmp/nxf.XXXXsWkdqt/sourmash_database/gtdb-rs214-reps.k51.zip,"GCA_018228685.1 Clostridiaceae bacterium Marseille-Q4149 strain=Marseille-Q4149, ASM1822868v1",1bba9d7c75b903b81673df1b6344def2,0.09753483386923902,79000,483,21013000,ERR688634_2.fastq.gz,ERR688634,cf7fcffb,684905000,51,DNA,1000,684905,True,0.857716511959655,0.9553876058262398,0.9065520588929474,0.9553876058262398,False,244,1332353,2465000,d__Bacteria;p__Bacillota_A;c__Clostridia;o__Oscillospirales;f__Oscillospiraceae;g__Vescimonas;s__Vescimonas sp001916855
151000,0.0002204685321321935,0.022773133467858173,0.00011534446383075026,5.436105476673428e-05,1.6962025316455696,1.0,2.409655841699521,/tmp/nxf.XXXXsWkdqt/sourmash_database/gtdb-rs214-reps.k51.zip,"GCF_014333425.1 Mogibacterium sp. BX12 strain=BX12, ASM1433342v1",2cef2b48070e2bb0e4942f902896b466,0.04352839434995676,79000,484,20934000,ERR688634_2.fastq.gz,ERR688634,cf7fcffb,684905000,51,DNA,1000,684905,True,0.8478146444345968,0.9403927399182477,0.8941036921764223,0.9403927399182477,False,134,1332487,2465000,d__Bacteria;p__Bacillota_A;c__Clostridia;o__Peptostreptococcales;f__Anaerovoracaceae;g__Zhenpiania;s__Zhenpiania hominis
103000,0.00015038581993123134,0.025440313111545987,0.00011388440732656353,3.610547667342799e-05,1.141025641025641,1.0,0.6144490751959877,/tmp/nxf.XXXXsWkdqt/sourmash_database/gtdb-rs214-reps.k51.zip,"GCA_004340125.1 Harryflintia acetispora strain=DSM 100433, ASM434012v1",06a9d0f0167dcb42574ef27945dda384,0.03359425962165688,78000,485,20856000,ERR688634_2.fastq.gz,ERR688634,cf7fcffb,684905000,51,DNA,1000,684905,True,0.841478980906731,0.9356280571691913,0.8885535190379612,0.9356280571691913,False,89,1332576,2465000,d__Bacteria;p__Bacillota_A;c__Clostridia;o__Oscillospirales;f__Ruminococcaceae;g__Harryflintia;s__Harryflintia acetispora
86000,0.00012556485936005723,0.05739514348785872,0.00011388440732656353,3.32657200811359e-05,1.0512820512820513,1.0,0.2205724427446828,/tmp/nxf.XXXXsWkdqt/sourmash_database/gtdb-rs214-reps.k51.zip,"GCA_900763685.1 uncultured Oscillospiraceae bacterium, SRS1596848_12",531ff3c01a0bd19e592e6d547b173ade,0.06328182487122884,78000,486,20778000,ERR688634_2.fastq.gz,ERR688634,cf7fcffb,684905000,51,DNA,1000,684905,True,0.8385080144282209,0.9473177320103465,0.8929128732192837,0.9473177320103465,False,82,1332658,2465000,d__Bacteria;p__Bacillota_A;c__Clostridia;o__Oscillospirales;f__Oscillospiraceae;g__Dysosmobacter;s__Dysosmobacter sp900763685
78000,0.00011388440732656353,0.04318936877076412,0.00011388440732656353,3.3671399594320486e-05,1.064102564102564,1.0,0.37002229973491824,/tmp/nxf.XXXXsWkdqt/sourmash_database/gtdb-rs214-reps.k51.zip,"GCA_904391645.1 uncultured Neglecta sp, Chicken_7_mag_124",f90310621be13499b985ebc7d7afd9b8,0.04318936877076412,78000,487,20700000,ERR688634_2.fastq.gz,ERR688634,cf7fcffb,684905000,51,DNA,1000,684905,True,0.8369042434597488,0.9402485740645551,0.8885764087621519,0.9402485740645551,False,83,1332741,2465000,d__Bacteria;p__Bacillota_A;c__Clostridia;o__Oscillospirales;f__Acutalibacteraceae;g__Acutalibacter;s__Acutalibacter sp904391645
418000,0.0006103036187500456,0.02643171806167401,0.00011388440732656353,0.00021866125760649087,6.910256410256411,3.0,9.372882184636394,/tmp/nxf.XXXXsWkdqt/sourmash_database/gtdb-rs214-reps.k51.zip,"GCF_019967995.1 Faecalibacterium prausnitzii strain=Fp77, ASM1996799v1",264221f02d0ea5438188a28327519ed3,0.14164689935615046,78000,488,20622000,ERR688634_2.fastq.gz,ERR688634,cf7fcffb,684905000,51,DNA,1000,684905,True,0.8649111365950332,0.9624030737970376,0.9136571051960354,0.9624030737970376,False,539,1333280,2465000,d__Bacteria;p__Bacillota_A;c__Clostridia;o__Oscillospirales;f__Ruminococcaceae;g__Faecalibacterium;s__Faecalibacterium prausnitzii_E
179000,0.00026135011424942143,0.02513875285667646,0.00011242435082237682,4.219066937119676e-05,1.3506493506493507,1.0,0.6981651976995125,/tmp/nxf.XXXXsWkdqt/sourmash_database/gtdb-rs214-reps.k51.zip,"GCF_006542685.1 Alistipes dispar strain=5CPEGH6, Adis_1.0",e5d6acf97598006b3a0050a856d0ec6e,0.0584394384590271,77000,489,20545000,ERR688634_2.fastq.gz,ERR688634,cf7fcffb,684905000,51,DNA,1000,684905,True,0.8506471760618367,0.9458401933927572,0.898243684727297,0.9458401933927572,False,104,1333384,2465000,d__Bacteria;p__Bacteroidota;c__Bacteroidia;o__Bacteroidales;f__Rikenellaceae;g__Alistipes;s__Alistipes dispar
614000,0.0008964746935706412,0.04382929642445214,0.00011096429431819012,7.789046653144016e-05,2.526315789473684,2.0,1.6341236522378972,/tmp/nxf.XXXXsWkdqt/sourmash_database/gtdb-rs214-reps.k51.zip,"GCA_019424245.1 Clostridiales bacterium, ASM1942424v1",7d1b9c3f89392909132b61c986f59de4,0.35409457900807384,76000,490,20469000,ERR688634_2.fastq.gz,ERR688634,cf7fcffb,684905000,51,DNA,1000,684905,True,0.8714567613742008,0.9798491078357883,0.9256529346049945,0.9798491078357883,False,192,1333576,2465000,d__Bacteria;p__Bacillota_A;c__Clostridia;o__Lachnospirales;f__Lachnospiraceae;g__Lachnospira;s__Lachnospira sp019424245
75000,0.00010950423781400341,0.03465804066543438,0.00010950423781400341,3.204868154158215e-05,1.0533333333333332,1.0,0.22469732728470287,/tmp/nxf.XXXXsWkdqt/sourmash_database/gtdb-rs214-reps.k51.zip,"GCA_934256695.1 uncultured Eubacteriales bacterium, ERR7746688_bin.312",5a35a80b3d501b7c75eb4951b49e3bfe,0.03465804066543438,75000,491,20394000,ERR688634_2.fastq.gz,ERR688634,cf7fcffb,684905000,51,DNA,1000,684905,True,0.836260883398333,0.9362001492320257,0.8862305163151794,0.9362001492320257,False,79,1333655,2465000,d__Bacteria;p__Bacillota_A;c__Clostridia;o__Lachnospirales;f__Anaerotignaceae;g__Neoanaerotignum_A;s__Neoanaerotignum_A sp934256695
76000,0.00011096429431819012,0.015680535228935814,0.00010950423781400341,3.123732251521298e-05,1.0266666666666666,1.0,0.16110727964792762,/tmp/nxf.XXXXsWkdqt/sourmash_database/gtdb-rs214-reps.k51.zip,"GCF_000701705.1 Bilophila wadsworthia ATCC 49260 strain=ATCC 49260, ASM70170v1",b1bd0a4998658b6084d0785f2a2c686c,0.015889609031988293,75000,492,20319000,ERR688634_2.fastq.gz,ERR688634,cf7fcffb,684905000,51,DNA,1000,684905,True,0.8364780971921271,0.9219931830701159,0.8792356401311214,0.9219931830701159,False,77,1333732,2465000,d__Bacteria;p__Desulfobacterota;c__Desulfovibrionia;o__Desulfovibrionales;f__Desulfovibrionaceae;g__Bilophila;s__Bilophila wadsworthia
101000,0.00014746570692285792,0.025159342502515933,0.00010950423781400341,3.488843813387424e-05,1.1466666666666667,1.0,0.5084180257316698,/tmp/nxf.XXXXsWkdqt/sourmash_database/gtdb-rs214-reps.k51.zip,"GCF_900120155.1 Clostridium sp. Marseille-P3244 strain=Marseille-P3244, PRJEB18023",e6b4137fab8bdd2af8752706034a038d,0.033881247903388124,75000,493,20244000,ERR688634_2.fastq.gz,ERR688634,cf7fcffb,684905000,51,DNA,1000,684905,True,0.841155511397976,0.9357841273374832,0.8884698193677296,0.9357841273374832,False,86,1333818,2465000,d__Bacteria;p__Bacillota_A;c__Clostridia;o__Lachnospirales;f__Lachnospiraceae;g__Mediterraneibacter;s__Mediterraneibacter sp900120155
91000,0.00013286514188099078,0.03396053235429096,0.00010804418130981669,3.2860040567951315e-05,1.0945945945945945,1.0,0.40832283593886837,/tmp/nxf.XXXXsWkdqt/sourmash_database/gtdb-rs214-reps.k51.zip,"GCA_003525905.1 Clostridiales bacterium, ASM352590v1",68d740a918028a84a485245895b6166f,0.041762276273519965,74000,494,20170000,ERR688634_2.fastq.gz,ERR688634,cf7fcffb,684905000,51,DNA,1000,684905,True,0.8394376655004965,0.9396293032211879,0.8895334843608422,0.9396293032211879,False,81,1333899,2465000,d__Bacteria;p__Bacillota_A;c__Clostridia;o__Oscillospirales;f__Oscillospiraceae;g__Faecousia;s__Faecousia sp003525905
710000,0.0010366401179725654,0.02884990253411306,0.00010804418130981669,0.00013468559837728194,4.486486486486487,4.0,3.4454954660504407,/tmp/nxf.XXXXsWkdqt/sourmash_database/gtdb-rs214-reps.k51.zip,"GCA_019414665.1 Bacteroides sp., ASM1941466v1",020e6e4bea30c62d0c7beb17e6beaf5f,0.27680311890838205,74000,495,20096000,ERR688634_2.fastq.gz,ERR688634,cf7fcffb,684905000,51,DNA,1000,684905,True,0.8739425855389276,0.9751292327627085,0.9245359091508181,0.9751292327627085,False,332,1334231,2465000,d__Bacteria;p__Bacteroidota;c__Bacteroidia;o__Bacteroidales;f__Bacteroidaceae;g__Phocaeicola;s__Phocaeicola sp019414665
74000,0.00010804418130981669,0.04916943521594684,0.00010804418130981669,3.123732251521298e-05,1.0405405405405406,1.0,0.19722323674765438,/tmp/nxf.XXXXsWkdqt/sourmash_database/gtdb-rs214-reps.k51.zip,"GCA_904398325.1 Candidatus Neoruminococcus faecicola, Coassembly_mag_61",a8d9073b3f2c4025701d7b3bcdf465a8,0.04916943521594684,74000,496,20022000,ERR688634_2.fastq.gz,ERR688634,cf7fcffb,684905000,51,DNA,1000,684905,True,0.8360408114422376,0.9426423884762875,0.8893415999592625,0.9426423884762875,False,77,1334308,2465000,d__Bacteria;p__Bacillota_A;c__Clostridia;o__Oscillospirales;f__Ruminococcaceae;g__Neoruminococcus;s__Neoruminococcus faecicola
288000,0.0004204962732057731,0.05816733067729084,0.00010658412480562998,0.00025436105476673427,8.58904109589041,7.0,5.446717288191962,/tmp/nxf.XXXXsWkdqt/sourmash_database/gtdb-rs214-reps.k51.zip,"GCA_900546245.1 uncultured Tenericutes bacterium, UMGS855",c659639808b670fea431dd4f055a4ac2,0.2294820717131474,73000,497,19949000,ERR688634_2.fastq.gz,ERR688634,cf7fcffb,684905000,51,DNA,1000,684905,True,0.8586165550015611,0.971551131713729,0.915083843357645,0.971551131713729,False,627,1334935,2465000,d__Bacteria;p__Bacillota;c__Bacilli;o__RF39;f__UBA660;g__CAG-433;s__CAG-433 sp900546245
186000,0.00027157050977872846,0.03080168776371308,0.00010658412480562998,0.00018580121703853954,6.273972602739726,6.0,4.220823376054977,/tmp/nxf.XXXXsWkdqt/sourmash_database/gtdb-rs214-reps.k51.zip,"GCA_905216215.1 uncultured bacterium, SRR7721880-mag-bin.41",c7c57dfac33a7cef3841693226db8869,0.07848101265822785,73000,498,19876000,ERR688634_2.fastq.gz,ERR688634,cf7fcffb,684905000,51,DNA,1000,684905,True,0.8512872513424161,0.9513245790526393,0.9013059151975278,0.9513245790526393,False,458,1335393,2465000,d__Bacteria;p__Bacillota_A;c__Clostridia;o__Lachnospirales;f__Lachnospiraceae;g__Bariatricus;s__Bariatricus sp905216215
373000,0.0005446010760616436,0.017052090633029666,0.00010658412480562998,7.018255578093306e-05,2.3698630136986303,1.0,4.8015603893958865,/tmp/nxf.XXXXsWkdqt/sourmash_database/gtdb-rs214-reps.k51.zip,"GCF_004793765.1 Parabacteroides distasonis strain=NM39_I3, ASM479376v1",ff3b738a89ace1278481c115431047ce,0.08712917542630226,73000,499,19803000,ERR688634_2.fastq.gz,ERR688634,cf7fcffb,684905000,51,DNA,1000,684905,True,0.8629816061291264,0.9532765157832398,0.9081290609561832,0.9532765157832398,False,173,1335566,2465000,d__Bacteria;p__Bacteroidota;c__Bacteroidia;o__Bacteroidales;f__Tannerellaceae;g__Parabacteroides;s__Parabacteroides distasonis_A
196000,0.00028617107482059557,0.01059135039717564,0.00010512406830144327,4.86815415821501e-05,1.6666666666666667,1.0,1.8104634152000358,/tmp/nxf.XXXXsWkdqt/sourmash_database/gtdb-rs214-reps.k51.zip,"GCA_025149285.1 Hungatella hathewayi strain=DSM 13479, ASM2514928v1",b55d263853c99ee47710856fc84fd988,0.028832009414533687,72000,500,19731000,ERR688634_2.fastq.gz,ERR688634,cf7fcffb,684905000,51,DNA,1000,684905,True,0.8521618218184434,0.9328277752039534,0.8924947985111984,0.9328277752039534,False,120,1335686,2465000,d__Bacteria;p__Bacillota_A;c__Clostridia;o__Lachnospirales;f__Lachnospiraceae;g__Hungatella;s__Hungatella hathewayi
330000,0.00048181864638161497,0.033818694222639736,0.00010512406830144327,6.65314401622718e-05,2.2777777777777777,1.0,2.9355210696939795,/tmp/nxf.XXXXsWkdqt/sourmash_database/gtdb-rs214-reps.k51.zip,"GCA_934511465.1 uncultured Faecalibacterium sp., ERR7745828_bin.158",49f0e349f7b13cf7af33c3c4436d65cc,0.15500234852043213,72000,501,19659000,ERR688634_2.fastq.gz,ERR688634,cf7fcffb,684905000,51,DNA,1000,684905,True,0.8609114859038648,0.9641048774220067,0.9125081816629357,0.9641048774220067,False,164,1335850,2465000,d__Bacteria;p__Bacillota_A;c__Clostridia;o__Oscillospirales;f__Ruminococcaceae;g__Faecalibacterium;s__Faecalibacterium sp934511465
202000,0.00029493141384571585,0.02692595362752431,0.00010512406830144327,7.18052738336714e-05,2.4583333333333335,2.0,3.2699706930389048,/tmp/nxf.XXXXsWkdqt/sourmash_database/gtdb-rs214-reps.k51.zip,"GCA_934569225.1 uncultured Oscillospiraceae bacterium, ERR7738185_bin.146",cdf677b820b1f9b3fdd05d5fd802f783,0.07554225878833208,72000,502,19587000,ERR688634_2.fastq.gz,ERR688634,cf7fcffb,684905000,51,DNA,1000,684905,True,0.8526657995718234,0.9506129467877149,0.9016393731797692,0.9506129467877149,False,177,1336027,2465000,d__Bacteria;p__Bacillota_A;c__Clostridia;o__Oscillospirales;f__Oscillospiraceae;g__Faecousia;s__Faecousia sp934569225
74000,0.00010804418130981669,0.029580936729663106,0.00010512406830144327,3.0425963488843814e-05,1.0416666666666667,1.0,0.19982631347136334,/tmp/nxf.XXXXsWkdqt/sourmash_database/gtdb-rs214-reps.k51.zip,"GCA_944381745.1 uncultured Lachnospiraceae bacterium, E03__bin197",2e226ac7931ca8991378926c6825f397,0.030402629416598194,72000,503,19515000,ERR688634_2.fastq.gz,ERR688634,cf7fcffb,684905000,51,DNA,1000,684905,True,0.8360408114422376,0.9337984736660929,0.8849196425541652,0.9337984736660929,False,75,1336102,2465000,d__Bacteria;p__Bacillota_A;c__Clostridia;o__Lachnospirales;f__Lachnospiraceae;g__JAGTTR01;s__JAGTTR01 sp944381745
362000,0.0005285404545155897,0.01059446733372572,0.00010512406830144327,4.178498985801217e-05,1.4305555555555556,1.0,0.7786453494672101,/tmp/nxf.XXXXsWkdqt/sourmash_database/gtdb-rs214-reps.k51.zip,"GCF_000158035.1 Bacteroides cellulosilyticus DSM 14838 strain=DSM 14838, ASM15803v1",a202750eddf2c7f9735c9117362a41a6,0.05326662742789876,72000,504,19443000,ERR688634_2.fastq.gz,ERR688634,cf7fcffb,684905000,51,DNA,1000,684905,True,0.862475231794963,0.9441229035414558,0.9032990676682093,0.9441229035414558,False,103,1336205,2465000,d__Bacteria;p__Bacteroidota;c__Bacteroidia;o__Bacteroidales;f__Bacteroidaceae;g__Bacteroides;s__Bacteroides cellulosilyticus
93000,0.00013578525488936423,0.035398230088495575,0.00010512406830144327,3.002028397565923e-05,1.0277777777777777,1.0,0.16433554953054486,/tmp/nxf.XXXXsWkdqt/sourmash_database/gtdb-rs214-reps.k51.zip,"GCF_002959855.1 Veillonella denticariosi JCM 15641 strain=JCM 15641, ASM295985v1",029ea730af23b80111ccdc0b2f6fc37b,0.045722713864306784,72000,505,19371000,ERR688634_2.fastq.gz,ERR688634,cf7fcffb,684905000,51,DNA,1000,684905,True,0.8397955724377454,0.9413000427907946,0.89054780761427,0.9413000427907946,False,74,1336279,2465000,d__Bacteria;p__Bacillota_C;c__Negativicutes;o__Veillonellales;f__Veillonellaceae;g__Veillonella;s__Veillonella denticariosi
119000,0.00017374672399821873,0.016341352700862462,0.00010512406830144327,3.0831643002028396e-05,1.0555555555555556,1.0,0.2290614236454256,/tmp/nxf.XXXXsWkdqt/sourmash_database/gtdb-rs214-reps.k51.zip,"GCF_900142645.1 Eubacterium callanderi strain=FD, IMG-taxon 2642422560 annotated assembly",43aaa6d451370fc8d49febfddef9d2fb,0.027008624602814345,72000,506,19299000,ERR688634_2.fastq.gz,ERR688634,cf7fcffb,684905000,51,DNA,1000,684905,True,0.8438648065850528,0.9316336068033119,0.8877492066941823,0.9316336068033119,False,76,1336355,2465000,d__Bacteria;p__Bacillota_A;c__Clostridia;o__Eubacteriales;f__Eubacteriaceae;g__Eubacterium;s__Eubacterium callanderi
342000,0.0004993393244318555,0.021954236239950527,0.00010366401179725656,0.00013955375253549697,4.845070422535211,1.0,7.1417200897340605,/tmp/nxf.XXXXsWkdqt/sourmash_database/gtdb-rs214-reps.k51.zip,"GCA_003480425.1 Firmicutes bacterium AM31-12AC strain=AM31-12AC, ASM348042v1",8b202e78632935c462607205f45a00fe,0.10575139146567718,71000,507,19228000,ERR688634_2.fastq.gz,ERR688634,cf7fcffb,684905000,51,DNA,1000,684905,True,0.8615146403758231,0.9569039663206029,0.909209303348213,0.9569039663206029,False,344,1336699,2465000,d__Bacteria;p__Bacillota_A;c__Clostridia;o__Lachnospirales;f__Lachnospiraceae;g__Schaedlerella;s__Schaedlerella sp900066545
196000,0.00028617107482059557,0.019436079934300576,0.00010366401179725656,3.894523326572008e-05,1.352112676056338,1.0,1.2458222190138581,/tmp/nxf.XXXXsWkdqt/sourmash_database/gtdb-rs214-reps.k51.zip,"GCF_002160305.1 Pseudoflavonifractor sp. An184 strain=An184, ASM216030v1",d25ef0943e676a09f5da57ee9cb95945,0.05365453052285792,71000,508,19157000,ERR688634_2.fastq.gz,ERR688634,cf7fcffb,684905000,51,DNA,1000,684905,True,0.8521618218184434,0.9442572359321795,0.8982095288753114,0.9442572359321795,False,96,1336795,2465000,d__Bacteria;p__Bacillota_A;c__Clostridia;o__Oscillospirales;f__Oscillospiraceae;g__Lawsonibacter;s__Lawsonibacter pullicola
376000,0.0005489812455742037,0.033444816053511704,0.00010220395529306984,4.016227180527383e-05,1.4142857142857144,1.0,0.7651863851909758,/tmp/nxf.XXXXsWkdqt/sourmash_database/gtdb-rs214-reps.k51.zip,"GCA_018365265.1 Streptococcus parasanguinis, ASM1836526v1",799b3b4a0832ef84e7bc3eb7d9d18ba8,0.17964644051600573,70000,509,19087000,ERR688634_2.fastq.gz,ERR688634,cf7fcffb,684905000,51,DNA,1000,684905,True,0.8631171678978397,0.9668982121290124,0.9150076900134261,0.9668982121290124,False,99,1336894,2465000,d__Bacteria;p__Bacillota;c__Bacilli;o__Lactobacillales;f__Streptococcaceae;g__Streptococcus;s__Streptococcus parasanguinis_G
84000,0.0001226447463516838,0.022165927802406588,0.00010220395529306984,3.1643002028397566e-05,1.1142857142857143,1.0,0.36027200608338555,/tmp/nxf.XXXXsWkdqt/sourmash_database/gtdb-rs214-reps.k51.zip,"GCA_019113645.1 Candidatus Mediterraneibacter vanvlietii, ASM1911364v1",514d00112b054439e7c54afa14aba966,0.026599113362887904,70000,510,19017000,ERR688634_2.fastq.gz,ERR688634,cf7fcffb,684905000,51,DNA,1000,684905,True,0.8381212309045415,0.9313545537955897,0.8847378923500656,0.9313545537955897,False,78,1336972,2465000,d__Bacteria;p__Bacillota_A;c__Clostridia;o__Lachnospirales;f__Lachnospiraceae;g__Mediterraneibacter;s__Mediterraneibacter vanvlietii
138000,0.00020148779757776626,0.033605376860297645,0.00010220395529306984,3.204868154158215e-05,1.1285714285714286,1.0,0.3749829928116196,/tmp/nxf.XXXXsWkdqt/sourmash_database/gtdb-rs214-reps.k51.zip,"GCF_013393365.1 Veillonella sp. T1-7 strain=T1-7, ASM1339336v1",4b6a1b85ff203e01624090a1d6023898,0.06625060009601537,70000,511,18947000,ERR688634_2.fastq.gz,ERR688634,cf7fcffb,684905000,51,DNA,1000,684905,True,0.8463193863210874,0.9481697045293583,0.8972445454252229,0.9481697045293583,False,79,1337051,2465000,d__Bacteria;p__Bacillota_C;c__Negativicutes;o__Veillonellales;f__Veillonellaceae;g__Veillonella;s__Veillonella nakazawae
69000,0.00010074389878888313,0.032455315145813735,0.00010074389878888313,2.920892494929006e-05,1.0434782608695652,1.0,0.20393111999232302,/tmp/nxf.XXXXsWkdqt/sourmash_database/gtdb-rs214-reps.k51.zip,"GCA_934351765.1 uncultured Lachnospiraceae bacterium, ERR7738628_bin.372",d629a35a6e93b272fc0c11797ea4455b,0.032455315145813735,69000,512,18878000,ERR688634_2.fastq.gz,ERR688634,cf7fcffb,684905000,51,DNA,1000,684905,True,0.8348947695151111,0.9349955116452304,0.8849451405801707,0.9349955116452304,False,72,1337123,2465000,d__Bacteria;p__Bacillota_A;c__Clostridia;o__Lachnospirales;f__Lachnospiraceae;g__Paralachnospira;s__Paralachnospira sp934351765
74000,0.00010804418130981669,0.03776683087027915,0.00010074389878888313,2.920892494929006e-05,1.0434782608695652,1.0,0.20393111999232302,/tmp/nxf.XXXXsWkdqt/sourmash_database/gtdb-rs214-reps.k51.zip,"GCA_944385075.1 uncultured Oscillospiraceae bacterium, BRZ_EG__bin109",1d6359aed249d38f5825457c5bba4bb8,0.04050355774493705,69000,513,18809000,ERR688634_2.fastq.gz,ERR688634,cf7fcffb,684905000,51,DNA,1000,684905,True,0.8360408114422376,0.9390656278119391,0.8875532196270883,0.9390656278119391,False,72,1337195,2465000,d__Bacteria;p__Bacillota_A;c__Clostridia;o__Oscillospirales;f__Oscillospiraceae;g__Lawsonibacter;s__Lawsonibacter sp944385075
72000,0.00010512406830144327,0.036997319034852545,0.00010074389878888313,3.204868154158215e-05,1.144927536231884,1.0,0.766610501764533,/tmp/nxf.XXXXsWkdqt/sourmash_database/gtdb-rs214-reps.k51.zip,"GCF_000420505.1 Alloscardovia omnicolens DSM 21503 strain=DSM 21503, ASM42050v1",b2e4af754b3cb91776b14234e0dd28d1,0.0386058981233244,69000,514,18740000,ERR688634_2.fastq.gz,ERR688634,cf7fcffb,684905000,51,DNA,1000,684905,True,0.8355917818620968,0.9381824976635718,0.8868871397628343,0.9381824976635718,False,79,1337274,2465000,d__Bacteria;p__Actinomycetota;c__Actinomycetia;o__Actinomycetales;f__Bifidobacteriaceae;g__Alloscardovia;s__Alloscardovia omnicolens
89000,0.00012994502887261737,0.022630370613315843,0.00010074389878888313,2.920892494929006e-05,1.0434782608695652,1.0,0.2656565620264255,/tmp/nxf.XXXXsWkdqt/sourmash_database/gtdb-rs214-reps.k51.zip,"GCF_003268275.1 Ruminococcaceae bacterium strain=ASD2818, ASM326827v1",735f9dac160e746e3248004fe75c66cc,0.029189898327320433,69000,515,18671000,ERR688634_2.fastq.gz,ERR688634,cf7fcffb,684905000,51,DNA,1000,684905,True,0.8390719620842412,0.9330534461054136,0.8860627040948275,0.9330534461054136,False,72,1337346,2465000,d__Bacteria;p__Bacillota_A;c__Clostridia;o__Oscillospirales;f__Acutalibacteraceae;g__Hydrogeniiclostridium;s__Hydrogeniiclostridium mannosilyticum
417000,0.0006088435622458589,0.027101335428122545,0.00010074389878888313,0.0003914807302231237,13.985507246376812,10.0,31.533048112946933,/tmp/nxf.XXXXsWkdqt/sourmash_database/gtdb-rs214-reps.k51.zip,"GCF_003436425.1 Eubacterium sp. TM05-53 strain=TM05-53, ASM343642v1",5c4484eeb25245e68395950e5580d5ad,0.16378633150039276,69000,516,18602000,ERR688634_2.fastq.gz,ERR688634,cf7fcffb,684905000,51,DNA,1000,684905,True,0.8648705170698404,0.9651474765600022,0.9150089968149213,0.9651474765600022,False,965,1338311,2465000,d__Bacteria;p__Bacillota;c__Bacilli;o__Erysipelotrichales;f__Erysipelotrichaceae;g__Holdemanella;s__Holdemanella sp003436425
215000,0.0003139121484001431,0.02700587084148728,0.00010074389878888313,2.8803245436105476e-05,1.0289855072463767,1.0,0.1677657522143511,/tmp/nxf.XXXXsWkdqt/sourmash_database/gtdb-rs214-reps.k51.zip,"GCF_015140235.1 Solibaculum mannosilyticum strain=12CBH8, ASM1514023v1",8e046b7b61f00cd0d57626886436b485,0.08414872798434442,69000,517,18533000,ERR688634_2.fastq.gz,ERR688634,cf7fcffb,684905000,51,DNA,1000,684905,True,0.853709203101193,0.952626154774191,0.903167678937692,0.952626154774191,False,71,1338382,2465000,d__Bacteria;p__Bacillota_A;c__Clostridia;o__Oscillospirales;f__Acutalibacteraceae;g__Solibaculum;s__Solibaculum mannosilyticum
126000,0.0001839671195275257,0.03056179775280899,9.928384228469642e-05,7.302231237322515e-05,2.6470588235294117,2.0,1.9232685557966844,/tmp/nxf.XXXXsWkdqt/sourmash_database/gtdb-rs214-reps.k51.zip,"GCA_003538135.1 Ruminococcaceae bacterium, ASM353813v1",2280f0ab44db868acb748a0bf4e814d5,0.05662921348314607,68000,518,18465000,ERR688634_2.fastq.gz,ERR688634,cf7fcffb,684905000,51,DNA,1000,684905,True,0.8448111009601673,0.945256808773646,0.8950339548669066,0.945256808773646,False,180,1338562,2465000,d__Bacteria;p__Bacillota_A;c__Clostridia;o__Oscillospirales;f__Acutalibacteraceae;g__CAG-177;s__CAG-177 sp003538135
94000,0.00013724531139355092,0.026103646833013437,9.928384228469642e-05,3.8539553752535496e-05,1.3970588235294117,1.0,1.1522319247028778,/tmp/nxf.XXXXsWkdqt/sourmash_database/gtdb-rs214-reps.k51.zip,"GCA_900549475.1 uncultured Clostridiales bacterium, UMGS1188",f54f0cd0ed8dfcba91f9efc1c296ca7d,0.03608445297504798,68000,519,18397000,ERR688634_2.fastq.gz,ERR688634,cf7fcffb,684905000,51,DNA,1000,684905,True,0.8399717057379719,0.9369408176790073,0.8884562617084896,0.9369408176790073,False,95,1338657,2465000,d__Bacteria;p__Bacillota_A;c__Clostridia;o__Oscillospirales;f__Oscillospiraceae;g__Pelethomonas;s__Pelethomonas sp900549475
347000,0.000506639606952789,0.012982054219167621,9.928384228469642e-05,7.505070993914807e-05,2.7205882352941178,2.0,2.5773081501904387,/tmp/nxf.XXXXsWkdqt/sourmash_database/gtdb-rs214-reps.k51.zip,"GCF_000614185.1 Bacteroides sartorii JCM 17136 = DSM 21941 strain=JCM 17136, ASM61418v1",7e3d0fc97f902ac211403817c187551b,0.06624665903016419,68000,520,18329000,ERR688634_2.fastq.gz,ERR688634,cf7fcffb,684905000,51,DNA,1000,684905,True,0.8617598529221786,0.9481685985362054,0.904964225729192,0.9481685985362054,False,185,1338842,2465000,d__Bacteria;p__Bacteroidota;c__Bacteroidia;o__Bacteroidales;f__Bacteroidaceae;g__Phocaeicola;s__Phocaeicola sartorii
140000,0.00020440791058613968,0.02409205321826681,9.78237857805097e-05,3.245436105476674e-05,1.1940298507462686,1.0,0.4648481045491772,/tmp/nxf.XXXXsWkdqt/sourmash_database/gtdb-rs214-reps.k51.zip,"GCA_018710985.1 Candidatus Limiplasma pullicola, ASM1871098v1",f05b9f93e0206215ad415a9c327ad119,0.05034160373966199,67000,521,18262000,ERR688634_2.fastq.gz,ERR688634,cf7fcffb,684905000,51,DNA,1000,684905,True,0.8465581938787194,0.9430779464639175,0.8948180701713184,0.9430779464639175,False,80,1338922,2465000,d__Bacteria;p__Bacillota_A;c__Clostridia;o__Christensenellales;f__CAG-74;g__Limiplasma;s__Limiplasma pullicola
371000,0.0005416809630532702,0.01894260672886627,9.78237857805097e-05,0.00011845841784989859,4.358208955223881,3.0,4.7652394735123025,/tmp/nxf.XXXXsWkdqt/sourmash_database/gtdb-rs214-reps.k51.zip,"GCF_900104635.1 Coprococcus phoceensis strain=Marseille-P3062, PRJEB16356",3c1093b123c8877409b70557b1c6bbf4,0.1048911506926774,67000,522,18195000,ERR688634_2.fastq.gz,ERR688634,cf7fcffb,684905000,51,DNA,1000,684905,True,0.8628906364686677,0.9567507271658178,0.9098206818172427,0.9567507271658178,False,292,1339214,2465000,d__Bacteria;p__Bacillota_A;c__Clostridia;o__Lachnospirales;f__Lachnospiraceae;g__Faecalimonas;s__Faecalimonas phoceensis
410000,0.000598623166716552,0.011224660747193835,9.78237857805097e-05,0.0001075050709939148,3.955223880597015,1.0,6.824960413904979,/tmp/nxf.XXXXsWkdqt/sourmash_database/gtdb-rs214-reps.k51.zip,"GCF_900106755.1 Bacteroides faecis MAJ27 strain=MAJ27, IMG-taxon 2693429916 annotated assembly",29f2cc9d2d6e4b636e9cf811c74231fd,0.06868822248282794,67000,523,18128000,ERR688634_2.fastq.gz,ERR688634,cf7fcffb,684905000,51,DNA,1000,684905,True,0.8645834775227278,0.9488417157313613,0.9067125966270446,0.9488417157313613,False,265,1339479,2465000,d__Bacteria;p__Bacteroidota;c__Bacteroidia;o__Bacteroidales;f__Bacteroidaceae;g__Bacteroides;s__Bacteroides faecis
66000,9.636372927632299e-05,0.045548654244306416,9.636372927632299e-05,2.7586206896551723e-05,1.0303030303030303,1.0,0.17141982574219336,/tmp/nxf.XXXXsWkdqt/sourmash_database/gtdb-rs214-reps.k51.zip,"GCA_000437915.1 Subdoligranulum sp. CAG:314, MGS314",602297d2cd067f9699ece9ed11f3c792,0.045548654244306416,66000,524,18062000,ERR688634_2.fastq.gz,ERR688634,cf7fcffb,684905000,51,DNA,1000,684905,True,0.8341673896120081,0.9412296487889001,0.8876985192004541,0.9412296487889001,False,68,1339547,2465000,d__Bacteria;p__Bacillota_A;c__Clostridia;o__Christensenellales;f__CAG-314;g__CAG-314;s__CAG-314 sp000437915
187000,0.00027303056628291515,0.022289766970618033,9.636372927632299e-05,9.452332657200811e-05,3.5303030303030303,3.0,2.3108420147780646,/tmp/nxf.XXXXsWkdqt/sourmash_database/gtdb-rs214-reps.k51.zip,"GCA_002633275.1 Bacteroidales bacterium Phil12, ASM263327v1",c2900d719a1612b604f442d5fa60f7df,0.06315433975008443,66000,525,17996000,ERR688634_2.fastq.gz,ERR688634,cf7fcffb,684905000,51,DNA,1000,684905,True,0.8513767571031392,0.9472802748168192,0.8993285159599792,0.9472802748168192,False,233,1339780,2465000,d__Bacteria;p__Bacteroidota;c__Bacteroidia;o__Bacteroidales;f__P3;g__Phil12;s__Phil12 sp002633275
73000,0.00010658412480562998,0.022900763358778626,9.636372927632299e-05,5.476673427991886e-05,2.0454545454545454,1.0,5.016433050581277,/tmp/nxf.XXXXsWkdqt/sourmash_database/gtdb-rs214-reps.k51.zip,"GCA_900545175.1 uncultured Clostridiales bacterium, UMGS754",81cd20f8ea91f5b721ea5db823a26bc9,0.02532963219986121,66000,526,17930000,ERR688634_2.fastq.gz,ERR688634,cf7fcffb,684905000,51,DNA,1000,684905,True,0.8358178043199082,0.930461923487173,0.8831398639035406,0.930461923487173,False,135,1339915,2465000,d__Bacteria;p__Bacillota_A;c__Clostridia;o__Lachnospirales;f__Lachnospiraceae;g__CAG-882;s__CAG-882 sp900545175
660000,0.0009636372927632299,0.03170028818443804,9.636372927632299e-05,0.00027748478701825557,10.363636363636363,5.5,9.169508700424606,/tmp/nxf.XXXXsWkdqt/sourmash_database/gtdb-rs214-reps.k51.zip,"GCA_900757505.1 uncultured Collinsella sp., ERS537311_59",ce60bd8ee89f7532821a28ef3769dabe,0.3170028818443804,66000,527,17864000,ERR688634_2.fastq.gz,ERR688634,cf7fcffb,684905000,51,DNA,1000,684905,True,0.8726921128636284,0.9777254629722164,0.9252087879179224,0.9777254629722164,False,684,1340599,2465000,d__Bacteria;p__Actinomycetota;c__Coriobacteriia;o__Coriobacteriales;f__Coriobacteriaceae;g__Collinsella;s__Collinsella sp900757505
92000,0.0001343251983851775,0.028399311531841654,9.636372927632299e-05,7.626774847870182e-05,2.8484848484848486,1.0,4.046107086175641,/tmp/nxf.XXXXsWkdqt/sourmash_database/gtdb-rs214-reps.k51.zip,"GCA_900762715.1 Ruminococcaceae bacterium, SRS148721_41",3728a57709efcc963af367f6f181174c,0.039586919104991396,66000,528,17798000,ERR688634_2.fastq.gz,ERR688634,cf7fcffb,684905000,51,DNA,1000,684905,True,0.8396175724912144,0.9386442277965172,0.8891309001438659,0.9386442277965172,False,188,1340787,2465000,d__Bacteria;p__Bacillota_A;c__Clostridia;o__Oscillospirales;f__Ruminococcaceae;g__QAMM01;s__QAMM01 sp900762715
222000,0.00032413254392945007,0.027545909849749584,9.636372927632299e-05,3.3671399594320486e-05,1.2575757575757576,1.0,0.5854448207988381,/tmp/nxf.XXXXsWkdqt/sourmash_database/gtdb-rs214-reps.k51.zip,"GCA_902399855.1 Erysipelotrichaceae bacterium, UHGG_MGYG-HGUT-03689",8c1715b0824d8b3e115ca7dbb1d46701,0.09265442404006678,66000,529,17732000,ERR688634_2.fastq.gz,ERR688634,cf7fcffb,684905000,51,DNA,1000,684905,True,0.8542456910348534,0.954426466080255,0.9043360785575543,0.954426466080255,False,83,1340870,2465000,d__Bacteria;p__Bacillota;c__Bacilli;o__Erysipelotrichales;f__Erysipelotrichaceae;g__Faecalicoccus;s__Faecalicoccus sp900546545
523000,0.0007636095516896504,0.02745424292845258,9.636372927632299e-05,0.00034766734279918863,12.984848484848484,9.0,11.836630898936116,/tmp/nxf.XXXXsWkdqt/sourmash_database/gtdb-rs214-reps.k51.zip,"GCA_934503275.1 uncultured Faecalibacterium sp., ERR7745836_bin.91",3f4832756e9bf5a47b2f35a3f2cc7b70,0.2175540765391015,66000,530,17666000,ERR688634_2.fastq.gz,ERR688634,cf7fcffb,684905000,51,DNA,1000,684905,True,0.868720020633256,0.970534821849501,0.9196274212413785,0.970534821849501,False,857,1341727,2465000,d__Bacteria;p__Bacillota_A;c__Clostridia;o__Oscillospirales;f__Ruminococcaceae;g__Faecalibacterium;s__Faecalibacterium sp934503275
66000,9.636372927632299e-05,0.04229017566688354,9.490367277213628e-05,2.8397565922920894e-05,1.0769230769230769,1.0,0.26646935501059654,/tmp/nxf.XXXXsWkdqt/sourmash_database/gtdb-rs214-reps.k51.zip,"GCA_900754795.1 Clostridia bacterium, ERS396508_43",3230168f6722a2be4d9129ab39e3296f,0.04294079375406636,65000,531,17601000,ERR688634_2.fastq.gz,ERR688634,cf7fcffb,684905000,51,DNA,1000,684905,True,0.8341673896120081,0.9401421643340653,0.8871547769730367,0.9401421643340653,False,70,1341797,2465000,d__Bacteria;p__Bacillota_A;c__Clostridia;o__Peptostreptococcales;f__Anaerovoracaceae;g__Fimisoma;s__Fimisoma sp900754795
166000,0.0002423693796949942,0.014292094685127288,9.344361626794957e-05,0.00011480730223123732,4.421875,3.0,4.390346966285808,/tmp/nxf.XXXXsWkdqt/sourmash_database/gtdb-rs214-reps.k51.zip,"GCA_900551775.1 uncultured Eubacterium sp., UMGS1437",f3b3b3d6172750c510064b990b453c88,0.03707012058954891,64000,532,17537000,ERR688634_2.fastq.gz,ERR688634,cf7fcffb,684905000,51,DNA,1000,684905,True,0.849390514805037,0.9374360420570192,0.8934132784310281,0.9374360420570192,False,283,1342080,2465000,d__Bacteria;p__Bacillota_A;c__Clostridia;o__Peptostreptococcales;f__Anaerovoracaceae;g__Emergencia;s__Emergencia sp900551775
67000,9.78237857805097e-05,0.033862433862433865,9.344361626794957e-05,2.8803245436105476e-05,1.109375,1.0,0.4372208931135382,/tmp/nxf.XXXXsWkdqt/sourmash_database/gtdb-rs214-reps.k51.zip,"GCA_900766735.1 Clostridia bacterium, SRS475612_69",46309e25d4703ba1308b5db424c08b17,0.035449735449735446,64000,533,17473000,ERR688634_2.fastq.gz,ERR688634,cf7fcffb,684905000,51,DNA,1000,684905,True,0.8344133887584411,0.9366148499144827,0.885514119336462,0.9366148499144827,False,71,1342151,2465000,d__Bacteria;p__Bacillota_A;c__Clostridia;o__UMGS1883;f__HGM11501;g__HGM11501;s__HGM11501 sp900766735
67000,9.78237857805097e-05,0.03192019950124688,9.344361626794957e-05,2.596348884381339e-05,1.0,1.0,0.0,/tmp/nxf.XXXXsWkdqt/sourmash_database/gtdb-rs214-reps.k51.zip,"GCA_934446365.1 uncultured Eubacteriales bacterium, ERR7738665_bin.14",db1f8622c2d51d50f19719072f87a33f,0.03341645885286783,64000,534,17409000,ERR688634_2.fastq.gz,ERR688634,cf7fcffb,684905000,51,DNA,1000,684905,True,0.8344133887584411,0.9355307083156728,0.8849720485370569,0.9355307083156728,False,64,1342215,2465000,d__Bacteria;p__Bacillota_A;c__Clostridia;o__Oscillospirales;f__CAG-272;g__QALR01;s__QALR01 sp900553085
291000,0.0004248764427183332,0.023161764705882354,9.198355976376285e-05,5.111561866125761e-05,2.0,1.0,1.9189944456771317,/tmp/nxf.XXXXsWkdqt/sourmash_database/gtdb-rs214-reps.k51.zip,"GCA_900546495.1 uncultured Lachnospiraceae bacterium, UMGS894",c751a3fcc0823696d6c19ec14c047421,0.10698529411764705,63000,535,17346000,ERR688634_2.fastq.gz,ERR688634,cf7fcffb,684905000,51,DNA,1000,684905,True,0.858791036659055,0.9571216475324175,0.9079563420957362,0.9571216475324175,False,126,1342341,2465000,d__Bacteria;p__Bacillota_A;c__Clostridia;o__Lachnospirales;f__Lachnospiraceae;g__Eubacterium_I;s__Eubacterium_I sp900546495
531000,0.0007752900037231441,0.025506072874493926,9.198355976376285e-05,9.330628803245436e-05,3.6507936507936507,1.0,4.905968927352696,/tmp/nxf.XXXXsWkdqt/sourmash_database/gtdb-rs214-reps.k51.zip,"GCA_900757715.1 uncultured Veillonella sp., ERS537359_13",7997bdf6c6348469a32cdb3a09e8cc01,0.21497975708502023,63000,536,17283000,ERR688634_2.fastq.gz,ERR688634,cf7fcffb,684905000,51,DNA,1000,684905,True,0.8689786405713744,0.9703083220916952,0.9196434813315348,0.9703083220916952,False,230,1342571,2465000,d__Bacteria;p__Bacillota_C;c__Negativicutes;o__Veillonellales;f__Veillonellaceae;g__Veillonella;s__Veillonella sp900757715
90000,0.0001314050853768041,0.028112449799196786,9.198355976376285e-05,0.0001306288032454361,5.111111111111111,3.0,9.693904337526478,/tmp/nxf.XXXXsWkdqt/sourmash_database/gtdb-rs214-reps.k51.zip,"GCA_944385175.1 uncultured Oscillospiraceae bacterium, BRZ_NA__bin27",c0718f0d8c47834c873a1292d95bc0d5,0.040160642570281124,63000,537,17220000,ERR688634_2.fastq.gz,ERR688634,cf7fcffb,684905000,51,DNA,1000,684905,True,0.8392558097373954,0.9389090868310005,0.8890824482841979,0.9389090868310005,False,322,1342893,2465000,d__Bacteria;p__Bacillota_A;c__Clostridia;o__Oscillospirales;f__Oscillospiraceae;g__Limivicinus;s__Limivicinus sp944385175
63000,9.198355976376285e-05,0.02214285714285714,9.052350325957614e-05,2.5557809330628803e-05,1.0161290322580645,1.0,0.12597176896623638,/tmp/nxf.XXXXsWkdqt/sourmash_database/gtdb-rs214-reps.k51.zip,"GCA_018716805.1 Candidatus Faecivicinus avistercoris, ASM1871680v1",d4311621854865dc77b37cc9c7c6d756,0.0225,62000,538,17158000,ERR688634_2.fastq.gz,ERR688634,cf7fcffb,684905000,51,DNA,1000,684905,True,0.8334068447681166,0.9283032123170297,0.8808550285425731,0.9283032123170297,False,63,1342956,2465000,d__Bacteria;p__Bacillota_A;c__Clostridia;o__Christensenellales;f__CAG-74;g__Faecivicinus;s__Faecivicinus avistercoris
63000,9.198355976376285e-05,0.025768911055694097,9.052350325957614e-05,2.596348884381339e-05,1.032258064516129,1.0,0.17668469596940842,/tmp/nxf.XXXXsWkdqt/sourmash_database/gtdb-rs214-reps.k51.zip,"GCA_944386995.1 uncultured Oscillospiraceae bacterium, E0_RP0__bin191",c093eef15810209b28fe2607247f467f,0.026184538653366583,62000,539,17096000,ERR688634_2.fastq.gz,ERR688634,cf7fcffb,684905000,51,DNA,1000,684905,True,0.8334068447681166,0.9310677266310543,0.8822372856995855,0.9310677266310543,False,64,1343020,2465000,d__Bacteria;p__Bacillota_A;c__Clostridia;o__Oscillospirales;f__Oscillospiraceae;g__CAJFPI01;s__CAJFPI01 sp944386995
160000,0.00023360904066987393,0.015772068176036633,9.052350325957614e-05,4.0973630831643e-05,1.6290322580645162,1.0,1.8336801614358185,/tmp/nxf.XXXXsWkdqt/sourmash_database/gtdb-rs214-reps.k51.zip,"GCF_002161215.1 Flavonifractor sp. An10 strain=An10, ASM216121v1",bcdb7722023fde9b473ad34d534c4b62,0.04070211142203002,62000,540,17034000,ERR688634_2.fastq.gz,ERR688634,cf7fcffb,684905000,51,DNA,1000,684905,True,0.8487776097758053,0.9391556747678586,0.893966642271832,0.9391556747678586,False,101,1343121,2465000,d__Bacteria;p__Bacillota_A;c__Clostridia;o__Oscillospirales;f__Oscillospiraceae;g__Flavonifractor;s__Flavonifractor avistercoris
98000,0.00014308553741029778,0.026281775096940973,8.906344675538943e-05,0.0005241379310344827,21.18032786885246,23.0,15.389487786106837,/tmp/nxf.XXXXsWkdqt/sourmash_database/gtdb-rs214-reps.k51.zip,"GCA_900541975.1 uncultured Ruminococcaceae bacterium, UMGS403",5111e3bd72c61a84926c155b01342a07,0.04222317966393796,61000,541,16973000,ERR688634_2.fastq.gz,ERR688634,cf7fcffb,684905000,51,DNA,1000,684905,True,0.8406583369304524,0.9398315461212386,0.8902449415258455,0.9398315461212386,False,1292,1344413,2465000,d__Bacteria;p__Bacillota_A;c__Clostridia;o__Oscillospirales;f__Acutalibacteraceae;g__Scatavimonas;s__Scatavimonas merdigallinarum
83000,0.0001211846898474971,0.027415730337078652,8.906344675538943e-05,5.2332657200811356e-05,2.1147540983606556,1.0,4.2622950819672125,/tmp/nxf.XXXXsWkdqt/sourmash_database/gtdb-rs214-reps.k51.zip,"GCA_900542395.1 uncultured Clostridiales bacterium, UMGS459",121f0eb6dd3fcc998b78e6f785cff0ad,0.037303370786516854,61000,542,16912000,ERR688634_2.fastq.gz,ERR688634,cf7fcffb,684905000,51,DNA,1000,684905,True,0.8379244402862183,0.9375513431561069,0.8877378917211626,0.9375513431561069,False,129,1344542,2465000,d__Bacteria;p__Bacillota_A;c__Clostridia;o__Christensenellales;f__CAG-74;g__Ventricola;s__Ventricola sp900542395
61000,8.906344675538943e-05,0.034698521046643914,8.906344675538943e-05,2.636916835699797e-05,1.0655737704918034,1.0,0.24753555525477872,/tmp/nxf.XXXXsWkdqt/sourmash_database/gtdb-rs214-reps.k51.zip,"GCA_927911595.1 uncultured Haemophilus sp., ERR3827251_bin.2_metaWRAP_v1.1_MAG",fb7f9778ad6162bf6eed62f399b67a9d,0.034698521046643914,61000,543,16851000,ERR688634_2.fastq.gz,ERR688634,cf7fcffb,684905000,51,DNA,1000,684905,True,0.8328798267001576,0.9362215776734136,0.8845507021867856,0.9362215776734136,False,65,1344607,2465000,d__Bacteria;p__Pseudomonadota;c__Gammaproteobacteria;o__Enterobacterales_A;f__Pasteurellaceae;g__Haemophilus_D;s__Haemophilus_D sp927911595
81000,0.00011826457683912367,0.012543697306189596,8.906344675538943e-05,2.5557809330628803e-05,1.0327868852459017,1.0,0.2539661210627815,/tmp/nxf.XXXXsWkdqt/sourmash_database/gtdb-rs214-reps.k51.zip,"GCF_001750725.1 Enterobacter ludwigii strain=EN-119, ASM175072v1",e872b3add647375df38c33255c3d51e3,0.016656384947563233,61000,544,16790000,ERR688634_2.fastq.gz,ERR688634,cf7fcffb,684905000,51,DNA,1000,684905,True,0.8375237871869693,0.9228455753418515,0.8801846812644104,0.9228455753418515,False,63,1344670,2465000,d__Bacteria;p__Pseudomonadota;c__Gammaproteobacteria;o__Enterobacterales;f__Enterobacteriaceae;g__Enterobacter;s__Enterobacter ludwigii
120000,0.00017520678050240545,0.015330485046494095,8.906344675538943e-05,3.813387423935091e-05,1.540983606557377,1.0,2.419685459112967,/tmp/nxf.XXXXsWkdqt/sourmash_database/gtdb-rs214-reps.k51.zip,"GCF_019734195.1 Clostridium sp. K13 strain=K13, ASM1973419v1",9896053cb246c4d6c70f5fb2de40a1dd,0.030158331239004774,61000,545,16729000,ERR688634_2.fastq.gz,ERR688634,cf7fcffb,684905000,51,DNA,1000,684905,True,0.8440032820903984,0.9336507641566738,0.8888270231235361,0.9336507641566738,False,94,1344764,2465000,d__Bacteria;p__Bacillota_A;c__Clostridia;o__Clostridiales;f__Clostridiaceae;g__Clostridium;s__Clostridium sp900766315
366000,0.0005343806805323366,0.016982734220209454,8.760339025120273e-05,6.612576064908722e-05,2.716666666666667,2.0,2.633702505768047,/tmp/nxf.XXXXsWkdqt/sourmash_database/gtdb-rs214-reps.k51.zip,"GCA_003573975.1 Clostridiales bacterium CCNA10 strain=CCNA10, ASM357397v1",00fa92bb3e4b24b2703f629c0d80feb8,0.10359467874327767,60000,546,16669000,ERR688634_2.fastq.gz,ERR688634,cf7fcffb,684905000,51,DNA,1000,684905,True,0.8626610919196926,0.9565174362393496,0.9095892640795211,0.9565174362393496,False,163,1344927,2465000,d__Bacteria;p__Bacillota_A;c__Clostridia;o__Oscillospirales;f__Oscillospiraceae;g__Lawsonibacter;s__Lawsonibacter sp900066825
194000,0.0002832509618122221,0.02145922746781116,8.760339025120273e-05,3.0425963488843814e-05,1.25,1.0,0.566421515598881,/tmp/nxf.XXXXsWkdqt/sourmash_database/gtdb-rs214-reps.k51.zip,"GCA_900315735.1 uncultured Lachnospiraceae bacterium, Rumen uncultured genome RUG115",367102f8450ae5b7712d9590fc9725f6,0.06938483547925609,60000,547,16609000,ERR688634_2.fastq.gz,ERR688634,cf7fcffb,684905000,51,DNA,1000,684905,True,0.851990462621077,0.9490294669947876,0.9005099648079323,0.9490294669947876,False,75,1345002,2465000,d__Bacteria;p__Bacillota_A;c__Clostridia;o__Lachnospirales;f__Lachnospiraceae;g__RUG115;s__RUG115 sp900315735
363000,0.0005300005110197765,0.029239766081871343,8.760339025120273e-05,4.503042596348884e-05,1.85,1.0,1.6209565077447325,/tmp/nxf.XXXXsWkdqt/sourmash_database/gtdb-rs214-reps.k51.zip,"GCF_000187505.1 Streptococcus parasanguinis ATCC 903 strain=ATCC 903, ASM18750v1",f516978a3e89001837078d528da07662,0.17690058479532164,60000,548,16549000,ERR688634_2.fastq.gz,ERR688634,cf7fcffb,684905000,51,DNA,1000,684905,True,0.8625218848905736,0.9666062379277981,0.9145640614091859,0.9666062379277981,False,111,1345113,2465000,d__Bacteria;p__Bacillota;c__Bacilli;o__Lactobacillales;f__Streptococcaceae;g__Streptococcus;s__Streptococcus parasanguinis_M
120000,0.00017520678050240545,0.016107382550335572,8.760339025120273e-05,2.7586206896551723e-05,1.1333333333333333,1.0,0.3858612300930075,/tmp/nxf.XXXXsWkdqt/sourmash_database/gtdb-rs214-reps.k51.zip,"GCF_002160765.1 Lachnoclostridium sp. An138 strain=An138, ASM216076v1",33ee6295597bb4afdf6be870bb2dce0d,0.032214765100671144,60000,549,16489000,ERR688634_2.fastq.gz,ERR688634,cf7fcffb,684905000,51,DNA,1000,684905,True,0.8440032820903984,0.9348591344618121,0.8894312082761053,0.9348591344618121,False,68,1345181,2465000,d__Bacteria;p__Bacillota_A;c__Clostridia;o__Lachnospirales;f__Lachnospiraceae;g__Merdisoma;s__Merdisoma faecalis
408000,0.0005957030537081785,0.018588531821046,8.6143333747016e-05,5.354969574036511e-05,2.23728813559322,2.0,2.930488378635353,/tmp/nxf.XXXXsWkdqt/sourmash_database/gtdb-rs214-reps.k51.zip,"GCA_025149915.1 Coprococcus eutactus strain=ATCC 27759, ASM2514991v1",95f2fa3d7842274fb04d878b8fd46f55,0.1285444234404537,59000,550,16430000,ERR688634_2.fastq.gz,ERR688634,cf7fcffb,684905000,51,DNA,1000,684905,True,0.8645005834479819,0.960573177985935,0.9125368807169585,0.960573177985935,False,132,1345313,2465000,d__Bacteria;p__Bacillota_A;c__Clostridia;o__Lachnospirales;f__Lachnospiraceae;g__Coprococcus;s__Coprococcus eutactus
274000,0.0004000554821471591,0.027429102742910275,8.6143333747016e-05,0.0004,16.71186440677966,16.0,4.843485393936426,/tmp/nxf.XXXXsWkdqt/sourmash_database/gtdb-rs214-reps.k51.zip,"GCA_900553925.1 uncultured Clostridium sp., UMGS1660",61eae9cd6f42ad9708078b958b408c02,0.12738261273826126,59000,551,16371000,ERR688634_2.fastq.gz,ERR688634,cf7fcffb,684905000,51,DNA,1000,684905,True,0.8577780058990848,0.9604021867675177,0.9090900963333013,0.9604021867675177,False,986,1346299,2465000,d__Bacteria;p__Bacillota_A;c__Clostridia;o__Lachnospirales;f__Lachnospiraceae;g__Wujia;s__Wujia sp900553925
62000,9.052350325957614e-05,0.024831649831649833,8.6143333747016e-05,2.3935091277890466e-05,1.0,1.0,0.0,/tmp/nxf.XXXXsWkdqt/sourmash_database/gtdb-rs214-reps.k51.zip,"GCA_944321625.1 uncultured Slackia sp., E40__bin219",cdaa2ce18686920bd74c22fd22399cda,0.026094276094276093,59000,552,16312000,ERR688634_2.fastq.gz,ERR688634,cf7fcffb,684905000,51,DNA,1000,684905,True,0.8331454192301073,0.9310046877158441,0.8820750534729758,0.9310046877158441,False,59,1346358,2465000,d__Bacteria;p__Actinomycetota;c__Coriobacteriia;o__Coriobacteriales;f__Eggerthellaceae;g__Slackia_A;s__Slackia_A sp944321625
114000,0.00016644644147728517,0.026989935956084173,8.6143333747016e-05,6.774847870182556e-05,2.830508474576271,2.0,2.2560843713403425,/tmp/nxf.XXXXsWkdqt/sourmash_database/gtdb-rs214-reps.k51.zip,"GCA_944385705.1 uncultured Oscillospiraceae bacterium, BRZ_NQ__bin25",641c5670b60785df0678f62aed517afa,0.05215004574565416,59000,553,16253000,ERR688634_2.fastq.gz,ERR688634,cf7fcffb,684905000,51,DNA,1000,684905,True,0.8431548517811417,0.9437308046722146,0.8934428282266782,0.9437308046722146,False,167,1346525,2465000,d__Bacteria;p__Bacillota_A;c__Clostridia;o__Oscillospirales;f__Oscillospiraceae;g__Limivicinus;s__Limivicinus sp944385705
447000,0.0006526452573714603,0.015616728427739545,8.6143333747016e-05,0.00010060851926977687,4.203389830508475,2.0,3.6581909997162607,/tmp/nxf.XXXXsWkdqt/sourmash_database/gtdb-rs214-reps.k51.zip,"GCF_018919065.1 Blautia sp. MSJ-9 strain=MSJ-9, ASM1891906v1",3f68c69a571a1395bf239b4d0e6bb427,0.11831656961355215,59000,554,16194000,ERR688634_2.fastq.gz,ERR688634,cf7fcffb,684905000,51,DNA,1000,684905,True,0.86604944940934,0.9590128423292569,0.9125311458692984,0.9590128423292569,False,248,1346773,2465000,d__Bacteria;p__Bacillota_A;c__Clostridia;o__Lachnospirales;f__Lachnospiraceae;g__Blautia_A;s__Blautia_A sp018919065
348000,0.0005080996634569758,0.015526315789473685,8.6143333747016e-05,9.087221095334685e-05,3.7966101694915255,2.0,3.994825725466097,/tmp/nxf.XXXXsWkdqt/sourmash_database/gtdb-rs214-reps.k51.zip,"GCF_020736365.1 Clostridium sp. M62/1 strain=FDAARGOS_1583, ASM2073636v1",0380dbe573a123194534af872fd30072,0.09157894736842105,59000,555,16135000,ERR688634_2.fastq.gz,ERR688634,cf7fcffb,684905000,51,DNA,1000,684905,True,0.8618084795132749,0.9542079968837288,0.9080082381985018,0.9542079968837288,False,224,1346997,2465000,d__Bacteria;p__Bacillota_A;c__Clostridia;o__Lachnospirales;f__Lachnospiraceae;g__Clostridium_Q;s__Clostridium_Q saccharolyticum_A
62000,9.052350325957614e-05,0.02606741573033708,8.46832772428293e-05,2.434077079107505e-05,1.0344827586206897,1.0,0.18246560765962697,/tmp/nxf.XXXXsWkdqt/sourmash_database/gtdb-rs214-reps.k51.zip,"GCA_000432155.1 Eubacterium sp. CAG:274, MGS274",804f77c9a5d2281679a3f08fd6bb4929,0.027865168539325844,58000,556,16077000,ERR688634_2.fastq.gz,ERR688634,cf7fcffb,684905000,51,DNA,1000,684905,True,0.8331454192301073,0.9322041096888534,0.8826747644594803,0.9322041096888534,False,60,1347057,2465000,d__Bacteria;p__Bacillota_A;c__Clostridia;o__Lachnospirales;f__CAG-274;g__CAG-274;s__CAG-274 sp000432155
58000,8.46832772428293e-05,0.03780964797913951,8.46832772428293e-05,2.596348884381339e-05,1.103448275862069,1.0,0.3566924287168483,/tmp/nxf.XXXXsWkdqt/sourmash_database/gtdb-rs214-reps.k51.zip,"GCA_944387845.1 uncultured Oscillospiraceae bacterium, E01__bin254",7d085eb6be5505f9e22b8305fb015e49,0.03780964797913951,58000,557,16019000,ERR688634_2.fastq.gz,ERR688634,cf7fcffb,684905000,51,DNA,1000,684905,True,0.8320566486526588,0.9377991949133595,0.8849279217830092,0.9377991949133595,False,64,1347121,2465000,d__Bacteria;p__Bacillota_A;c__Clostridia;o__Oscillospirales;f__Oscillospiraceae;g__CALXGH01;s__CALXGH01 sp944387845
161000,0.00023506909717406062,0.008841463414634146,8.46832772428293e-05,2.5152129817444218e-05,1.0689655172413792,1.0,0.2533954906327426,/tmp/nxf.XXXXsWkdqt/sourmash_database/gtdb-rs214-reps.k51.zip,"GCF_002234575.2 Enterocloster bolteae strain=ATCC BAA-613, ASM223457v2",b5edd45c572fe04753d4848d8e14e842,0.02454268292682927,58000,558,15961000,ERR688634_2.fastq.gz,ERR688634,cf7fcffb,684905000,51,DNA,1000,684905,True,0.8488813092693501,0.9298862883325472,0.8893837988009486,0.9298862883325472,False,62,1347183,2465000,d__Bacteria;p__Bacillota_A;c__Clostridia;o__Lachnospirales;f__Lachnospiraceae;g__Enterocloster;s__Enterocloster bolteae
293000,0.0004277965557267066,0.021083242457288258,8.46832772428293e-05,0.000118052738336714,5.017241379310345,2.0,8.131444668077862,/tmp/nxf.XXXXsWkdqt/sourmash_database/gtdb-rs214-reps.k51.zip,"GCF_003287495.1 Faecalibacterium prausnitzii strain=APC923/61-1, ASM328749v1",e6bface39e3d16e80204535c16bd0cef,0.10650672482733552,58000,559,15903000,ERR688634_2.fastq.gz,ERR688634,cf7fcffb,684905000,51,DNA,1000,684905,True,0.858906380745147,0.9570375134854495,0.9079719471152983,0.9570375134854495,False,291,1347474,2465000,d__Bacteria;p__Bacillota_A;c__Clostridia;o__Oscillospirales;f__Ruminococcaceae;g__Faecalibacterium;s__Faecalibacterium prausnitzii_I
271000,0.00039567531263459894,0.03437876960193004,8.322322073864259e-05,4.219066937119676e-05,1.8245614035087718,1.0,1.0616572119584047,/tmp/nxf.XXXXsWkdqt/sourmash_database/gtdb-rs214-reps.k51.zip,"GCA_003521145.1 Streptococcus sp., ASM352114v1",29d34eb16acee8bc2e473e5a485961ec,0.16344993968636912,57000,560,15846000,ERR688634_2.fastq.gz,ERR688634,cf7fcffb,684905000,51,DNA,1000,684905,True,0.8575928587664523,0.9651085694581554,0.9113507141123038,0.9651085694581554,False,104,1347578,2465000,d__Bacteria;p__Bacillota;c__Bacilli;o__Lactobacillales;f__Streptococcaceae;g__Streptococcus;s__Streptococcus sp003521145
59000,8.6143333747016e-05,0.02601551802829758,8.322322073864259e-05,2.4746450304259636e-05,1.0701754385964912,1.0,0.25544245225545675,/tmp/nxf.XXXXsWkdqt/sourmash_database/gtdb-rs214-reps.k51.zip,"GCA_019118705.1 Candidatus Merdibacter merdigallinarum, ASM1911870v1",da44c18646b3a991af196c877071856b,0.026928343222272933,57000,561,15789000,ERR688634_2.fastq.gz,ERR688634,cf7fcffb,684905000,51,DNA,1000,684905,True,0.832335588279243,0.931579229093094,0.8819574086861686,0.931579229093094,False,61,1347639,2465000,d__Bacteria;p__Bacillota;c__Bacilli;o__Erysipelotrichales;f__Erysipelotrichaceae;g__Merdibacter;s__Merdibacter merdigallinarum
164000,0.00023944926668662076,0.029185867895545316,8.322322073864259e-05,3.002028397565923e-05,1.2982456140350878,1.0,0.6479363267585749,/tmp/nxf.XXXXsWkdqt/sourmash_database/gtdb-rs214-reps.k51.zip,"GCA_900317855.1 uncultured Clostridiales bacterium, Rumen uncultured genome RUG332",c2b566a05cbb2e1d88d0910d43080bf0,0.08397337429595494,57000,562,15732000,ERR688634_2.fastq.gz,ERR688634,cf7fcffb,684905000,51,DNA,1000,684905,True,0.8491886609767482,0.9525871907602942,0.9008879258685212,0.9525871907602942,False,74,1347713,2465000,d__Bacteria;p__Bacillota_A;c__Clostridia;o__Oscillospirales;f__Oscillospiraceae;g__CAG-103;s__CAG-103 sp900317855
650000,0.0009490367277213628,0.0269248937175248,8.322322073864259e-05,0.000240973630831643,10.421052631578947,4.0,10.173835324387564,/tmp/nxf.XXXXsWkdqt/sourmash_database/gtdb-rs214-reps.k51.zip,"GCA_900541175.1 uncultured Collinsella sp., UMGS327",214f4150562f89df3d3fe85545bff6e9,0.3070382616910723,57000,563,15675000,ERR688634_2.fastq.gz,ERR688634,cf7fcffb,684905000,51,DNA,1000,684905,True,0.8724309009344227,0.9771133589906171,0.9247721299625199,0.9771133589906171,False,594,1348307,2465000,d__Bacteria;p__Actinomycetota;c__Coriobacteriia;o__Coriobacteriales;f__Coriobacteriaceae;g__Collinsella;s__Collinsella sp900541175
129000,0.00018834728904008584,0.016047297297297296,8.322322073864259e-05,0.00011602434077079107,5.017543859649122,4.0,5.36882236775416,/tmp/nxf.XXXXsWkdqt/sourmash_database/gtdb-rs214-reps.k51.zip,"GCA_900771955.1 Lachnospiraceae bacterium, SRS820611_2",22c4d676d349bb74061604f607547331,0.036317567567567564,57000,564,15618000,ERR688634_2.fastq.gz,ERR688634,cf7fcffb,684905000,51,DNA,1000,684905,True,0.8452009717836522,0.9370591271934198,0.8911300494885359,0.9370591271934198,False,286,1348593,2465000,d__Bacteria;p__Bacillota_A;c__Clostridia;o__Lachnospirales;f__Lachnospiraceae;g__CAG-45;s__CAG-45 sp900771955
58000,8.46832772428293e-05,0.023255813953488372,8.322322073864259e-05,2.434077079107505e-05,1.0526315789473684,1.0,0.22329687826943606,/tmp/nxf.XXXXsWkdqt/sourmash_database/gtdb-rs214-reps.k51.zip,"GCA_904395335.1 Candidatus Avimonas narfia, Coassembly_mag_196",88dca4cb081283c444e7403da4b9ef8d,0.023663810689514484,57000,565,15561000,ERR688634_2.fastq.gz,ERR688634,cf7fcffb,684905000,51,DNA,1000,684905,True,0.8320566486526588,0.9292216234534185,0.8806391360530387,0.9292216234534185,False,60,1348653,2465000,d__Bacteria;p__Bacillota_A;c__Clostridia;o__Oscillospirales;f__Acutalibacteraceae;g__Avimonas_A;s__Avimonas_A narfia
94000,0.00013724531139355092,0.025389755011135856,8.322322073864259e-05,0.0001334685598377282,5.771929824561403,4.0,5.0158259849066615,/tmp/nxf.XXXXsWkdqt/sourmash_database/gtdb-rs214-reps.k51.zip,"GCA_934591815.1 uncultured Oscillospiraceae bacterium, ERR7745625_bin.181",be0c4f75541d4f3bd44c858f638263cd,0.04187082405345212,57000,566,15504000,ERR688634_2.fastq.gz,ERR688634,cf7fcffb,684905000,51,DNA,1000,684905,True,0.8399717057379719,0.9396771299212964,0.8898244178296342,0.9396771299212964,False,329,1348982,2465000,d__Bacteria;p__Bacillota_A;c__Clostridia;o__Oscillospirales;f__Oscillospiraceae;g__Vescimonas;s__Vescimonas sp934591815
214000,0.00031245209189595635,0.01570827489481066,8.176316423445588e-05,3.975659229208925e-05,1.75,1.0,2.627124990228998,/tmp/nxf.XXXXsWkdqt/sourmash_database/gtdb-rs214-reps.k51.zip,"GCA_022717655.1 Firmicutes bacterium, ASM2271765v1",c3ea37aac8cf132e603a0dec1f62176f,0.06002805049088359,56000,567,15448000,ERR688634_2.fastq.gz,ERR688634,cf7fcffb,684905000,51,DNA,1000,684905,True,0.8536311673837642,0.946337743112477,0.8999844552481207,0.946337743112477,False,98,1349080,2465000,d__Bacteria;p__Bacillota_A;c__Clostridia;o__Lachnospirales;f__Lachnospiraceae;g__Blautia;s__Blautia sp022717655
348000,0.0005080996634569758,0.0185799601857996,8.176316423445588e-05,7.18052738336714e-05,3.1607142857142856,3.0,1.9528073721319934,/tmp/nxf.XXXXsWkdqt/sourmash_database/gtdb-rs214-reps.k51.zip,"GCA_900541585.1 uncultured Alistipes sp., UMGS368",09af2a8231b8723f55802b593793fa09,0.1154611811546118,56000,568,15392000,ERR688634_2.fastq.gz,ERR688634,cf7fcffb,684905000,51,DNA,1000,684905,True,0.8618084795132749,0.9585535767966799,0.9101810281549774,0.9585535767966799,False,177,1349257,2465000,d__Bacteria;p__Bacteroidota;c__Bacteroidia;o__Bacteroidales;f__Rikenellaceae;g__Alistipes;s__Alistipes sp900541585
407000,0.0005942429972039918,0.026717557251908396,8.176316423445588e-05,0.0010430020283975659,45.910714285714285,50.5,19.608012926310696,/tmp/nxf.XXXXsWkdqt/sourmash_database/gtdb-rs214-reps.k51.zip,"GCA_905215855.1 uncultured bacterium, SRR413702-mag-bin.4",51fddfbdf5dd5602c5ca26b0a2b7691c,0.1941793893129771,56000,569,15336000,ERR688634_2.fastq.gz,ERR688634,cf7fcffb,684905000,51,DNA,1000,684905,True,0.8644589869019051,0.9683741742524687,0.9164165805771869,0.9683741742524687,False,2571,1351828,2465000,d__Bacteria;p__Bacillota_A;c__Clostridia;o__Oscillospirales;f__Acutalibacteraceae;g__Ruminococcus_E;s__Ruminococcus_E sp905215855
597000,0.0008716537329994671,0.017146356399265157,8.176316423445588e-05,0.00017606490872210952,7.75,7.0,2.977594906727816,/tmp/nxf.XXXXsWkdqt/sourmash_database/gtdb-rs214-reps.k51.zip,"GCA_934317215.1 uncultured Roseburia sp., ERR7745427_bin.39",512b87b309de57951fd9883f0564d414,0.1827924066135946,56000,570,15280000,ERR688634_2.fastq.gz,ERR688634,cf7fcffb,684905000,51,DNA,1000,684905,True,0.8709771169190929,0.96722740066386,0.9191022587914764,0.96722740066386,False,434,1352262,2465000,d__Bacteria;p__Bacillota_A;c__Clostridia;o__Lachnospirales;f__Lachnospiraceae;g__Roseburia;s__Roseburia sp934317215
56000,8.176316423445588e-05,0.021756021756021756,8.176316423445588e-05,2.4746450304259636e-05,1.0892857142857142,1.0,0.28515570397627343,/tmp/nxf.XXXXsWkdqt/sourmash_database/gtdb-rs214-reps.k51.zip,"GCA_944376795.1 uncultured Christensenellaceae bacterium, E14__bin269",963f016791b60ab0c0cc73739a6ff5d6,0.021756021756021756,56000,571,15224000,ERR688634_2.fastq.gz,ERR688634,cf7fcffb,684905000,51,DNA,1000,684905,True,0.8314843364328186,0.9276913759416584,0.8795878561872386,0.9276913759416584,False,61,1352323,2465000,d__Bacteria;p__Bacillota_A;c__Clostridia;o__Christensenellales;f__UMGS416;g__CALWDW01;s__CALWDW01 sp944376795
62000,9.052350325957614e-05,0.023880597014925373,8.176316423445588e-05,2.8397565922920894e-05,1.25,1.0,1.0394023007753748,/tmp/nxf.XXXXsWkdqt/sourmash_database/gtdb-rs214-reps.k51.zip,"GCA_944387015.1 uncultured Oscillospiraceae bacterium, BRZ_CF__bin49",637cde8edbffe88e263b36bb758e5b15,0.026439232409381664,56000,572,15168000,ERR688634_2.fastq.gz,ERR688634,cf7fcffb,684905000,51,DNA,1000,684905,True,0.8331454192301073,0.9312444614138783,0.8821949403219929,0.9312444614138783,False,70,1352393,2465000,d__Bacteria;p__Bacillota_A;c__Clostridia;o__Oscillospirales;f__Oscillospiraceae;g__Dysosmobacter;s__Dysosmobacter sp944387015
500000,0.000730028252093356,0.015891032917139614,8.176316423445588e-05,0.0001594320486815416,7.017857142857143,4.0,6.809895823171525,/tmp/nxf.XXXXsWkdqt/sourmash_database/gtdb-rs214-reps.k51.zip,"GCF_014287635.1 Roseburia sp. BX1005 strain=BX1005, ASM1428763v1",e5d7e80cf6a3cbaa332274b1b372c3a7,0.14188422247446084,56000,573,15112000,ERR688634_2.fastq.gz,ERR688634,cf7fcffb,684905000,51,DNA,1000,684905,True,0.8679542943204379,0.9624346647960589,0.9151944795582484,0.9624346647960589,False,393,1352786,2465000,d__Bacteria;p__Bacillota_A;c__Clostridia;o__Lachnospirales;f__Lachnospiraceae;g__1XD42-69;s__1XD42-69 sp014287635
203000,0.00029639147034990254,0.015736766809728183,8.030310773026916e-05,9.006085192697768e-05,4.036363636363636,3.0,4.103052683346151,/tmp/nxf.XXXXsWkdqt/sourmash_database/gtdb-rs214-reps.k51.zip,"GCA_900548855.1 uncultured Clostridiales bacterium, UMGS1135",880a166345aa7a44b159937fb00f11ee,0.0580829756795422,55000,574,15057000,ERR688634_2.fastq.gz,ERR688634,cf7fcffb,684905000,51,DNA,1000,684905,True,0.8527483663900468,0.9457267295195614,0.899237547954804,0.9457267295195614,False,222,1353008,2465000,d__Bacteria;p__Bacillota_A;c__Clostridia;o__Lachnospirales;f__Lachnospiraceae;g__CAG-590;s__CAG-590 sp900548855
265000,0.0003869149736094787,0.019237495627841904,8.030310773026916e-05,0.00011237322515212981,5.036363636363636,3.0,13.940084304380058,/tmp/nxf.XXXXsWkdqt/sourmash_database/gtdb-rs214-reps.k51.zip,"GCA_900551445.1 uncultured Bacteroides sp., UMGS1399",9ed6bba6de188c24d367c7b78411465b,0.09268975166142007,55000,575,15002000,ERR688634_2.fastq.gz,ERR688634,cf7fcffb,684905000,51,DNA,1000,684905,True,0.8572164582132704,0.9544336001832571,0.9058250291982637,0.9544336001832571,False,277,1353285,2465000,d__Bacteria;p__Bacteroidota;c__Bacteroidia;o__Bacteroidales;f__Bacteroidaceae;g__Phocaeicola;s__Phocaeicola sp900551445
255000,0.00037231440856761155,0.03706199460916442,8.030310773026916e-05,6.490872210953347e-05,2.909090909090909,2.0,1.7085105397576013,/tmp/nxf.XXXXsWkdqt/sourmash_database/gtdb-rs214-reps.k51.zip,"GCA_900761475.1 Clostridia bacterium, SRS075773_34",e49f35d2aa9c69d05f4fd05a7e539957,0.17183288409703504,55000,576,14947000,ERR688634_2.fastq.gz,ERR688634,cf7fcffb,684905000,51,DNA,1000,684905,True,0.8565701543505977,0.9660555144837798,0.9113128344171888,0.9660555144837798,False,160,1353445,2465000,d__Bacteria;p__Bacillota_A;c__Clostridia;o__TANB77;f__CAG-508;g__CAG-245;s__CAG-245 sp900761475
170000,0.00024820960571174107,0.02332485156912638,8.030310773026916e-05,7.707910750507099e-05,3.4545454545454546,1.0,4.935283658857759,/tmp/nxf.XXXXsWkdqt/sourmash_database/gtdb-rs214-reps.k51.zip,"GCF_900155395.1 Merdibacter massiliensis strain=Marseille-P3254, PRJEB18752",7a1a5a2a7cd4250b4d73df934ff11194,0.0720949957591179,55000,577,14892000,ERR688634_2.fastq.gz,ERR688634,cf7fcffb,684905000,51,DNA,1000,684905,True,0.8497871669826287,0.949742740745604,0.8997649538641164,0.949742740745604,False,190,1353635,2465000,d__Bacteria;p__Bacillota;c__Bacilli;o__Erysipelotrichales;f__Erysipelotrichaceae;g__Merdibacter;s__Merdibacter massiliensis
342000,0.0004993393244318555,0.022203947368421052,7.884305122608245e-05,9.411764705882353e-05,4.296296296296297,4.0,2.191140660407265,/tmp/nxf.XXXXsWkdqt/sourmash_database/gtdb-rs214-reps.k51.zip,"GCA_000434895.1 Phascolarctobacterium succinatutens CAG:287, MGS287",4449a5ac77504f40aa494cf85464d623,0.140625,54000,578,14838000,ERR688634_2.fastq.gz,ERR688634,cf7fcffb,684905000,51,DNA,1000,684905,True,0.8615146403758231,0.9622664493648987,0.9118905448703609,0.9622664493648987,False,232,1353867,2465000,d__Bacteria;p__Bacillota_C;c__Negativicutes;o__Acidaminococcales;f__Acidaminococcaceae;g__Phascolarctobacterium_A;s__Phascolarctobacterium_A succinatutens_A
170000,0.00024820960571174107,0.024489795918367346,7.884305122608245e-05,4.1379310344827587e-05,1.8888888888888888,1.0,1.882341594010824,/tmp/nxf.XXXXsWkdqt/sourmash_database/gtdb-rs214-reps.k51.zip,"GCA_900546075.1 uncultured Clostridiales bacterium, UMGS838",7f4284af1da5d8d2e35ee124e9686eba,0.07709750566893424,54000,579,14784000,ERR688634_2.fastq.gz,ERR688634,cf7fcffb,684905000,51,DNA,1000,684905,True,0.8497871669826287,0.9509928710219887,0.9003900190023086,0.9509928710219887,False,102,1353969,2465000,d__Bacteria;p__Bacillota_A;c__Clostridia;o__Oscillospirales;f__Oscillospiraceae;g__Faecousia;s__Faecousia sp900546075
96000,0.00014016542440192437,0.019217081850533807,7.884305122608245e-05,4.584178498985801e-05,2.0925925925925926,1.5,1.669647540079426,/tmp/nxf.XXXXsWkdqt/sourmash_database/gtdb-rs214-reps.k51.zip,"GCA_900548465.1 uncultured Eubacterium sp., UMGS1096",3be4c275b45e6c752447c87334ec97d6,0.03416370106761566,54000,580,14730000,ERR688634_2.fastq.gz,ERR688634,cf7fcffb,684905000,51,DNA,1000,684905,True,0.8403185276728027,0.9359364708233521,0.8881274992480774,0.9359364708233521,False,113,1354082,2465000,d__Bacteria;p__Bacillota_A;c__Clostridia;o__Lachnospirales;f__Lachnospiraceae;g__Eubacterium_G;s__Eubacterium_G sp900548465
760000,0.0011096429431819012,0.01483924154987634,7.884305122608245e-05,0.000122920892494929,5.611111111111111,2.0,6.6204415950584625,/tmp/nxf.XXXXsWkdqt/sourmash_database/gtdb-rs214-reps.k51.zip,"GCF_003474435.1 Ruminococcus sp. AF46-10NS strain=AF46-10NS, ASM347443v1",d00958a94f0511be486249d87bf167a9,0.20884858477603738,54000,581,14676000,ERR688634_2.fastq.gz,ERR688634,cf7fcffb,684905000,51,DNA,1000,684905,True,0.8751095368787796,0.969757983194231,0.9224337600365053,0.969757983194231,False,303,1354385,2465000,d__Bacteria;p__Bacillota_A;c__Clostridia;o__Lachnospirales;f__Lachnospiraceae;g__Blautia_A;s__Blautia_A sp003474435
169000,0.0002467495492075543,0.017543859649122806,7.884305122608245e-05,3.2860040567951315e-05,1.5,1.0,1.5244914148902493,/tmp/nxf.XXXXsWkdqt/sourmash_database/gtdb-rs214-reps.k51.zip,"GCF_003478995.1 Pseudoflavonifractor sp. AF19-9AC strain=AF19-9AC, ASM347899v1",99a9d663dedf53309e85ebec68ec1d3a,0.05490578297595841,54000,582,14622000,ERR688634_2.fastq.gz,ERR688634,cf7fcffb,684905000,51,DNA,1000,684905,True,0.8496888685869375,0.9446841509026013,0.8971865097447693,0.9446841509026013,False,81,1354466,2465000,d__Bacteria;p__Bacillota_A;c__Clostridia;o__Oscillospirales;f__Oscillospiraceae;g__Lawsonibacter;s__Lawsonibacter sp003478995
176000,0.0002569699447368613,0.03920118343195266,7.738299472189574e-05,0.00019837728194726167,9.226415094339623,9.0,3.5429521292223014,/tmp/nxf.XXXXsWkdqt/sourmash_database/gtdb-rs214-reps.k51.zip,"GCA_002438575.1 Oscillospiraceae bacterium UBA6409, ASM243857v1",9004fb923ad471b6a521678a175597fe,0.1301775147928994,53000,583,14569000,ERR688634_2.fastq.gz,ERR688634,cf7fcffb,684905000,51,DNA,1000,684905,True,0.8503653114444489,0.9608109862921631,0.905588148868306,0.9608109862921631,False,489,1354955,2465000,d__Bacteria;p__Bacillota_A;c__Clostridia;o__Oscillospirales;f__Oscillospiraceae;g__Vescimonas;s__Vescimonas sp002438575
781000,0.001140304129769822,0.01864883884588318,7.738299472189574e-05,6.815415821501014e-05,3.169811320754717,2.0,3.5220911940911583,/tmp/nxf.XXXXsWkdqt/sourmash_database/gtdb-rs214-reps.k51.zip,"GCA_003458705.1 Eubacterium sp. AF22-9 strain=AF22-9, ASM345870v1",3c08fda7e2d5d877b90f3728c63b587d,0.27480647431386346,53000,584,14516000,ERR688634_2.fastq.gz,ERR688634,cf7fcffb,684905000,51,DNA,1000,684905,True,0.8755773601670253,0.9749908244975253,0.9252840923322753,0.9749908244975253,False,168,1355123,2465000,d__Bacteria;p__Bacillota_A;c__Clostridia;o__Lachnospirales;f__Lachnospiraceae;g__Lachnospira;s__Lachnospira sp003537285
53000,7.738299472189574e-05,0.025082820634169428,7.738299472189574e-05,2.1906693711967546e-05,1.0188679245283019,1.0,0.1360585386967543,/tmp/nxf.XXXXsWkdqt/sourmash_database/gtdb-rs214-reps.k51.zip,"GCA_900539765.1 uncultured Porphyromonas sp., UMGS166",53e1e4dffe7089a555a87fc4f6674716,0.025082820634169428,53000,585,14463000,ERR688634_2.fastq.gz,ERR688634,cf7fcffb,684905000,51,DNA,1000,684905,True,0.8305871474457984,0.9302832961670084,0.8804352218064034,0.9302832961670084,False,54,1355177,2465000,d__Bacteria;p__Bacteroidota;c__Bacteroidia;o__Bacteroidales;f__Porphyromonadaceae;g__Porphyromonas;s__Porphyromonas sp900539765
249000,0.00036355406954249127,0.008919555705149781,7.738299472189574e-05,4.178498985801217e-05,1.9433962264150944,1.0,1.8975166923433402,/tmp/nxf.XXXXsWkdqt/sourmash_database/gtdb-rs214-reps.k51.zip,"GCA_900555635.1 uncultured Bacteroides sp., UMGS1845",52e0f077c684a220971fa3677b81ae28,0.0419050824638169,53000,586,14410000,ERR688634_2.fastq.gz,ERR688634,cf7fcffb,684905000,51,DNA,1000,684905,True,0.8561703361017654,0.9396921991163518,0.8979312676090586,0.9396921991163518,False,103,1355280,2465000,d__Bacteria;p__Bacteroidota;c__Bacteroidia;o__Bacteroidales;f__Bacteroidaceae;g__Bacteroides;s__Bacteroides sp900555635
630000,0.0009198355976376285,0.02844873859366613,7.738299472189574e-05,0.0004791075050709939,22.28301886792453,9.0,53.50414456120254,/tmp/nxf.XXXXsWkdqt/sourmash_database/gtdb-rs214-reps.k51.zip,"GCA_900752425.1 uncultured Collinsella sp., ERS235611_34",fe10f9811d4e05544842b1bb10576c94,0.33816425120772947,53000,587,14357000,ERR688634_2.fastq.gz,ERR688634,cf7fcffb,684905000,51,DNA,1000,684905,True,0.8718964434392316,0.9789651003819283,0.9254307719105799,0.9789651003819283,False,1181,1356461,2465000,d__Bacteria;p__Actinomycetota;c__Coriobacteriia;o__Coriobacteriales;f__Coriobacteriaceae;g__Collinsella;s__Collinsella sp900752425
265000,0.0003869149736094787,0.016272643536997238,7.738299472189574e-05,9.73630831643002e-05,4.528301886792453,4.0,2.937100184496611,/tmp/nxf.XXXXsWkdqt/sourmash_database/gtdb-rs214-reps.k51.zip,"GCA_900772845.1 Lachnospiraceae bacterium, SRS883029_98",b8d999fccd06a702ea1a817ef7b9d093,0.08136321768498618,53000,588,14304000,ERR688634_2.fastq.gz,ERR688634,cf7fcffb,684905000,51,DNA,1000,684905,True,0.8572164582132704,0.9519975821926048,0.9046070202029376,0.9519975821926048,False,240,1356701,2465000,d__Bacteria;p__Bacillota_A;c__Clostridia;o__Lachnospirales;f__Lachnospiraceae;g__Acetatifactor;s__Acetatifactor sp900772845
56000,8.176316423445588e-05,0.045768566493955096,7.738299472189574e-05,0.0012543610547667342,58.339622641509436,67.0,31.747199190816406,/tmp/nxf.XXXXsWkdqt/sourmash_database/gtdb-rs214-reps.k51.zip,"GCA_905209745.1 uncultured Mycoplasma sp., ERR260232-mag-bin.11",57540c4f3656467fc689830b58fb19d2,0.04835924006908463,53000,589,14251000,ERR688634_2.fastq.gz,ERR688634,cf7fcffb,684905000,51,DNA,1000,684905,True,0.8314843364328186,0.9423353425451962,0.8869098394890074,0.9423353425451962,False,3092,1359793,2465000,d__Bacteria;p__Bacillota;c__Bacilli;o__RF39;f__UBA660;g__Faecimonas;s__Faecimonas sp905209745
428000,0.0006249041837919127,0.022514868309260833,7.738299472189574e-05,0.00018377281947261662,8.547169811320755,2.0,9.168374761298587,/tmp/nxf.XXXXsWkdqt/sourmash_database/gtdb-rs214-reps.k51.zip,"GCA_934524985.1 uncultured Faecalibacterium sp., ERR7745378_bin.145",97abc1bb005f630422087118e9205a50,0.18181818181818182,53000,590,14198000,ERR688634_2.fastq.gz,ERR688634,cf7fcffb,684905000,51,DNA,1000,684905,True,0.8653121711905813,0.9671260570018316,0.9162191140962065,0.9671260570018316,False,453,1360246,2465000,d__Bacteria;p__Bacillota_A;c__Clostridia;o__Oscillospirales;f__Ruminococcaceae;g__Faecalibacterium;s__Faecalibacterium sp934524985
330000,0.00048181864638161497,0.02655310621242485,7.738299472189574e-05,8.154158215010142e-05,3.792452830188679,3.0,2.251695298985438,/tmp/nxf.XXXXsWkdqt/sourmash_database/gtdb-rs214-reps.k51.zip,"GCF_001025195.1 Bifidobacterium catenulatum DSM 16992 = JCM 1194 = LMG 11043 strain=JCM 1194, ASM102519v1",9b566e78d1f78d933a35825fd06d987a,0.1653306613226453,53000,591,14145000,ERR688634_2.fastq.gz,ERR688634,cf7fcffb,684905000,51,DNA,1000,684905,True,0.8609114859038648,0.9653250943235571,0.9131182901137109,0.9653250943235571,False,201,1360447,2465000,d__Bacteria;p__Actinomycetota;c__Actinomycetia;o__Actinomycetales;f__Bifidobacteriaceae;g__Bifidobacterium;s__Bifidobacterium catenulatum
214000,0.00031245209189595635,0.016965428937259924,7.738299472189574e-05,7.667342799188641e-05,3.5660377358490565,2.0,4.457384942640458,/tmp/nxf.XXXXsWkdqt/sourmash_database/gtdb-rs214-reps.k51.zip,"GCF_024462815.1 Gemmiger formicilis strain=DFI.6.10, ASM2446281v1",56f45cdd9e9b1b6477bb6ce51d95b91e,0.06850192061459667,53000,592,14092000,ERR688634_2.fastq.gz,ERR688634,cf7fcffb,684905000,51,DNA,1000,684905,True,0.8536311673837642,0.9487911872095154,0.9012111772966398,0.9487911872095154,False,189,1360636,2465000,d__Bacteria;p__Bacillota_A;c__Clostridia;o__Oscillospirales;f__Ruminococcaceae;g__Gemmiger;s__Gemmiger sp900554145
53000,7.738299472189574e-05,0.02017850213426465,7.592293821770903e-05,2.1906693711967546e-05,1.0384615384615385,1.0,0.19230769230769232,/tmp/nxf.XXXXsWkdqt/sourmash_database/gtdb-rs214-reps.k51.zip,"GCA_018714445.1 Candidatus Fimadaptatus faecigallinarum, ASM1871444v1",be1053512578fa561c611c53a1ce6955,0.020566550252231277,52000,593,14040000,ERR688634_2.fastq.gz,ERR688634,cf7fcffb,684905000,51,DNA,1000,684905,True,0.8305871474457984,0.9266692124986539,0.8786281799722262,0.9266692124986539,False,54,1360690,2465000,d__Bacteria;p__Bacillota_A;c__Clostridia;o__Christensenellales;f__CAG-74;g__Fimadaptatus;s__Fimadaptatus faecigallinarum
75000,0.00010950423781400341,0.019534184823441023,7.592293821770903e-05,0.00014482758620689654,6.865384615384615,1.0,11.929325285830206,/tmp/nxf.XXXXsWkdqt/sourmash_database/gtdb-rs214-reps.k51.zip,"GCA_022009975.1 Phocaeicola vulgatus, ASM2200997v1",dba93bdfe7eb472a4f122248b63f06b4,0.028174305033809167,52000,594,13988000,ERR688634_2.fastq.gz,ERR688634,cf7fcffb,684905000,51,DNA,1000,684905,True,0.836260883398333,0.9324057969394786,0.8843333401689057,0.9324057969394786,False,357,1361047,2465000,d__Bacteria;p__Bacteroidota;c__Bacteroidia;o__Bacteroidales;f__Tannerellaceae;g__Parabacteroides;s__Parabacteroides sp900549585
313000,0.0004569976858104409,0.017298735861610112,7.592293821770903e-05,6.69371196754564e-05,3.173076923076923,2.0,5.157970508185716,/tmp/nxf.XXXXsWkdqt/sourmash_database/gtdb-rs214-reps.k51.zip,"GCA_902362875.1 Eubacteriaceae bacterium, MGYG-HGUT-00065",d54bf1cadd7b3e9fb2a63e0dd13f3892,0.10412508316699934,52000,595,13936000,ERR688634_2.fastq.gz,ERR688634,cf7fcffb,684905000,51,DNA,1000,684905,True,0.8600191418823901,0.9566132228310656,0.9083161823567278,0.9566132228310656,False,165,1361212,2465000,d__Bacteria;p__Bacillota_A;c__Clostridia;o__Lachnospirales;f__Lachnospiraceae;g__Anaerostipes;s__Anaerostipes sp900066705
303000,0.00044239712076857377,0.0096403411197627,7.592293821770903e-05,4.0973630831643e-05,1.9423076923076923,1.0,1.6456640177058004,/tmp/nxf.XXXXsWkdqt/sourmash_database/gtdb-rs214-reps.k51.zip,"GCF_001404335.1 Faecalicatena contorta strain=2789STDY5834876, 13470_2#95",02779be69eceab00d050ea56978d493a,0.05617352614015573,52000,596,13884000,ERR688634_2.fastq.gz,ERR688634,cf7fcffb,684905000,51,DNA,1000,684905,True,0.8594717641383761,0.9451070732261613,0.9022894186822688,0.9451070732261613,False,101,1361313,2465000,d__Bacteria;p__Bacillota_A;c__Clostridia;o__Lachnospirales;f__Lachnospiraceae;g__Muricomes;s__Muricomes contortus_B
596000,0.0008701936764952804,0.02315227070347284,7.592293821770903e-05,0.00021176470588235295,10.038461538461538,10.0,7.0081313718739455,/tmp/nxf.XXXXsWkdqt/sourmash_database/gtdb-rs214-reps.k51.zip,"GCF_019052655.1 Holdemanella porci strain=MSK.10.34, ASM1905265v1",dbc32351ce5b8b126e23568cb4d1ccf2,0.2653606411398041,52000,597,13832000,ERR688634_2.fastq.gz,ERR688634,cf7fcffb,684905000,51,DNA,1000,684905,True,0.8709484870682997,0.9743223761809009,0.9226354316246004,0.9743223761809009,False,522,1361835,2465000,d__Bacteria;p__Bacillota;c__Bacilli;o__Erysipelotrichales;f__Erysipelotrichaceae;g__Holdemanella;s__Holdemanella porci_A
234000,0.00034165322197969063,0.02072538860103627,7.592293821770903e-05,0.00011318458417849898,5.365384615384615,2.0,12.397314917342518,/tmp/nxf.XXXXsWkdqt/sourmash_database/gtdb-rs214-reps.k51.zip,"GCF_900015215.1 Romboutsia ilealis strain=CRIB, CRIB_assembly_V1",7896ead084cf53a2293dded59b0f5a6b,0.09326424870466321,52000,598,13780000,ERR688634_2.fastq.gz,ERR688634,cf7fcffb,684905000,51,DNA,1000,684905,True,0.8551279243784482,0.95454924215884,0.9048385832686441,0.95454924215884,False,279,1362114,2465000,d__Bacteria;p__Bacillota_A;c__Clostridia;o__Peptostreptococcales;f__Peptostreptococcaceae;g__Romboutsia;s__Romboutsia ilealis
616000,0.0008993948065790146,0.02709883103081828,7.446288171352231e-05,0.0002677484787018256,12.941176470588236,15.0,8.918831728440148,/tmp/nxf.XXXXsWkdqt/sourmash_database/gtdb-rs214-reps.k51.zip,"GCA_900548265.1 uncultured Collinsella sp., UMGS1077",ea511ef2d7b5fd6969b34656e4a26597,0.3273113708820404,51000,599,13729000,ERR688634_2.fastq.gz,ERR688634,cf7fcffb,684905000,51,DNA,1000,684905,True,0.8715123319346605,0.9783391505624228,0.9249257412485417,0.9783391505624228,False,660,1362774,2465000,d__Bacteria;p__Actinomycetota;c__Coriobacteriia;o__Coriobacteriales;f__Coriobacteriaceae;g__Collinsella;s__Collinsella sp900548265
280000,0.00040881582117227935,0.020773930753564155,7.446288171352231e-05,0.00014482758620689654,7.0,4.0,7.313699206176815,/tmp/nxf.XXXXsWkdqt/sourmash_database/gtdb-rs214-reps.k51.zip,"GCA_900765105.1 uncultured Faecalibacterium sp., SRS259559_29",5bcc34e5dd3679091a4977dee52e1ab7,0.11405295315682282,51000,600,13678000,ERR688634_2.fastq.gz,ERR688634,cf7fcffb,684905000,51,DNA,1000,684905,True,0.8581424118211085,0.958322958929424,0.9082326853752662,0.958322958929424,False,357,1363131,2465000,d__Bacteria;p__Bacillota_A;c__Clostridia;o__Oscillospirales;f__Ruminococcaceae;g__Faecalibacterium;s__Faecalibacterium sp900765105
50000,7.30028252093356e-05,0.022893772893772892,7.30028252093356e-05,2.0689655172413793e-05,1.02,1.0,0.13999999999999999,/tmp/nxf.XXXXsWkdqt/sourmash_database/gtdb-rs214-reps.k51.zip,"GCA_018711885.1 Candidatus Choladousia intestinipullorum, ASM1871188v1",8f17a7b229013240af71c195559e9cdb,0.022893772893772892,50000,601,13628000,ERR688634_2.fastq.gz,ERR688634,cf7fcffb,684905000,51,DNA,1000,684905,True,0.829638720602201,0.928619064568105,0.879128892585153,0.928619064568105,False,51,1363182,2465000,d__Bacteria;p__Bacillota_A;c__Clostridia;o__Lachnospirales;f__Lachnospiraceae;g__Choladousia;s__Choladousia intestinipullorum
189000,0.0002759506792912886,0.022172949002217297,7.30028252093356e-05,7.139959432048681e-05,3.52,3.0,2.435077000835908,/tmp/nxf.XXXXsWkdqt/sourmash_database/gtdb-rs214-reps.k51.zip,"GCA_900551235.1 uncultured Lachnospiraceae bacterium, UMGS1375",0b2da433fb3310d769c4c4c173f2f3fe,0.08381374722838138,50000,602,13578000,ERR688634_2.fastq.gz,ERR688634,cf7fcffb,684905000,51,DNA,1000,684905,True,0.8515543694499468,0.9525516518179803,0.9020530106339635,0.9525516518179803,False,176,1363358,2465000,d__Bacteria;p__Bacillota_A;c__Clostridia;o__Lachnospirales;f__Lachnospiraceae;g__Hominisplanchenecus;s__Hominisplanchenecus sp900551235
301000,0.0004394770077602003,0.015460729746444033,7.30028252093356e-05,6.206896551724138e-05,3.06,2.0,2.9960640847618727,/tmp/nxf.XXXXsWkdqt/sourmash_database/gtdb-rs214-reps.k51.zip,"GCA_900763175.1 Lachnospiraceae bacterium, SRS1596800_141",9dfc03cd17b74f3d405543a811e26abb,0.09307359307359307,50000,603,13528000,ERR688634_2.fastq.gz,ERR688634,cf7fcffb,684905000,51,DNA,1000,684905,True,0.8593601657609232,0.9545109422119987,0.906935553986461,0.9545109422119987,False,153,1363511,2465000,d__Bacteria;p__Bacillota_A;c__Clostridia;o__Lachnospirales;f__Lachnospiraceae;g__Blautia_A;s__Blautia_A sp900763175
61000,8.906344675538943e-05,0.029205607476635514,7.30028252093356e-05,2.0689655172413793e-05,1.02,1.0,0.13999999999999999,/tmp/nxf.XXXXsWkdqt/sourmash_database/gtdb-rs214-reps.k51.zip,"GCA_944385265.1 uncultured Oscillospiraceae bacterium, E10__bin142",1981a16022cc5d40b713eca09a49f051,0.035630841121495324,50000,604,13478000,ERR688634_2.fastq.gz,ERR688634,cf7fcffb,684905000,51,DNA,1000,684905,True,0.8328798267001576,0.9367084388710065,0.884794132785582,0.9367084388710065,False,51,1363562,2465000,d__Bacteria;p__Bacillota_A;c__Clostridia;o__Oscillospirales;f__Oscillospiraceae;g__CALXCR01;s__CALXCR01 sp944385265
427000,0.0006234441272877261,0.009966115208291808,7.30028252093356e-05,4.219066937119676e-05,2.08,2.0,1.1805083650698964,/tmp/nxf.XXXXsWkdqt/sourmash_database/gtdb-rs214-reps.k51.zip,"GCF_005843885.1 Escherichia sp. E4742 strain=E4742, ASM584388v1",440a1d2d5bc0973705d09cae59de539f,0.08511062387881203,50000,605,13428000,ERR688634_2.fastq.gz,ERR688634,cf7fcffb,684905000,51,DNA,1000,684905,True,0.8652724834152479,0.9528384844950688,0.9090554839551583,0.9528384844950688,False,104,1363666,2465000,d__Bacteria;p__Pseudomonadota;c__Gammaproteobacteria;o__Enterobacterales;f__Enterobacteriaceae;g__Escherichia;s__Escherichia sp005843885
