intersect_bp,f_orig_query,f_match,f_unique_to_query,f_unique_weighted,average_abund,median_abund,std_abund,filename,name,md5,f_match_orig,unique_intersect_bp,gather_result_rank,remaining_bp,query_filename,query_name,query_md5,query_bp,ksize,moltype,scaled,query_n_hashes,query_abundance,query_containment_ani,match_containment_ani,average_containment_ani,max_containment_ani,potential_false_negative,n_unique_weighted_found,sum_weighted_found,total_weighted_hashes,lineage
1293000,0.1022457694132532,0.3847069324605772,0.1022457694132532,0.17018421373673295,2.1577726218097446,2.0,2.301654535387819,/tmp/nxf.XXXX21izGZ/sourmash_database/gtdb-rs214-reps.k51.zip,"GCF_009494135.1 Prevotella copri strain=iAK278, ASM949413v1",29c5ed357ad46138fbfbe389c1783ea0,0.3847069324605772,1293000,0,4916000,ERR1293085.fastq.gz,ERR1293085,d448d28c,12646000,51,DNA,1000,12646,True,0.9562716513588156,0.9814434803062486,0.9688575658325321,0.9814434803062486,False,2790,2790,16394,d__Bacteria;p__Bacteroidota;c__Bacteroidia;o__Bacteroidales;f__Bacteroidaceae;g__Prevotella;s__Prevotella copri_B
497000,0.039300964731931044,0.09783464566929134,0.039300964731931044,0.03440283030376967,1.1348088531187124,1.0,0.4061097938613562,/tmp/nxf.XXXX21izGZ/sourmash_database/gtdb-rs214-reps.k51.zip,"GCF_000012825.1 Bacteroides vulgatus ATCC 8482 strain=ATCC 8482, ASM1282v1",63b92dc09e7b5ffbd878d8e5fce5cfec,0.09783464566929134,497000,1,4419000,ERR1293085.fastq.gz,ERR1293085,d448d28c,12646000,51,DNA,1000,12646,True,0.9385108086050298,0.9554451027797004,0.9469779556923651,0.9554451027797004,False,564,3354,16394,d__Bacteria;p__Bacteroidota;c__Bacteroidia;o__Bacteroidales;f__Bacteroidaceae;g__Phocaeicola;s__Phocaeicola vulgatus
428000,0.03384469397437925,0.09771986970684039,0.033212082872054405,0.02964499207026961,1.1571428571428573,1.0,0.5765838877317304,/tmp/nxf.XXXX21izGZ/sourmash_database/gtdb-rs214-reps.k51.zip,"GCA_025151215.1 Parabacteroides merdae ATCC 43184 strain=ATCC 43184, ASM2515121v1",04366d02afc93cbeed4bfc2d3a9aa9a9,0.09958120055839925,420000,2,3999000,ERR1293085.fastq.gz,ERR1293085,d448d28c,12646000,51,DNA,1000,12646,True,0.9357643207365892,0.9557766553971184,0.9457704880668538,0.9557766553971184,False,486,3840,16394,d__Bacteria;p__Bacteroidota;c__Bacteroidia;o__Bacteroidales;f__Tannerellaceae;g__Parabacteroides;s__Parabacteroides merdae
305000,0.024118298276134747,0.1016327890703099,0.024118298276134747,0.024155178723923386,1.298360655737705,1.0,0.7194013456735726,/tmp/nxf.XXXX21izGZ/sourmash_database/gtdb-rs214-reps.k51.zip,"GCF_003324185.1 Faecalibacterium prausnitzii strain=ATCC 27768, ASM332418v1",a294186b3cb8cdd319bb9d5fdcde1f5a,0.1016327890703099,305000,3,3694000,ERR1293085.fastq.gz,ERR1293085,d448d28c,12646000,51,DNA,1000,12646,True,0.9295683043719467,0.9561589077842029,0.9428636060780748,0.9561589077842029,False,396,4236,16394,d__Bacteria;p__Bacillota_A;c__Clostridia;o__Oscillospirales;f__Ruminococcaceae;g__Faecalibacterium;s__Faecalibacterium prausnitzii
297000,0.0234856871738099,0.04559222062808863,0.022615846908113236,0.018543369525436136,1.062937062937063,1.0,0.3389985914277153,/tmp/nxf.XXXX21izGZ/sourmash_database/gtdb-rs214-reps.k51.zip,"GCF_000011065.1 Bacteroides thetaiotaomicron VPI-5482 strain=VPI-5482, ASM1106v1",36e5cf9f0e4c0a0411f3300c5364f87f,0.047345767575322814,286000,4,3408000,ERR1293085.fastq.gz,ERR1293085,d448d28c,12646000,51,DNA,1000,12646,True,0.9290839680671612,0.9419440796525677,0.9355140238598645,0.9419440796525677,False,304,4540,16394,d__Bacteria;p__Bacteroidota;c__Bacteroidia;o__Bacteroidales;f__Bacteroidaceae;g__Bacteroides;s__Bacteroides thetaiotaomicron
250000,0.019769096947651433,0.07844367743959837,0.019769096947651433,0.016652433817250213,1.092,1.0,0.30254916955761096,/tmp/nxf.XXXX21izGZ/sourmash_database/gtdb-rs214-reps.k51.zip,"GCF_018847895.1 Akkermansia muciniphila strain=Akk0196, ASM1884789v1",442a6fcabd8680d9ec163fa382ba4ec9,0.07844367743959837,250000,5,3158000,ERR1293085.fastq.gz,ERR1293085,d448d28c,12646000,51,DNA,1000,12646,True,0.925950940373945,0.9513157031212081,0.9386333217475765,0.9513157031212081,False,273,4813,16394,d__Bacteria;p__Verrucomicrobiota;c__Verrucomicrobiae;o__Verrucomicrobiales;f__Akkermansiaceae;g__Akkermansia;s__Akkermansia sp001580195
260000,0.02055986082555749,0.05181023720349563,0.019690020559860827,0.01628644626082713,1.072289156626506,1.0,0.2589660874723455,/tmp/nxf.XXXX21izGZ/sourmash_database/gtdb-rs214-reps.k51.zip,"GCF_000012845.1 Parabacteroides distasonis ATCC 8503 strain=ATCC 8503, ASM1284v1",85c74583c59734abc0e8f1a3e909b79d,0.05409904286308781,249000,6,2909000,ERR1293085.fastq.gz,ERR1293085,d448d28c,12646000,51,DNA,1000,12646,True,0.9266633016306931,0.9444100065641118,0.9355366540974024,0.9444100065641118,False,267,5080,16394,d__Bacteria;p__Bacteroidota;c__Bacteroidia;o__Bacteroidales;f__Tannerellaceae;g__Parabacteroides;s__Parabacteroides distasonis
239000,0.018899256681954767,0.05106940200785683,0.01850387474300174,0.0152494815176284,1.0683760683760684,1.0,0.26878949048745965,/tmp/nxf.XXXX21izGZ/sourmash_database/gtdb-rs214-reps.k51.zip,"GCA_025147485.1 Bacteroides uniformis strain=ATCC 8492, ASM2514748v1",177d80c9d0f18e5195e47e20bdf54706,0.05216062854648625,234000,7,2675000,ERR1293085.fastq.gz,ERR1293085,d448d28c,12646000,51,DNA,1000,12646,True,0.9251343329620831,0.9437345594192775,0.9344344461906804,0.9437345594192775,False,250,5330,16394,d__Bacteria;p__Bacteroidota;c__Bacteroidia;o__Bacteroidales;f__Bacteroidaceae;g__Bacteroides;s__Bacteroides uniformis
599000,0.04736675628657283,0.05152414351227408,0.015103590068005693,0.0242161766499939,2.0785340314136125,2.0,1.54821631794994,/tmp/nxf.XXXX21izGZ/sourmash_database/gtdb-rs214-reps.k51.zip,"GCA_934191715.1 uncultured Prevotella sp., ERR7738153_bin.18",e49a79ea8e699dd2582485325f49b0cd,0.16158618829241975,191000,8,2484000,ERR1293085.fastq.gz,ERR1293085,d448d28c,12646000,51,DNA,1000,12646,True,0.9419522655292479,0.9648915751866882,0.9534219203579681,0.9648915751866882,False,397,5727,16394,d__Bacteria;p__Bacteroidota;c__Bacteroidia;o__Bacteroidales;f__Bacteroidaceae;g__Prevotella;s__Prevotella sp934191715
166000,0.01312668037324055,0.056343147946201384,0.012256840107543887,0.010064657801634744,1.064516129032258,1.0,0.2456701001891583,/tmp/nxf.XXXX21izGZ/sourmash_database/gtdb-rs214-reps.k51.zip,"GCF_003287495.1 Faecalibacterium prausnitzii strain=APC923/61-1, ASM328749v1",e6bface39e3d16e80204535c16bd0cef,0.06034169392948019,155000,9,2329000,ERR1293085.fastq.gz,ERR1293085,d448d28c,12646000,51,DNA,1000,12646,True,0.91854635192873,0.9464344479102667,0.9324903999194983,0.9464344479102667,False,165,5892,16394,d__Bacteria;p__Bacillota_A;c__Clostridia;o__Oscillospirales;f__Ruminococcaceae;g__Faecalibacterium;s__Faecalibacterium prausnitzii_I
149000,0.011782381780800252,0.04430577223088924,0.011228847066266014,0.00914968891057704,1.056338028169014,1.0,0.28518953142699416,/tmp/nxf.XXXX21izGZ/sourmash_database/gtdb-rs214-reps.k51.zip,"GCA_000020605.1 [Eubacterium] rectale ATCC 33656 strain=ATCC 33656, ASM2060v1",bb4d1c2199066ffc1226ec8433ce5698,0.04648985959438377,142000,10,2187000,ERR1293085.fastq.gz,ERR1293085,d448d28c,12646000,51,DNA,1000,12646,True,0.9166025075260946,0.9416071970165779,0.9291048522713363,0.9416071970165779,False,150,6042,16394,d__Bacteria;p__Bacillota_A;c__Clostridia;o__Lachnospirales;f__Lachnospiraceae;g__Agathobacter;s__Agathobacter rectalis
659000,0.05211133955400917,0.03529044347282948,0.008935631820338448,0.017323411004025863,2.5132743362831858,2.0,2.6810216129940785,/tmp/nxf.XXXX21izGZ/sourmash_database/gtdb-rs214-reps.k51.zip,"GCA_025151535.1 Prevotella copri DSM 18205 strain=DSM 18205, ASM2515153v1",70d597ce0e2cee5b6ea444c78a111191,0.20580886945658963,113000,11,2074000,ERR1293085.fastq.gz,ERR1293085,d448d28c,12646000,51,DNA,1000,12646,True,0.9437170654622348,0.9694792350572827,0.9565981502597587,0.9694792350572827,False,284,6326,16394,d__Bacteria;p__Bacteroidota;c__Bacteroidia;o__Bacteroidales;f__Bacteroidaceae;g__Prevotella;s__Prevotella copri
111000,0.008777479044757236,0.015959095134800125,0.00814486794243239,0.006343784311333415,1.0097087378640777,1.0,0.09805344600351532,/tmp/nxf.XXXX21izGZ/sourmash_database/gtdb-rs214-reps.k51.zip,"GCF_001314995.1 Bacteroides ovatus strain=ATCC 8483, ASM131499v1",c28ea957513bf36bf9dc694cd077b880,0.017198636504493336,103000,12,1971000,ERR1293085.fastq.gz,ERR1293085,d448d28c,12646000,51,DNA,1000,12646,True,0.9113263291627766,0.9234254580013769,0.9173758935820767,0.9234254580013769,False,104,6430,16394,d__Bacteria;p__Bacteroidota;c__Bacteroidia;o__Bacteroidales;f__Bacteroidaceae;g__Bacteroides;s__Bacteroides ovatus
114000,0.009014708208129052,0.03209794837855725,0.007670409615688756,0.006221788459192387,1.0515463917525774,1.0,0.26364354335143136,/tmp/nxf.XXXX21izGZ/sourmash_database/gtdb-rs214-reps.k51.zip,"GCF_010509575.1 Faecalibacterium prausnitzii A2-165 strain=JCM 31915, ASM1050957v1",5136f6c0a3924e615495681fbaf7095d,0.03772336201191264,97000,13,1874000,ERR1293085.fastq.gz,ERR1293085,d448d28c,12646000,51,DNA,1000,12646,True,0.9118029925167515,0.9377571838652874,0.9247800881910194,0.9377571838652874,False,102,6532,16394,d__Bacteria;p__Bacillota_A;c__Clostridia;o__Oscillospirales;f__Ruminococcaceae;g__Faecalibacterium;s__Faecalibacterium duncaniae
93000,0.007354104064526332,0.031435557107928745,0.007116874901154515,0.00609979260705136,1.1111111111111112,1.0,0.5665577237325315,/tmp/nxf.XXXX21izGZ/sourmash_database/gtdb-rs214-reps.k51.zip,"GCA_025150745.1 Eubacterium ventriosum strain=ATCC 27560, ASM2515074v1",440e1bb1587f3739d335baca21132760,0.03248340901152637,90000,14,1784000,ERR1293085.fastq.gz,ERR1293085,d448d28c,12646000,51,DNA,1000,12646,True,0.9081702067342372,0.9350113744802393,0.9215907906072383,0.9350113744802393,False,100,6632,16394,d__Bacteria;p__Bacillota_A;c__Clostridia;o__Lachnospirales;f__Lachnospiraceae;g__Eubacterium_G;s__Eubacterium_G ventriosum
110000,0.00869840265696663,0.02294405774684197,0.007037798513363909,0.005550811272416738,1.0224719101123596,1.0,0.1482124264974485,/tmp/nxf.XXXX21izGZ/sourmash_database/gtdb-rs214-reps.k51.zip,"GCA_025145285.1 Alistipes onderdonkii strain=DSM 19147, ASM2514528v1",2de6e539bf1bbcefae850f4a041e233c,0.028357824181490073,89000,15,1695000,ERR1293085.fastq.gz,ERR1293085,d448d28c,12646000,51,DNA,1000,12646,True,0.9111646306982668,0.9325245049414006,0.9218445678198337,0.9325245049414006,False,91,6723,16394,d__Bacteria;p__Bacteroidota;c__Bacteroidia;o__Bacteroidales;f__Rikenellaceae;g__Alistipes;s__Alistipes onderdonkii
87000,0.006879645737782698,0.03297997644287397,0.006642416574410881,0.006892765645968037,1.3452380952380953,1.0,1.1901785342168871,/tmp/nxf.XXXX21izGZ/sourmash_database/gtdb-rs214-reps.k51.zip,"GCF_004168205.1 Catenibacterium sp. co_0103 strain=co_0103, ASM416820v1",2d9c5297cdf08f3d4b31f68972515305,0.03415783274440518,84000,16,1611000,ERR1293085.fastq.gz,ERR1293085,d448d28c,12646000,51,DNA,1000,12646,True,0.9069833923107463,0.9359333182741169,0.9214583552924316,0.9359333182741169,False,113,6836,16394,d__Bacteria;p__Bacillota;c__Bacilli;o__Erysipelotrichales;f__Coprobacillaceae;g__Catenibacterium;s__Catenibacterium sp000437715
523000,0.041356950814486794,0.022351500306184935,0.005772576308714218,0.009759668171282177,2.191780821917808,2.0,1.693319138669857,/tmp/nxf.XXXX21izGZ/sourmash_database/gtdb-rs214-reps.k51.zip,"GCA_021619875.1 Prevotella copri, ASM2161987v1",6eb1dd46ddb0b79c6c16e3f2bdc00d11,0.1601347213717085,73000,17,1538000,ERR1293085.fastq.gz,ERR1293085,d448d28c,12646000,51,DNA,1000,12646,True,0.9394496311078848,0.964720876288891,0.9520852536983879,0.964720876288891,False,160,6996,16394,d__Bacteria;p__Bacteroidota;c__Bacteroidia;o__Bacteroidales;f__Bacteroidaceae;g__Prevotella;s__Prevotella copri_D
82000,0.00648426379882967,0.016051011433597186,0.005772576308714218,0.00591679882883982,1.3287671232876712,1.0,0.9516358593401867,/tmp/nxf.XXXX21izGZ/sourmash_database/gtdb-rs214-reps.k51.zip,"GCA_025148125.1 Blautia wexlerae DSM 19850 strain=DSM 19850, ASM2514812v1",7f2073ec6218c72ec98b02ac15cb9880,0.01802990325417766,73000,18,1465000,ERR1293085.fastq.gz,ERR1293085,d448d28c,12646000,51,DNA,1000,12646,True,0.905931388705148,0.9242805031424162,0.915105945923782,0.9242805031424162,False,97,7093,16394,d__Bacteria;p__Bacillota_A;c__Clostridia;o__Lachnospirales;f__Lachnospiraceae;g__Blautia_A;s__Blautia_A wexlerae
74000,0.005851652696504824,0.01878453038674033,0.00537719436976119,0.004208856898865438,1.0147058823529411,1.0,0.12037283488047722,/tmp/nxf.XXXX21izGZ/sourmash_database/gtdb-rs214-reps.k51.zip,"GCF_000265365.1 Alistipes finegoldii DSM 17242 strain=DSM 17242, ASM26536v1",32e9ec95ec567198d44d9d52c769243b,0.020441988950276244,68000,19,1397000,ERR1293085.fastq.gz,ERR1293085,d448d28c,12646000,51,DNA,1000,12646,True,0.9041097398998746,0.9265588379695281,0.9153342889347014,0.9265588379695281,False,69,7162,16394,d__Bacteria;p__Bacteroidota;c__Bacteroidia;o__Bacteroidales;f__Rikenellaceae;g__Alistipes;s__Alistipes finegoldii
152000,0.01201961094417207,0.023608174770965468,0.005298117981970584,0.004818836159570575,1.1791044776119404,1.0,0.45467302124560643,/tmp/nxf.XXXX21izGZ/sourmash_database/gtdb-rs214-reps.k51.zip,"GCF_023347295.1 Faecalibacterium sp. I3333 strain=I3333, ASM2334729v1",3b6cf553b824e515e9cd45240064d4e7,0.053558844256518676,67000,20,1330000,ERR1293085.fastq.gz,ERR1293085,d448d28c,12646000,51,DNA,1000,12646,True,0.9169608471876808,0.944224188075493,0.9305925176315869,0.944224188075493,False,79,7241,16394,d__Bacteria;p__Bacillota_A;c__Clostridia;o__Oscillospirales;f__Ruminococcaceae;g__Faecalibacterium;s__Faecalibacterium sp003449675
77000,0.006088881859876641,0.02067021609771375,0.005219041594179978,0.00439185067707698,1.0909090909090908,1.0,0.2874797872880344,/tmp/nxf.XXXX21izGZ/sourmash_database/gtdb-rs214-reps.k51.zip,"GCF_900167555.1 Gemmiger formicilis strain=ATCC 27749, IMG-taxon 2590828806 annotated assembly",316f66857e7940a11e48de3faf3d397d,0.024115252113999373,66000,21,1264000,ERR1293085.fastq.gz,ERR1293085,d448d28c,12646000,51,DNA,1000,12646,True,0.9048145167707056,0.9295660021649255,0.9171902594678155,0.9295660021649255,False,72,7313,16394,d__Bacteria;p__Bacillota_A;c__Clostridia;o__Oscillospirales;f__Ruminococcaceae;g__Gemmiger;s__Gemmiger formicilis
72000,0.005693499920923612,0.02389843166542196,0.005060888818598766,0.004025863120653898,1.03125,1.0,0.17399263633843817,/tmp/nxf.XXXX21izGZ/sourmash_database/gtdb-rs214-reps.k51.zip,"GCA_025152405.1 [Ruminococcus] lactaris ATCC 29176 strain=ATCC 29176, ASM2515240v1",5ce8603892234499b54852ec8c952d29,0.0268857356235997,64000,22,1200000,ERR1293085.fastq.gz,ERR1293085,d448d28c,12646000,51,DNA,1000,12646,True,0.9036241511446941,0.9315503047094963,0.9175872279270951,0.9315503047094963,False,66,7379,16394,d__Bacteria;p__Bacillota_A;c__Clostridia;o__Lachnospirales;f__Lachnospiraceae;g__Mediterraneibacter;s__Mediterraneibacter lactaris
69000,0.005456270757551795,0.014637546468401487,0.00498181243080816,0.004025863120653898,1.0476190476190477,1.0,0.27766437594501436,/tmp/nxf.XXXX21izGZ/sourmash_database/gtdb-rs214-reps.k51.zip,"GCF_000190535.1 Odoribacter splanchnicus DSM 20712 strain=DSM 220712, ASM19053v1",903d4323f292a4facda7c7138f35e12d,0.016031598513011152,63000,23,1137000,ERR1293085.fastq.gz,ERR1293085,d448d28c,12646000,51,DNA,1000,12646,True,0.9028703893149896,0.9221540271693868,0.9125122082421881,0.9221540271693868,False,66,7445,16394,d__Bacteria;p__Bacteroidota;c__Bacteroidia;o__Bacteroidales;f__Marinifilaceae;g__Odoribacter;s__Odoribacter splanchnicus
60000,0.004744583267436343,0.020934579439252338,0.004428277716273921,0.003537879712089789,1.0357142857142858,1.0,0.18557687223952257,/tmp/nxf.XXXX21izGZ/sourmash_database/gtdb-rs214-reps.k51.zip,"GCF_000765235.1 Oscillibacter sp. ER4 strain=ER4, ASM76523v1",b86d494b379656b1b7a7b4d8bf763e29,0.022429906542056073,56000,24,1081000,ERR1293085.fastq.gz,ERR1293085,d448d28c,12646000,51,DNA,1000,12646,True,0.9003995231594282,0.928246421422309,0.9143229722908686,0.928246421422309,False,58,7503,16394,d__Bacteria;p__Bacillota_A;c__Clostridia;o__Oscillospirales;f__Oscillospiraceae;g__ER4;s__ER4 sp000765235
679000,0.053692867309821285,0.014733969986357435,0.004270124940692709,0.006343784311333415,1.9259259259259258,2.0,1.19956553634827,/tmp/nxf.XXXX21izGZ/sourmash_database/gtdb-rs214-reps.k51.zip,"GCF_015074785.1 Prevotella copri strain=YF2, ASM1507478v1",7e930297e6a022bb1488dcb6fef424b2,0.18526603001364256,54000,25,1027000,ERR1293085.fastq.gz,ERR1293085,d448d28c,12646000,51,DNA,1000,12646,True,0.9442704603752359,0.967482358864977,0.9558764096201064,0.967482358864977,False,104,7607,16394,d__Bacteria;p__Bacteroidota;c__Bacteroidia;o__Bacteroidales;f__Bacteroidaceae;g__Prevotella;s__Prevotella sp015074785
54000,0.004270124940692709,0.0289234065345474,0.004270124940692709,0.0033548859338782483,1.0185185185185186,1.0,0.13481684980149108,/tmp/nxf.XXXX21izGZ/sourmash_database/gtdb-rs214-reps.k51.zip,"GCF_023336935.1 Phascolarctobacterium sp. ET69 strain=ET69, ASM2333693v1",4fdcba0b90eca397c1f8fcd41c774171,0.0289234065345474,54000,26,973000,ERR1293085.fastq.gz,ERR1293085,d448d28c,12646000,51,DNA,1000,12646,True,0.8985413146604092,0.932885666719865,0.9157134906901371,0.932885666719865,False,55,7662,16394,d__Bacteria;p__Bacillota_C;c__Negativicutes;o__Acidaminococcales;f__Acidaminococcaceae;g__CAG-266;s__CAG-266 sp000436095
56000,0.004428277716273921,0.01834215167548501,0.004111972165111498,0.0032938880078077345,1.0384615384615385,1.0,0.19230769230769232,/tmp/nxf.XXXX21izGZ/sourmash_database/gtdb-rs214-reps.k51.zip,"GCF_000146185.1 [Eubacterium] eligens ATCC 27750 strain=ATCC 27750, ASM14618v1",6f23354d1c492f2e5d90eb1f6ead0ebb,0.019753086419753086,52000,27,921000,ERR1293085.fastq.gz,ERR1293085,d448d28c,12646000,51,DNA,1000,12646,True,0.8991822849488186,0.925936230495172,0.9125592577219953,0.925936230495172,False,54,7716,16394,d__Bacteria;p__Bacillota_A;c__Clostridia;o__Lachnospirales;f__Lachnospiraceae;g__Lachnospira;s__Lachnospira eligens
52000,0.004111972165111498,0.010554089709762533,0.004111972165111498,0.0032938880078077345,1.0384615384615385,1.0,0.1923076923076923,/tmp/nxf.XXXX21izGZ/sourmash_database/gtdb-rs214-reps.k51.zip,"GCF_003697165.2 Escherichia coli DSM 30083 = JCM 1649 = ATCC 11775 strain=ATCC 11775, ASM369716v2",84efa859553c7c5d22f6f6377fa345fd,0.010554089709762533,52000,28,869000,ERR1293085.fastq.gz,ERR1293085,d448d28c,12646000,51,DNA,1000,12646,True,0.8978766342732215,0.9146260039129034,0.9062513190930624,0.9146260039129034,False,54,7770,16394,d__Bacteria;p__Pseudomonadota;c__Gammaproteobacteria;o__Enterobacterales;f__Enterobacteriaceae;g__Escherichia;s__Escherichia coli
51000,0.0040328957773208916,0.010662763955676354,0.0040328957773208916,0.0031108942295961935,1.0,1.0,0.0,/tmp/nxf.XXXX21izGZ/sourmash_database/gtdb-rs214-reps.k51.zip,"GCF_000701705.1 Bilophila wadsworthia ATCC 49260 strain=ATCC 49260, ASM70170v1",b1bd0a4998658b6084d0785f2a2c686c,0.010662763955676354,51000,29,818000,ERR1293085.fastq.gz,ERR1293085,d448d28c,12646000,51,DNA,1000,12646,True,0.8975348357080083,0.9148097408342437,0.9061722882711261,0.9148097408342437,False,51,7821,16394,d__Bacteria;p__Desulfobacterota;c__Desulfovibrionia;o__Desulfovibrionales;f__Desulfovibrionaceae;g__Bilophila;s__Bilophila wadsworthia
