intersect_bp,f_orig_query,f_match,f_unique_to_query,f_unique_weighted,average_abund,median_abund,std_abund,filename,name,md5,f_match_orig,unique_intersect_bp,gather_result_rank,remaining_bp,query_filename,query_name,query_md5,query_bp,ksize,moltype,scaled,query_n_hashes,query_abundance,query_containment_ani,match_containment_ani,average_containment_ani,max_containment_ani,potential_false_negative,n_unique_weighted_found,sum_weighted_found,total_weighted_hashes,lineage
1260000,0.09536784741144415,0.24803149606299213,0.09536784741144415,0.10919098822324629,1.353968253968254,1.0,0.7643495827868785,/tmp/nxf.XXXXZCbAa0/sourmash_database/gtdb-rs214-reps.k51.zip,"GCF_000012825.1 Bacteroides vulgatus ATCC 8482 strain=ATCC 8482, ASM1282v1",63b92dc09e7b5ffbd878d8e5fce5cfec,0.24803149606299213,1260000,0,6855000,ERR1293163.fastq.gz,ERR1293163,0c8a21b5,13212000,51,DNA,1000,13212,True,0.9549668017249109,0.973033034787922,0.9639999182564165,0.973033034787922,False,1706,1706,15624,d__Bacteria;p__Bacteroidota;c__Bacteroidia;o__Bacteroidales;f__Bacteroidaceae;g__Phocaeicola;s__Phocaeicola vulgatus
1140000,0.08628519527702089,0.17647970251007128,0.08620950650923404,0.08800563236047107,1.2071992976294996,1.0,0.4896657814147647,/tmp/nxf.XXXXZCbAa0/sourmash_database/gtdb-rs214-reps.k51.zip,"GCF_001314995.1 Bacteroides ovatus strain=ATCC 8483, ASM131499v1",c28ea957513bf36bf9dc694cd077b880,0.1766346451812829,1139000,1,5716000,ERR1293163.fastq.gz,ERR1293163,0c8a21b5,13212000,51,DNA,1000,13212,True,0.9530945926836756,0.9665777242376781,0.9598361584606768,0.9665777242376781,False,1375,3081,15624,d__Bacteria;p__Bacteroidota;c__Bacteroidia;o__Bacteroidales;f__Bacteroidaceae;g__Bacteroides;s__Bacteroides ovatus
800000,0.060551014229488345,0.1672719019518838,0.05578262185891614,0.056131592421915004,1.1899592944369064,1.0,0.476597077689803,/tmp/nxf.XXXXZCbAa0/sourmash_database/gtdb-rs214-reps.k51.zip,"GCF_000382445.1 Bacteroides massiliensis B84634 = Timone 84634 = DSM 17679 = JCM 13223 strain=DSM 17679, Bact_mass_DSM_17679_V1",61edb0d0d8fa658bb8f1cd38bd81ed44,0.18157058556513844,737000,2,4979000,ERR1293163.fastq.gz,ERR1293163,0c8a21b5,13212000,51,DNA,1000,13212,True,0.9464987132457793,0.9671002159766993,0.9567994646112392,0.9671002159766993,False,877,3958,15624,d__Bacteria;p__Bacteroidota;c__Bacteroidia;o__Bacteroidales;f__Bacteroidaceae;g__Phocaeicola;s__Phocaeicola massiliensis
740000,0.056009688162276715,0.18359078247657634,0.05487435664547381,0.06272401433691756,1.3517241379310345,1.0,0.7384142794109889,/tmp/nxf.XXXXZCbAa0/sourmash_database/gtdb-rs214-reps.k51.zip,"GCA_025147325.1 Bacteroides stercoris ATCC 43183 strain=ATCC 43183, ASM2514732v1",457cfca025715f640ca0a2d4865521d7,0.18738921245885035,725000,3,4254000,ERR1293163.fastq.gz,ERR1293163,0c8a21b5,13212000,51,DNA,1000,13212,True,0.945052946045671,0.9676985491487579,0.9563757475972144,0.9676985491487579,False,980,4938,15624,d__Bacteria;p__Bacteroidota;c__Bacteroidia;o__Bacteroidales;f__Bacteroidaceae;g__Bacteroides;s__Bacteroides stercoris
628000,0.04753254617014835,0.13356612832824094,0.04632152588555858,0.04371479774705581,1.1160130718954249,1.0,0.3765232068801625,/tmp/nxf.XXXXZCbAa0/sourmash_database/gtdb-rs214-reps.k51.zip,"GCA_025147485.1 Bacteroides uniformis strain=ATCC 8492, ASM2514748v1",177d80c9d0f18e5195e47e20bdf54706,0.13705805325185508,612000,4,3642000,ERR1293163.fastq.gz,ERR1293163,0c8a21b5,13212000,51,DNA,1000,13212,True,0.9420168010828103,0.9617818119780545,0.9518993065304324,0.9617818119780545,False,683,5621,15624,d__Bacteria;p__Bacteroidota;c__Bacteroidia;o__Bacteroidales;f__Bacteroidaceae;g__Bacteroides;s__Bacteroides uniformis
307000,0.023236451710566153,0.06325426550145652,0.02300938540720557,0.02060931899641577,1.0592105263157894,1.0,0.29765647436483206,/tmp/nxf.XXXXZCbAa0/sourmash_database/gtdb-rs214-reps.k51.zip,"GCF_000012845.1 Parabacteroides distasonis ATCC 8503 strain=ATCC 8503, ASM1284v1",85c74583c59734abc0e8f1a3e909b79d,0.06387848522679983,304000,5,3338000,ERR1293163.fastq.gz,ERR1293163,0c8a21b5,13212000,51,DNA,1000,13212,True,0.9288896287819056,0.9474920628553609,0.9381908458186332,0.9474920628553609,False,322,5943,15624,d__Bacteria;p__Bacteroidota;c__Bacteroidia;o__Bacteroidales;f__Tannerellaceae;g__Parabacteroides;s__Parabacteroides distasonis
245000,0.018543748107780804,0.0851285615010424,0.018543748107780804,0.019585253456221197,1.2489795918367348,1.0,0.5103509992550712,/tmp/nxf.XXXXZCbAa0/sourmash_database/gtdb-rs214-reps.k51.zip,"GCF_020687245.1 Faecalibacterium longum CLA-AA-H243 strain=CLA-AA-H243, ASM2068724v1",e1ff3e2f54ab82a776eb959bb6aa8673,0.0851285615010424,245000,6,3093000,ERR1293163.fastq.gz,ERR1293163,0c8a21b5,13212000,51,DNA,1000,13212,True,0.9247899226053997,0.9528424216757831,0.9388161721405914,0.9528424216757831,False,306,6249,15624,d__Bacteria;p__Bacillota_A;c__Clostridia;o__Oscillospirales;f__Ruminococcaceae;g__Faecalibacterium;s__Faecalibacterium longum
217000,0.016424462609748714,0.08127490039840637,0.015440508628519528,0.01472094214029698,1.1274509803921569,1.0,0.37499199017461327,/tmp/nxf.XXXXZCbAa0/sourmash_database/gtdb-rs214-reps.k51.zip,"GCF_000154465.1 Alistipes putredinis DSM 17216 strain=DSM 17216, ASM15446v1",2f08d0845365d89ec7bf59fbef01de57,0.08645418326693227,204000,7,2889000,ERR1293163.fastq.gz,ERR1293163,0c8a21b5,13212000,51,DNA,1000,13212,True,0.9225918860003984,0.9531311579534282,0.9378615219769133,0.9531311579534282,False,230,6479,15624,d__Bacteria;p__Bacteroidota;c__Bacteroidia;o__Bacteroidales;f__Rikenellaceae;g__Alistipes;s__Alistipes putredinis
185000,0.014002422040569179,0.041251778093883355,0.013169845594913715,0.015104966717869943,1.3563218390804597,1.0,0.8506523729691213,/tmp/nxf.XXXXZCbAa0/sourmash_database/gtdb-rs214-reps.k51.zip,"GCF_000233955.1 Paraprevotella clara YIT 11840 strain=YIT 11840, ASM23395v1",a7b69f5cd84ffe9ff1895f0e06bca3c3,0.043859649122807015,174000,8,2715000,ERR1293163.fastq.gz,ERR1293163,0c8a21b5,13212000,51,DNA,1000,13212,True,0.9197102834092111,0.9405325419797677,0.9301214126944894,0.9405325419797677,False,236,6715,15624,d__Bacteria;p__Bacteroidota;c__Bacteroidia;o__Bacteroidales;f__Bacteroidaceae;g__Paraprevotella;s__Paraprevotella clara
145000,0.010974871329094762,0.037106246663107315,0.0105207387223736,0.009664618535586278,1.0863309352517985,1.0,0.47197753861458214,/tmp/nxf.XXXXZCbAa0/sourmash_database/gtdb-rs214-reps.k51.zip,"GCF_003473545.1 Clostridium sp. AM22-11AC strain=AM22-11AC, ASM347354v1",50efc7fa47c0997c24a73c521b04bdd3,0.038707955152162306,139000,9,2576000,ERR1293163.fastq.gz,ERR1293163,0c8a21b5,13212000,51,DNA,1000,13212,True,0.9153273927199028,0.9382310649949812,0.926779228857442,0.9382310649949812,False,151,6866,15624,d__Bacteria;p__Bacillota_A;c__Clostridia;o__Lachnospirales;f__Lachnospiraceae;g__Enterocloster;s__Enterocloster sp000431375
184000,0.01392673327278232,0.04539007092198582,0.009688162276718135,0.00902457757296467,1.1015625,1.0,0.37164843413332177,/tmp/nxf.XXXXZCbAa0/sourmash_database/gtdb-rs214-reps.k51.zip,"GCF_023347275.1 Faecalibacterium sp. I3389 strain=I3389, ASM2334727v1",105d513d0b8d24a4f97fa1ab6cc3e404,0.06524822695035461,128000,10,2448000,ERR1293163.fastq.gz,ERR1293163,0c8a21b5,13212000,51,DNA,1000,13212,True,0.9196125456266436,0.9478863064261802,0.9337494260264119,0.9478863064261802,False,141,7007,15624,d__Bacteria;p__Bacillota_A;c__Clostridia;o__Oscillospirales;f__Ruminococcaceae;g__Faecalibacterium;s__Faecalibacterium sp900758465
126000,0.009536784741144414,0.058333333333333334,0.009536784741144414,0.008512544802867384,1.0555555555555556,1.0,0.2614233189206445,/tmp/nxf.XXXXZCbAa0/sourmash_database/gtdb-rs214-reps.k51.zip,"GCA_000980495.1 Acinetobacter sp. N54.MGS-139, ASM98049v1",32323b38ef01fbce652a3b69a0a21c55,0.058333333333333334,126000,11,2322000,ERR1293163.fastq.gz,ERR1293163,0c8a21b5,13212000,51,DNA,1000,13212,True,0.9128100877949362,0.9458064906890782,0.9293082892420073,0.9458064906890782,False,133,7140,15624,d__Bacteria;p__Pseudomonadota;c__Gammaproteobacteria;o__Burkholderiales;f__Burkholderiaceae_A;g__Parasutterella;s__Parasutterella gallistercoris
122000,0.009234029669996972,0.055128784455490284,0.009234029669996972,0.007872503840245775,1.0081967213114753,1.0,0.09016393442622954,/tmp/nxf.XXXXZCbAa0/sourmash_database/gtdb-rs214-reps.k51.zip,"GCF_000425045.1 Acidaminococcus intestini DSM 21505 strain=DSM 21505, ASM42504v1",e576d8032d9f52694db59a45e18a38d3,0.055128784455490284,122000,12,2200000,ERR1293163.fastq.gz,ERR1293163,0c8a21b5,13212000,51,DNA,1000,13212,True,0.9122328578238805,0.9447592341253928,0.9284960459746366,0.9447592341253928,False,123,7263,15624,d__Bacteria;p__Bacillota_C;c__Negativicutes;o__Acidaminococcales;f__Acidaminococcaceae;g__Acidaminococcus;s__Acidaminococcus intestini
124000,0.009385407205570693,0.030064070970921637,0.009234029669996972,0.008000512032770097,1.0245901639344261,1.0,0.15487248875156706,/tmp/nxf.XXXXZCbAa0/sourmash_database/gtdb-rs214-reps.k51.zip,"GCF_024622975.1 Blautia caecimuris strain=DSM 29492, ASM2462297v1",1248931c5307393cc9ef816719d4b9e7,0.030556924593395762,122000,13,2078000,ERR1293163.fastq.gz,ERR1293163,0c8a21b5,13212000,51,DNA,1000,13212,True,0.912523754811472,0.9338911664722842,0.9232074606418781,0.9338911664722842,False,125,7388,15624,d__Bacteria;p__Bacillota_A;c__Clostridia;o__Lachnospirales;f__Lachnospiraceae;g__Blautia_A;s__Blautia_A caecimuris
122000,0.009234029669996972,0.042485955056179775,0.009158340902210111,0.008128520225294419,1.0495867768595042,1.0,0.217089678290309,/tmp/nxf.XXXXZCbAa0/sourmash_database/gtdb-rs214-reps.k51.zip,"GCA_018223375.1 Clostridiaceae bacterium Marseille-Q3526 strain=Marseille-Q3526, ASM1822337v1",0f51a2a6803681fa278dc1642b4a736d,0.042837078651685394,121000,14,1957000,ERR1293163.fastq.gz,ERR1293163,0c8a21b5,13212000,51,DNA,1000,13212,True,0.9122328578238805,0.9400975874204217,0.9261652226221511,0.9400975874204217,False,127,7515,15624,d__Bacteria;p__Bacillota_A;c__Clostridia;o__Lachnospirales;f__Lachnospiraceae;g__Clostridium_Q;s__Clostridium_Q sp000435655
962000,0.07281259461095974,0.027938585451799648,0.008401453224341507,0.009536610343061956,1.3423423423423424,1.0,0.7165419396449793,/tmp/nxf.XXXXZCbAa0/sourmash_database/gtdb-rs214-reps.k51.zip,"GCA_900760795.1 Bacteroidaceae bacterium, SRS021948_34",d1db19c7390bdd0d48d0186cf7ff78fb,0.2421344072489303,111000,15,1846000,ERR1293163.fastq.gz,ERR1293163,0c8a21b5,13212000,51,DNA,1000,13212,True,0.9499272007115186,0.9725740476878315,0.961250624199675,0.9725740476878315,False,149,7664,15624,d__Bacteria;p__Bacteroidota;c__Bacteroidia;o__Bacteroidales;f__Bacteroidaceae;g__Phocaeicola;s__Phocaeicola sp900760795
106000,0.008023009385407205,0.029631760644418872,0.007795943082046624,0.006720430107526882,1.0194174757281553,1.0,0.13798709129662035,/tmp/nxf.XXXXZCbAa0/sourmash_database/gtdb-rs214-reps.k51.zip,"GCF_008121495.1 [Ruminococcus] gnavus ATCC 29149 strain=JCM6515, ASM812149v1",c0af2b4fd1a1fb3c5fc7e5a29e4fe5d1,0.03049482163406214,103000,16,1743000,ERR1293163.fastq.gz,ERR1293163,0c8a21b5,13212000,51,DNA,1000,13212,True,0.9097217424369659,0.9338539134270248,0.9217878279319953,0.9338539134270248,False,105,7769,15624,d__Bacteria;p__Bacillota_A;c__Clostridia;o__Lachnospirales;f__Lachnospiraceae;g__Ruminococcus_B;s__Ruminococcus_B gnavus
102000,0.007720254314259764,0.027404621171413217,0.007720254314259764,0.006848438300051204,1.0490196078431373,1.0,0.25734126957660175,/tmp/nxf.XXXXZCbAa0/sourmash_database/gtdb-rs214-reps.k51.zip,"GCF_000239295.1 Flavonifractor plautii ATCC 29863 strain=ATCC 29863, ASM23929v1",1ed22d796c79d0337723a67a4b313636,0.027404621171413217,102000,17,1641000,ERR1293163.fastq.gz,ERR1293163,0c8a21b5,13212000,51,DNA,1000,13212,True,0.9090358518775151,0.9318995331693611,0.9204676925234381,0.9318995331693611,False,107,7876,15624,d__Bacteria;p__Bacillota_A;c__Clostridia;o__Oscillospirales;f__Oscillospiraceae;g__Flavonifractor;s__Flavonifractor plautii
101000,0.007644565546472903,0.02111645410830023,0.007644565546472903,0.006720430107526882,1.0396039603960396,1.0,0.1950268871642793,/tmp/nxf.XXXXZCbAa0/sourmash_database/gtdb-rs214-reps.k51.zip,"GCF_000701705.1 Bilophila wadsworthia ATCC 49260 strain=ATCC 49260, ASM70170v1",b1bd0a4998658b6084d0785f2a2c686c,0.02111645410830023,101000,18,1540000,ERR1293163.fastq.gz,ERR1293163,0c8a21b5,13212000,51,DNA,1000,13212,True,0.9088602592173837,0.9271487801224049,0.9180045196698943,0.9271487801224049,False,105,7981,15624,d__Bacteria;p__Desulfobacterota;c__Desulfovibrionia;o__Desulfovibrionales;f__Desulfovibrionaceae;g__Bilophila;s__Bilophila wadsworthia
164000,0.01241295791704511,0.023266635644485806,0.007568876778686043,0.007040450588837685,1.1,1.0,0.5196152422706634,/tmp/nxf.XXXXZCbAa0/sourmash_database/gtdb-rs214-reps.k51.zip,"GCA_025151215.1 Parabacteroides merdae ATCC 43184 strain=ATCC 43184, ASM2515121v1",04366d02afc93cbeed4bfc2d3a9aa9a9,0.03815728245695672,100000,19,1440000,ERR1293163.fastq.gz,ERR1293163,0c8a21b5,13212000,51,DNA,1000,13212,True,0.917539998349522,0.9379675049211283,0.9277537516353251,0.9379675049211283,False,110,8091,15624,d__Bacteria;p__Bacteroidota;c__Bacteroidia;o__Bacteroidales;f__Tannerellaceae;g__Parabacteroides;s__Parabacteroides merdae
429000,0.032470481380563125,0.01707485339772335,0.007493188010899182,0.00736047107014849,1.1616161616161615,1.0,0.4650854316453066,/tmp/nxf.XXXXZCbAa0/sourmash_database/gtdb-rs214-reps.k51.zip,"GCA_019412865.1 Bacteroides sp., ASM1941286v1",ea887218e0141cf6c988447e4d85d9a1,0.07399103139013453,99000,20,1341000,ERR1293163.fastq.gz,ERR1293163,0c8a21b5,13212000,51,DNA,1000,13212,True,0.9350040767332478,0.9502262875747317,0.9426151821539898,0.9502262875747317,False,115,8206,15624,d__Bacteria;p__Bacteroidota;c__Bacteroidia;o__Bacteroidales;f__Bacteroidaceae;g__Bacteroides;s__Bacteroides sp019412865
84000,0.006357856494096276,0.023344032681645754,0.006055101422948834,0.005568356374807988,1.0875,1.0,0.2825663638864329,/tmp/nxf.XXXXZCbAa0/sourmash_database/gtdb-rs214-reps.k51.zip,"GCF_001517625.2 Clostridium sp. AT4 strain=AT5, Clostridium bouchedurhonense",cc83538e580742ca11ee9ed5266d8f53,0.02451123431572804,80000,21,1261000,ERR1293163.fastq.gz,ERR1293163,0c8a21b5,13212000,51,DNA,1000,13212,True,0.9055817489794636,0.9298629100803419,0.9177223295299028,0.9298629100803419,False,87,8293,15624,d__Bacteria;p__Bacillota_A;c__Clostridia;o__Lachnospirales;f__Lachnospiraceae;g__Enterocloster;s__Enterocloster sp001517625
72000,0.005449591280653951,0.02575107296137339,0.005449591280653951,0.004608294930875576,1.0,1.0,0.0,/tmp/nxf.XXXXZCbAa0/sourmash_database/gtdb-rs214-reps.k51.zip,"GCA_000436535.1 Eubacterium sp. CAG:252, MGS252",2d5ecc2ee51dd5961462d43a4110e7a8,0.02575107296137339,72000,22,1189000,ERR1293163.fastq.gz,ERR1293163,0c8a21b5,13212000,51,DNA,1000,13212,True,0.9028487041604709,0.9307630286449556,0.9168058664027132,0.9307630286449556,False,72,8365,15624,d__Bacteria;p__Bacillota_A;c__Clostridia;o__Lachnospirales;f__Lachnospiraceae;g__Lachnospira;s__Lachnospira sp000436535
72000,0.005449591280653951,0.036072144288577156,0.005449591280653951,0.004800307219662059,1.0416666666666667,1.0,0.19982631347136331,/tmp/nxf.XXXXZCbAa0/sourmash_database/gtdb-rs214-reps.k51.zip,"GCF_001025195.1 Bifidobacterium catenulatum DSM 16992 = JCM 1194 = LMG 11043 strain=JCM 1194, ASM102519v1",9b566e78d1f78d933a35825fd06d987a,0.036072144288577156,72000,23,1117000,ERR1293163.fastq.gz,ERR1293163,0c8a21b5,13212000,51,DNA,1000,13212,True,0.9028487041604709,0.9369345500079553,0.9198916270842131,0.9369345500079553,False,75,8440,15624,d__Bacteria;p__Actinomycetota;c__Actinomycetia;o__Actinomycetales;f__Bifidobacteriaceae;g__Bifidobacterium;s__Bifidobacterium catenulatum
75000,0.005676657584014532,0.019225332202431437,0.0051468362095065095,0.004352278545826933,1.0,1.0,0.0,/tmp/nxf.XXXXZCbAa0/sourmash_database/gtdb-rs214-reps.k51.zip,"GCF_900104635.1 Coprococcus phoceensis strain=Marseille-P3062, PRJEB16356",3c1093b123c8877409b70557b1c6bbf4,0.021204410517387615,68000,24,1049000,ERR1293163.fastq.gz,ERR1293163,0c8a21b5,13212000,51,DNA,1000,13212,True,0.9035716617912849,0.9272243485756452,0.915398005183465,0.9272243485756452,False,68,8508,15624,d__Bacteria;p__Bacillota_A;c__Clostridia;o__Lachnospirales;f__Lachnospiraceae;g__Faecalimonas;s__Faecalimonas phoceensis
274000,0.020738722373599756,0.010835913312693499,0.004768392370572207,0.005120327700972862,1.2698412698412698,1.0,0.5692197167314639,/tmp/nxf.XXXXZCbAa0/sourmash_database/gtdb-rs214-reps.k51.zip,"GCF_000210075.1 Bacteroides xylanisolvens XB1A strain=XB1A, ASM21007v1",6bf3ff1d807c2ab1988e6b3c386a7cec,0.04712762297901617,63000,25,986000,ERR1293163.fastq.gz,ERR1293163,0c8a21b5,13212000,51,DNA,1000,13212,True,0.9268207010814677,0.9418587890845294,0.9343397450829986,0.9418587890845294,False,80,8588,15624,d__Bacteria;p__Bacteroidota;c__Bacteroidia;o__Bacteroidales;f__Bacteroidaceae;g__Bacteroides;s__Bacteroides xylanisolvens
89000,0.0067363003330305786,0.020792079207920793,0.004768392370572207,0.004160266257040451,1.0317460317460319,1.0,0.1753231907490041,/tmp/nxf.XXXXZCbAa0/sourmash_database/gtdb-rs214-reps.k51.zip,"GCF_023347255.1 Faecalibacterium sp. I4384 strain=I4384, ASM2334725v1",1ea2dc0eabe05329a021ee2c38093f28,0.029372937293729372,63000,26,923000,ERR1293163.fastq.gz,ERR1293163,0c8a21b5,13212000,51,DNA,1000,13212,True,0.9066090046708539,0.9331678170817373,0.9198884108762957,0.9331678170817373,False,65,8653,15624,d__Bacteria;p__Bacillota_A;c__Clostridia;o__Oscillospirales;f__Ruminococcaceae;g__Faecalibacterium;s__Faecalibacterium prausnitzii_D
458000,0.03466545564638208,0.011301494713816989,0.004692703602785346,0.005440348182283666,1.3709677419354838,1.0,0.7010101229709913,/tmp/nxf.XXXXZCbAa0/sourmash_database/gtdb-rs214-reps.k51.zip,"GCF_013009555.1 Bacteroides dorei strain=DSM 17855, ASM1300955v1",92c62d3d608447418f79f40c554d2f69,0.08348523514400291,62000,27,861000,ERR1293163.fastq.gz,ERR1293163,0c8a21b5,13212000,51,DNA,1000,13212,True,0.9362040762150097,0.9524783034860915,0.9443411898505506,0.9524783034860915,False,85,8738,15624,d__Bacteria;p__Bacteroidota;c__Bacteroidia;o__Bacteroidales;f__Bacteroidaceae;g__Phocaeicola;s__Phocaeicola dorei
59000,0.004465637299424765,0.008231707317073171,0.004087193460490463,0.0034562211981566822,1.0,1.0,0.0,/tmp/nxf.XXXXZCbAa0/sourmash_database/gtdb-rs214-reps.k51.zip,"GCF_002234575.2 Enterocloster bolteae strain=ATCC BAA-613, ASM223457v2",b5edd45c572fe04753d4848d8e14e842,0.00899390243902439,54000,28,807000,ERR1293163.fastq.gz,ERR1293163,0c8a21b5,13212000,51,DNA,1000,13212,True,0.8993304190114431,0.9117616825587208,0.9055460507850819,0.9117616825587208,False,54,8792,15624,d__Bacteria;p__Bacillota_A;c__Clostridia;o__Lachnospirales;f__Lachnospiraceae;g__Enterocloster;s__Enterocloster bolteae
146000,0.011050560096881623,0.010610079575596816,0.003935815924916743,0.005888376856118792,1.7692307692307692,1.0,2.7288725807795013,/tmp/nxf.XXXXZCbAa0/sourmash_database/gtdb-rs214-reps.k51.zip,"GCF_000156195.1 Bacteroides finegoldii DSM 17565 strain=DSM 17565, ASM15619v1",9d0fea771ba61065a50bf9434f874c00,0.02978983880840645,52000,29,755000,ERR1293163.fastq.gz,ERR1293163,0c8a21b5,13212000,51,DNA,1000,13212,True,0.9154507526922269,0.933425729170297,0.9244382409312619,0.933425729170297,False,92,8884,15624,d__Bacteria;p__Bacteroidota;c__Bacteroidia;o__Bacteroidales;f__Bacteroidaceae;g__Bacteroides;s__Bacteroides finegoldii
