intersect_bp,f_orig_query,f_match,f_unique_to_query,f_unique_weighted,average_abund,median_abund,std_abund,filename,name,md5,f_match_orig,unique_intersect_bp,gather_result_rank,remaining_bp,query_filename,query_name,query_md5,query_bp,ksize,moltype,scaled,query_n_hashes,query_abundance,query_containment_ani,match_containment_ani,average_containment_ani,max_containment_ani,potential_false_negative,n_unique_weighted_found,sum_weighted_found,total_weighted_hashes,lineage
1196000,0.09675592589596312,0.23543307086614174,0.09675592589596312,0.11073020226259855,1.350334448160535,1.0,0.9043789172338496,/tmp/nxf.XXXX2cyfu6/sourmash_database/gtdb-rs214-reps.k51.zip,"GCF_000012825.1 Bacteroides vulgatus ATCC 8482 strain=ATCC 8482, ASM1282v1",63b92dc09e7b5ffbd878d8e5fce5cfec,0.23543307086614174,1196000,0,6392000,ERR1293160.fastq.gz,ERR1293160,ca01e386,12361000,51,DNA,1000,12361,True,0.9552374156200354,0.9720389683477326,0.963638191983884,0.9720389683477326,False,1615,1615,14585,d__Bacteria;p__Bacteroidota;c__Bacteroidia;o__Bacteroidales;f__Bacteroidaceae;g__Phocaeicola;s__Phocaeicola vulgatus
1042000,0.08429738694280398,0.1612953207313294,0.08421648733921204,0.08453890983887556,1.1844380403458212,1.0,0.48669906619113035,/tmp/nxf.XXXX2cyfu6/sourmash_database/gtdb-rs214-reps.k51.zip,"GCF_001314995.1 Bacteroides ovatus strain=ATCC 8483, ASM131499v1",c28ea957513bf36bf9dc694cd077b880,0.16145026340254107,1041000,1,5351000,ERR1293160.fastq.gz,ERR1293160,ca01e386,12361000,51,DNA,1000,12361,True,0.9526591248568238,0.9648756537507003,0.958767389303762,0.9648756537507003,False,1233,2848,14585,d__Bacteria;p__Bacteroidota;c__Bacteroidia;o__Bacteroidales;f__Bacteroidaceae;g__Bacteroides;s__Bacteroides ovatus
704000,0.05695332092872745,0.17447455051911875,0.05573982687484831,0.06287281453548166,1.3309143686502176,1.0,0.8068569743098096,/tmp/nxf.XXXX2cyfu6/sourmash_database/gtdb-rs214-reps.k51.zip,"GCA_025147325.1 Bacteroides stercoris ATCC 43183 strain=ATCC 43183, ASM2514732v1",457cfca025715f640ca0a2d4865521d7,0.17827298050139276,689000,2,4662000,ERR1293160.fastq.gz,ERR1293160,ca01e386,12361000,51,DNA,1000,12361,True,0.9453625909663546,0.9667527195683006,0.9560576552673276,0.9667527195683006,False,917,3765,14585,d__Bacteria;p__Bacteroidota;c__Bacteroidia;o__Bacteroidales;f__Bacteroidaceae;g__Bacteroides;s__Bacteroides stercoris
717000,0.0580050157754227,0.14888788016341353,0.05307013995631421,0.054782310593075076,1.2179878048780488,1.0,0.5235720183392771,/tmp/nxf.XXXX2cyfu6/sourmash_database/gtdb-rs214-reps.k51.zip,"GCF_000382445.1 Bacteroides massiliensis B84634 = Timone 84634 = DSM 17679 = JCM 13223 strain=DSM 17679, Bact_mass_DSM_17679_V1",61edb0d0d8fa658bb8f1cd38bd81ed44,0.16273263731275533,656000,3,4006000,ERR1293160.fastq.gz,ERR1293160,ca01e386,12361000,51,DNA,1000,12361,True,0.945701823528424,0.9650253433716421,0.9553635834500331,0.9650253433716421,False,799,4564,14585,d__Bacteria;p__Bacteroidota;c__Bacteroidia;o__Bacteroidales;f__Bacteroidaceae;g__Phocaeicola;s__Phocaeicola massiliensis
571000,0.04619367365099911,0.12243561763422087,0.04538467761507969,0.04271511827219746,1.1105169340463459,1.0,0.3407759576001518,/tmp/nxf.XXXX2cyfu6/sourmash_database/gtdb-rs214-reps.k51.zip,"GCA_025147485.1 Bacteroides uniformis strain=ATCC 8492, ASM2514748v1",177d80c9d0f18e5195e47e20bdf54706,0.1246180707114797,561000,4,3445000,ERR1293160.fastq.gz,ERR1293160,ca01e386,12361000,51,DNA,1000,12361,True,0.941489201442751,0.9599890836794889,0.9507391425611199,0.9599890836794889,False,623,5187,14585,d__Bacteria;p__Bacteroidota;c__Bacteroidia;o__Bacteroidales;f__Bacteroidaceae;g__Bacteroides;s__Bacteroides uniformis
281000,0.022732788609335815,0.05805243445692884,0.02257098940215193,0.02077476859787453,1.086021505376344,1.0,0.3164287950443476,/tmp/nxf.XXXX2cyfu6/sourmash_database/gtdb-rs214-reps.k51.zip,"GCF_000012845.1 Parabacteroides distasonis ATCC 8503 strain=ATCC 8503, ASM1284v1",85c74583c59734abc0e8f1a3e909b79d,0.05846858094049105,279000,5,3166000,ERR1293160.fastq.gz,ERR1293160,ca01e386,12361000,51,DNA,1000,12361,True,0.9284905847501327,0.9458494395642159,0.9371700121571742,0.9458494395642159,False,303,5490,14585,d__Bacteria;p__Bacteroidota;c__Bacteroidia;o__Bacteroidales;f__Tannerellaceae;g__Parabacteroides;s__Parabacteroides distasonis
250000,0.0202249008979856,0.08686587908269632,0.0202249008979856,0.021049022968803566,1.228,1.0,0.536671221512762,/tmp/nxf.XXXX2cyfu6/sourmash_database/gtdb-rs214-reps.k51.zip,"GCF_020687245.1 Faecalibacterium longum CLA-AA-H243 strain=CLA-AA-H243, ASM2068724v1",e1ff3e2f54ab82a776eb959bb6aa8673,0.08686587908269632,250000,6,2916000,ERR1293160.fastq.gz,ERR1293160,ca01e386,12361000,51,DNA,1000,12361,True,0.9263648894570292,0.9532199473587929,0.9397924184079111,0.9532199473587929,False,307,5797,14585,d__Bacteria;p__Bacillota_A;c__Clostridia;o__Oscillospirales;f__Ruminococcaceae;g__Faecalibacterium;s__Faecalibacterium longum
212000,0.01715071596149179,0.0800796812749004,0.016260820321980424,0.014535481659238944,1.054726368159204,1.0,0.2676413463942839,/tmp/nxf.XXXX2cyfu6/sourmash_database/gtdb-rs214-reps.k51.zip,"GCF_000154465.1 Alistipes putredinis DSM 17216 strain=DSM 17216, ASM15446v1",2f08d0845365d89ec7bf59fbef01de57,0.08446215139442231,201000,7,2715000,ERR1293160.fastq.gz,ERR1293160,ca01e386,12361000,51,DNA,1000,12361,True,0.9233749391763707,0.9526956003348147,0.9380352697555927,0.9526956003348147,False,212,6009,14585,d__Bacteria;p__Bacteroidota;c__Bacteroidia;o__Bacteroidales;f__Rikenellaceae;g__Alistipes;s__Alistipes putredinis
165000,0.013348434592670495,0.036747273589378855,0.012539438556751072,0.014809736030167981,1.3935483870967742,1.0,0.9999791881289065,/tmp/nxf.XXXX2cyfu6/sourmash_database/gtdb-rs214-reps.k51.zip,"GCF_000233955.1 Paraprevotella clara YIT 11840 strain=YIT 11840, ASM23395v1",a7b69f5cd84ffe9ff1895f0e06bca3c3,0.03911806543385491,155000,8,2560000,ERR1293160.fastq.gz,ERR1293160,ca01e386,12361000,51,DNA,1000,12361,True,0.9188481221767959,0.9384249723826011,0.9286365472796985,0.9384249723826011,False,216,6225,14585,d__Bacteria;p__Bacteroidota;c__Bacteroidia;o__Bacteroidales;f__Bacteroidaceae;g__Paraprevotella;s__Paraprevotella clara
141000,0.011406844106463879,0.03657234383342232,0.011083245692096108,0.010558793280767913,1.1240875912408759,1.0,0.4262423743257353,/tmp/nxf.XXXX2cyfu6/sourmash_database/gtdb-rs214-reps.k51.zip,"GCF_003473545.1 Clostridium sp. AM22-11AC strain=AM22-11AC, ASM347354v1",50efc7fa47c0997c24a73c521b04bdd3,0.03764014949279231,137000,9,2423000,ERR1293160.fastq.gz,ERR1293160,ca01e386,12361000,51,DNA,1000,12361,True,0.9160205273625133,0.9377165798916316,0.9268685536270724,0.9377165798916316,False,154,6379,14585,d__Bacteria;p__Bacillota_A;c__Clostridia;o__Lachnospirales;f__Lachnospiraceae;g__Enterocloster;s__Enterocloster sp000431375
134000,0.010840546881320282,0.062037037037037036,0.010840546881320282,0.00987315735344532,1.0746268656716418,1.0,0.262788311368045,/tmp/nxf.XXXX2cyfu6/sourmash_database/gtdb-rs214-reps.k51.zip,"GCA_000980495.1 Acinetobacter sp. N54.MGS-139, ASM98049v1",32323b38ef01fbce652a3b69a0a21c55,0.062037037037037036,134000,10,2289000,ERR1293160.fastq.gz,ERR1293160,ca01e386,12361000,51,DNA,1000,12361,True,0.9151063985301164,0.9469487849301075,0.931027591730112,0.9469487849301075,False,144,6523,14585,d__Bacteria;p__Pseudomonadota;c__Gammaproteobacteria;o__Burkholderiales;f__Burkholderiaceae_A;g__Parasutterella;s__Parasutterella gallistercoris
189000,0.015290025078877114,0.046453900709219856,0.010597848070544454,0.010078848131642098,1.1221374045801527,1.0,0.3711525429356708,/tmp/nxf.XXXX2cyfu6/sourmash_database/gtdb-rs214-reps.k51.zip,"GCF_023347275.1 Faecalibacterium sp. I3389 strain=I3389, ASM2334727v1",105d513d0b8d24a4f97fa1ab6cc3e404,0.06702127659574468,131000,11,2158000,ERR1293160.fastq.gz,ERR1293160,ca01e386,12361000,51,DNA,1000,12361,True,0.9212980686573792,0.9483847516258149,0.934841410141597,0.9483847516258149,False,147,6670,14585,d__Bacteria;p__Bacillota_A;c__Clostridia;o__Oscillospirales;f__Ruminococcaceae;g__Faecalibacterium;s__Faecalibacterium sp900758465
183000,0.01480462745732546,0.029548627268496976,0.010274249656176685,0.009530339389784025,1.094488188976378,1.0,0.4053397693301969,/tmp/nxf.XXXX2cyfu6/sourmash_database/gtdb-rs214-reps.k51.zip,"GCA_025151215.1 Parabacteroides merdae ATCC 43184 strain=ATCC 43184, ASM2515121v1",04366d02afc93cbeed4bfc2d3a9aa9a9,0.04257794322940903,127000,12,2031000,ERR1293160.fastq.gz,ERR1293160,ca01e386,12361000,51,DNA,1000,12361,True,0.9207154711766815,0.9399857464873945,0.930350608832038,0.9399857464873945,False,139,6809,14585,d__Bacteria;p__Bacteroidota;c__Bacteroidia;o__Bacteroidales;f__Tannerellaceae;g__Parabacteroides;s__Parabacteroides merdae
122000,0.009869751638216974,0.042134831460674156,0.009707952431033088,0.008707576276996915,1.0583333333333333,1.0,0.26757657263337203,/tmp/nxf.XXXX2cyfu6/sourmash_database/gtdb-rs214-reps.k51.zip,"GCA_018223375.1 Clostridiaceae bacterium Marseille-Q3526 strain=Marseille-Q3526, ASM1822337v1",0f51a2a6803681fa278dc1642b4a736d,0.042837078651685394,120000,13,1911000,ERR1293160.fastq.gz,ERR1293160,ca01e386,12361000,51,DNA,1000,12361,True,0.9134245313992854,0.9400975874204217,0.9267610594098535,0.9400975874204217,False,127,6936,14585,d__Bacteria;p__Bacillota_A;c__Clostridia;o__Lachnospirales;f__Lachnospiraceae;g__Clostridium_Q;s__Clostridium_Q sp000435655
120000,0.009707952431033088,0.028831936914736324,0.00946525362025726,0.008433321906067878,1.0512820512820513,1.0,0.22057244274468274,/tmp/nxf.XXXX2cyfu6/sourmash_database/gtdb-rs214-reps.k51.zip,"GCF_024622975.1 Blautia caecimuris strain=DSM 29492, ASM2462297v1",1248931c5307393cc9ef816719d4b9e7,0.02957121734844751,117000,14,1794000,ERR1293160.fastq.gz,ERR1293160,ca01e386,12361000,51,DNA,1000,12361,True,0.9131285348610713,0.9332909256108269,0.9232097302359491,0.9332909256108269,False,123,7059,14585,d__Bacteria;p__Bacillota_A;c__Clostridia;o__Lachnospirales;f__Lachnospiraceae;g__Blautia_A;s__Blautia_A caecimuris
116000,0.009384354016665318,0.031166039763567976,0.009384354016665318,0.00836475831333562,1.0517241379310345,1.0,0.2574686986735876,/tmp/nxf.XXXX2cyfu6/sourmash_database/gtdb-rs214-reps.k51.zip,"GCF_000239295.1 Flavonifractor plautii ATCC 29863 strain=ATCC 29863, ASM23929v1",1ed22d796c79d0337723a67a4b313636,0.031166039763567976,116000,15,1678000,ERR1293160.fastq.gz,ERR1293160,ca01e386,12361000,51,DNA,1000,12361,True,0.9125217468700049,0.9342526652788758,0.9233872060744404,0.9342526652788758,False,122,7181,14585,d__Bacteria;p__Bacillota_A;c__Clostridia;o__Oscillospirales;f__Oscillospiraceae;g__Flavonifractor;s__Flavonifractor plautii
871000,0.07046355472858183,0.027183488547696956,0.00873715718792978,0.009393212204319506,1.2685185185185186,1.0,0.5545515619329275,/tmp/nxf.XXXX2cyfu6/sourmash_database/gtdb-rs214-reps.k51.zip,"GCA_900760795.1 Bacteroidaceae bacterium, SRS021948_34",d1db19c7390bdd0d48d0186cf7ff78fb,0.21922980115781526,108000,16,1570000,ERR1293160.fastq.gz,ERR1293160,ca01e386,12361000,51,DNA,1000,12361,True,0.9493165878739507,0.9706808517514411,0.9599987198126959,0.9706808517514411,False,137,7318,14585,d__Bacteria;p__Bacteroidota;c__Bacteroidia;o__Bacteroidales;f__Bacteroidaceae;g__Phocaeicola;s__Phocaeicola sp900760795
393000,0.031793544211633364,0.01586754053121766,0.007442763530458701,0.0070620500514226945,1.1195652173913044,1.0,0.3563825284946739,/tmp/nxf.XXXX2cyfu6/sourmash_database/gtdb-rs214-reps.k51.zip,"GCA_019412865.1 Bacteroides sp., ASM1941286v1",ea887218e0141cf6c988447e4d85d9a1,0.0677819937909624,92000,17,1478000,ERR1293160.fastq.gz,ERR1293160,ca01e386,12361000,51,DNA,1000,12361,True,0.9346179053205567,0.9485946552094366,0.9416062802649967,0.9485946552094366,False,103,7421,14585,d__Bacteria;p__Bacteroidota;c__Bacteroidia;o__Bacteroidales;f__Bacteroidaceae;g__Bacteroides;s__Bacteroides sp019412865
90000,0.007280964323274816,0.01881664227472298,0.007280964323274816,0.006307850531367844,1.0222222222222221,1.0,0.14740554623801777,/tmp/nxf.XXXX2cyfu6/sourmash_database/gtdb-rs214-reps.k51.zip,"GCF_000701705.1 Bilophila wadsworthia ATCC 49260 strain=ATCC 49260, ASM70170v1",b1bd0a4998658b6084d0785f2a2c686c,0.01881664227472298,90000,18,1388000,ERR1293160.fastq.gz,ERR1293160,ca01e386,12361000,51,DNA,1000,12361,True,0.907992236737616,0.9250548675778903,0.9165235521577532,0.9250548675778903,False,92,7513,14585,d__Bacteria;p__Desulfobacterota;c__Desulfovibrionia;o__Desulfovibrionales;f__Desulfovibrionaceae;g__Bilophila;s__Bilophila wadsworthia
86000,0.006957365908907046,0.03886127428829643,0.006957365908907046,0.0061021597531710665,1.0348837209302326,1.0,0.18348527718673838,/tmp/nxf.XXXX2cyfu6/sourmash_database/gtdb-rs214-reps.k51.zip,"GCF_000425045.1 Acidaminococcus intestini DSM 21505 strain=DSM 21505, ASM42504v1",e576d8032d9f52694db59a45e18a38d3,0.03886127428829643,86000,19,1302000,ERR1293160.fastq.gz,ERR1293160,ca01e386,12361000,51,DNA,1000,12361,True,0.907183195766411,0.9383037916999514,0.9227434937331812,0.9383037916999514,False,89,7602,14585,d__Bacteria;p__Bacillota_C;c__Negativicutes;o__Acidaminococcales;f__Acidaminococcaceae;g__Acidaminococcus;s__Acidaminococcus intestini
105000,0.008494458377153952,0.026402640264026403,0.006471968287355392,0.005553651011312993,1.0125,1.0,0.11110243021644485,/tmp/nxf.XXXX2cyfu6/sourmash_database/gtdb-rs214-reps.k51.zip,"GCF_023347255.1 Faecalibacterium sp. I4384 strain=I4384, ASM2334725v1",1ea2dc0eabe05329a021ee2c38093f28,0.034653465346534656,80000,20,1222000,ERR1293160.fastq.gz,ERR1293160,ca01e386,12361000,51,DNA,1000,12361,True,0.9107408517235663,0.936197725726588,0.9234692887250772,0.936197725726588,False,81,7683,14585,d__Bacteria;p__Bacillota_A;c__Clostridia;o__Oscillospirales;f__Ruminococcaceae;g__Faecalibacterium;s__Faecalibacterium prausnitzii_D
80000,0.006471968287355392,0.02186421173762946,0.006148369872987622,0.005347960233116215,1.0263157894736843,1.0,0.16007269816574263,/tmp/nxf.XXXX2cyfu6/sourmash_database/gtdb-rs214-reps.k51.zip,"GCF_008121495.1 [Ruminococcus] gnavus ATCC 29149 strain=JCM6515, ASM812149v1",c0af2b4fd1a1fb3c5fc7e5a29e4fe5d1,0.023014959723820484,76000,21,1146000,ERR1293160.fastq.gz,ERR1293160,ca01e386,12361000,51,DNA,1000,12361,True,0.9058976743345444,0.9287151994561555,0.91730643689535,0.9287151994561555,False,78,7761,14585,d__Bacteria;p__Bacillota_A;c__Clostridia;o__Lachnospirales;f__Lachnospiraceae;g__Ruminococcus_B;s__Ruminococcus_B gnavus
82000,0.006633767494539276,0.02130142982200175,0.005905671062211795,0.005005142269454919,1.0,1.0,0.0,/tmp/nxf.XXXX2cyfu6/sourmash_database/gtdb-rs214-reps.k51.zip,"GCF_001517625.2 Clostridium sp. AT4 strain=AT5, Clostridium bouchedurhonense",cc83538e580742ca11ee9ed5266d8f53,0.023927633498686898,73000,22,1073000,ERR1293160.fastq.gz,ERR1293160,ca01e386,12361000,51,DNA,1000,12361,True,0.9063363879889548,0.9294236526978592,0.917880020343407,0.9294236526978592,False,73,7834,14585,d__Bacteria;p__Bacillota_A;c__Clostridia;o__Lachnospirales;f__Lachnospiraceae;g__Enterocloster;s__Enterocloster sp001517625
364000,0.029447455707467034,0.024951267056530214,0.005177574629884314,0.00575934178950977,1.3125,1.0,0.6584783595532961,/tmp/nxf.XXXX2cyfu6/sourmash_database/gtdb-rs214-reps.k51.zip,"GCA_019414665.1 Bacteroides sp., ASM1941466v1",020e6e4bea30c62d0c7beb17e6beaf5f,0.1419103313840156,64000,23,1009000,ERR1293160.fastq.gz,ERR1293160,ca01e386,12361000,51,DNA,1000,12361,True,0.9332141795204666,0.962438137090444,0.9478261583054552,0.962438137090444,False,84,7918,14585,d__Bacteria;p__Bacteroidota;c__Bacteroidia;o__Bacteroidales;f__Bacteroidaceae;g__Phocaeicola;s__Phocaeicola sp019414665
259000,0.02095299733031308,0.010491916064671482,0.004934875819108487,0.005073705862187179,1.2131147540983607,1.0,0.40950806546874735,/tmp/nxf.XXXX2cyfu6/sourmash_database/gtdb-rs214-reps.k51.zip,"GCF_000210075.1 Bacteroides xylanisolvens XB1A strain=XB1A, ASM21007v1",6bf3ff1d807c2ab1988e6b3c386a7cec,0.04454764361885105,61000,24,948000,ERR1293160.fastq.gz,ERR1293160,ca01e386,12361000,51,DNA,1000,12361,True,0.9270075216729273,0.9408196237118783,0.9339135726924028,0.9408196237118783,False,74,7992,14585,d__Bacteria;p__Bacteroidota;c__Bacteroidia;o__Bacteroidales;f__Bacteroidaceae;g__Bacteroides;s__Bacteroides xylanisolvens
59000,0.0047730766119246015,0.029559118236472944,0.0047730766119246015,0.00418237915666781,1.0338983050847457,1.0,0.1809674280005307,/tmp/nxf.XXXX2cyfu6/sourmash_database/gtdb-rs214-reps.k51.zip,"GCF_001025195.1 Bifidobacterium catenulatum DSM 16992 = JCM 1194 = LMG 11043 strain=JCM 1194, ASM102519v1",9b566e78d1f78d933a35825fd06d987a,0.029559118236472944,59000,25,889000,ERR1293160.fastq.gz,ERR1293160,ca01e386,12361000,51,DNA,1000,12361,True,0.9005052377945004,0.9332834367065641,0.9168943372505323,0.9332834367065641,False,61,8053,14585,d__Bacteria;p__Actinomycetota;c__Actinomycetia;o__Actinomycetales;f__Bifidobacteriaceae;g__Bifidobacterium;s__Bifidobacterium catenulatum
66000,0.005339373837068198,0.008689024390243903,0.004611277404740717,0.004045251971203291,1.0350877192982457,1.0,0.1840015523105529,/tmp/nxf.XXXX2cyfu6/sourmash_database/gtdb-rs214-reps.k51.zip,"GCF_002234575.2 Enterocloster bolteae strain=ATCC BAA-613, ASM223457v2",b5edd45c572fe04753d4848d8e14e842,0.010060975609756098,57000,26,832000,ERR1293160.fastq.gz,ERR1293160,ca01e386,12361000,51,DNA,1000,12361,True,0.9024870666601436,0.9137682845697294,0.9081276756149365,0.9137682845697294,False,59,8112,14585,d__Bacteria;p__Bacillota_A;c__Clostridia;o__Lachnospirales;f__Lachnospiraceae;g__Enterocloster;s__Enterocloster bolteae
54000,0.00436857859396489,0.019313304721030045,0.00436857859396489,0.0039081247857387725,1.0555555555555556,1.0,0.22906142364542553,/tmp/nxf.XXXX2cyfu6/sourmash_database/gtdb-rs214-reps.k51.zip,"GCA_000436535.1 Eubacterium sp. CAG:252, MGS252",2d5ecc2ee51dd5961462d43a4110e7a8,0.019313304721030045,54000,27,778000,ERR1293160.fastq.gz,ERR1293160,ca01e386,12361000,51,DNA,1000,12361,True,0.8989430101899443,0.9255275374573563,0.9122352738236503,0.9255275374573563,False,57,8169,14585,d__Bacteria;p__Bacillota_A;c__Clostridia;o__Lachnospirales;f__Lachnospiraceae;g__Lachnospira;s__Lachnospira sp000436535
57000,0.004611277404740717,0.014701724625388747,0.004206779386781005,0.003633870414809736,1.0192307692307692,1.0,0.13733516208736252,/tmp/nxf.XXXX2cyfu6/sourmash_database/gtdb-rs214-reps.k51.zip,"GCF_900104635.1 Coprococcus phoceensis strain=Marseille-P3062, PRJEB16356",3c1093b123c8877409b70557b1c6bbf4,0.016115351993214587,52000,28,726000,ERR1293160.fastq.gz,ERR1293160,ca01e386,12361000,51,DNA,1000,12361,True,0.8998965224049391,0.9222482485657664,0.9110723854853527,0.9222482485657664,False,53,8222,14585,d__Bacteria;p__Bacillota_A;c__Clostridia;o__Lachnospirales;f__Lachnospiraceae;g__Faecalimonas;s__Faecalimonas phoceensis
