intersect_bp,f_orig_query,f_match,f_unique_to_query,f_unique_weighted,average_abund,median_abund,std_abund,filename,name,md5,f_match_orig,unique_intersect_bp,gather_result_rank,remaining_bp,query_filename,query_name,query_md5,query_bp,ksize,moltype,scaled,query_n_hashes,query_abundance,query_containment_ani,match_containment_ani,average_containment_ani,max_containment_ani,potential_false_negative,n_unique_weighted_found,sum_weighted_found,total_weighted_hashes,lineage
1473000,0.1137891077636153,0.2899606299212598,0.1137891077636153,0.13733748397729353,1.5274949083503055,1.0,1.1684749218744197,/tmp/nxf.XXXX7hmjOC/sourmash_database/gtdb-rs214-reps.k51.zip,"GCF_000012825.1 Bacteroides vulgatus ATCC 8482 strain=ATCC 8482, ASM1282v1",63b92dc09e7b5ffbd878d8e5fce5cfec,0.2899606299212598,1473000,0,5419000,ERR1293483.fastq.gz,ERR1293483,d714fc30,12945000,51,DNA,1000,12945,True,0.9582794400543445,0.9760175527889247,0.9671484964216346,0.9760175527889247,False,2250,2250,16383,d__Bacteria;p__Bacteroidota;c__Bacteroidia;o__Bacteroidales;f__Bacteroidaceae;g__Phocaeicola;s__Phocaeicola vulgatus
914000,0.07060641174198533,0.14146265881623798,0.0705291618385477,0.07349081364829396,1.3187294633077766,1.0,0.675214238183087,/tmp/nxf.XXXX7hmjOC/sourmash_database/gtdb-rs214-reps.k51.zip,"GCF_001314995.1 Bacteroides ovatus strain=ATCC 8483, ASM131499v1",c28ea957513bf36bf9dc694cd077b880,0.14161760148744965,913000,1,4506000,ERR1293483.fastq.gz,ERR1293483,d714fc30,12945000,51,DNA,1000,12945,True,0.9493542883352655,0.9623991702463892,0.9558767292908273,0.9623991702463892,False,1204,3454,16383,d__Bacteria;p__Bacteroidota;c__Bacteroidia;o__Bacteroidales;f__Bacteroidaceae;g__Bacteroides;s__Bacteroides ovatus
664000,0.05129393588258015,0.16510508989617625,0.0503669370413287,0.05005188304950253,1.2576687116564418,1.0,0.6903271835219754,/tmp/nxf.XXXX7hmjOC/sourmash_database/gtdb-rs214-reps.k51.zip,"GCA_025147325.1 Bacteroides stercoris ATCC 43183 strain=ATCC 43183, ASM2514732v1",457cfca025715f640ca0a2d4865521d7,0.16814383388199544,652000,2,3854000,ERR1293483.fastq.gz,ERR1293483,d714fc30,12945000,51,DNA,1000,12945,True,0.943424557798945,0.9656445049110295,0.9545345313549872,0.9656445049110295,False,820,4274,16383,d__Bacteria;p__Bacteroidota;c__Bacteroidia;o__Bacteroidales;f__Bacteroidaceae;g__Bacteroides;s__Bacteroides stercoris
596000,0.04604094244882194,0.058995528035775714,0.0264967168791039,0.02819996337667094,1.346938775510204,1.0,0.7358267909110182,/tmp/nxf.XXXX7hmjOC/sourmash_database/gtdb-rs214-reps.k51.zip,"GCF_000210075.1 Bacteroides xylanisolvens XB1A strain=XB1A, ASM21007v1",6bf3ff1d807c2ab1988e6b3c386a7cec,0.10251117991056072,343000,3,3511000,ERR1293483.fastq.gz,ERR1293483,d714fc30,12945000,51,DNA,1000,12945,True,0.9414280656871037,0.956320262053512,0.9488741638703078,0.956320262053512,False,462,4736,16383,d__Bacteria;p__Bacteroidota;c__Bacteroidia;o__Bacteroidales;f__Bacteroidaceae;g__Bacteroides;s__Bacteroides xylanisolvens
259000,0.020007724990343763,0.048001529929240776,0.019389725762842796,0.016297381431972166,1.0637450199203187,1.0,0.2600955975131389,/tmp/nxf.XXXX7hmjOC/sourmash_database/gtdb-rs214-reps.k51.zip,"GCF_000025985.1 Bacteroides fragilis NCTC 9343, ASM2598v1",5ed7bd7e8a301425ed2ad891c3e399f5,0.049531459170013385,251000,4,3260000,ERR1293483.fastq.gz,ERR1293483,d714fc30,12945000,51,DNA,1000,12945,True,0.9261688094003611,0.9427779873824959,0.9344733983914284,0.9427779873824959,False,267,5003,16383,d__Bacteria;p__Bacteroidota;c__Bacteroidia;o__Bacteroidales;f__Bacteroidaceae;g__Bacteroides;s__Bacteroides fragilis
235000,0.018153727307840865,0.07332293291731669,0.018153727307840865,0.017090886894952084,1.1914893617021276,1.0,0.49843576048838545,/tmp/nxf.XXXX7hmjOC/sourmash_database/gtdb-rs214-reps.k51.zip,"GCA_000020605.1 [Eubacterium] rectale ATCC 33656 strain=ATCC 33656, ASM2060v1",bb4d1c2199066ffc1226ec8433ce5698,0.07332293291731669,235000,5,3025000,ERR1293483.fastq.gz,ERR1293483,d714fc30,12945000,51,DNA,1000,12945,True,0.924404550445167,0.9500573027208232,0.9372309265829951,0.9500573027208232,False,280,5283,16383,d__Bacteria;p__Bacillota_A;c__Clostridia;o__Lachnospirales;f__Lachnospiraceae;g__Agathobacter;s__Agathobacter rectalis
173000,0.013364233294708382,0.08009259259259259,0.013364233294708382,0.011780504181163401,1.115606936416185,1.0,0.31975298695813487,/tmp/nxf.XXXX7hmjOC/sourmash_database/gtdb-rs214-reps.k51.zip,"GCA_000980495.1 Acinetobacter sp. N54.MGS-139, ASM98049v1",32323b38ef01fbce652a3b69a0a21c55,0.08009259259259259,173000,6,2852000,ERR1293483.fastq.gz,ERR1293483,d714fc30,12945000,51,DNA,1000,12945,True,0.9188694336161446,0.9517038163044117,0.9352866249602781,0.9517038163044117,False,193,5476,16383,d__Bacteria;p__Pseudomonadota;c__Gammaproteobacteria;o__Burkholderiales;f__Burkholderiaceae_A;g__Parasutterella;s__Parasutterella gallistercoris
172000,0.013286983391270761,0.05837387074357193,0.012977983777520278,0.012085698590001831,1.1785714285714286,1.0,0.5269118089602555,/tmp/nxf.XXXX7hmjOC/sourmash_database/gtdb-rs214-reps.k51.zip,"GCF_020687245.1 Faecalibacterium longum CLA-AA-H243 strain=CLA-AA-H243, ASM2068724v1",e1ff3e2f54ab82a776eb959bb6aa8673,0.059763724808895066,168000,7,2684000,ERR1293483.fastq.gz,ERR1293483,d714fc30,12945000,51,DNA,1000,12945,True,0.9187649926061632,0.946255858884958,0.9325104257455605,0.946255858884958,False,198,5674,16383,d__Bacteria;p__Bacillota_A;c__Clostridia;o__Oscillospirales;f__Ruminococcaceae;g__Faecalibacterium;s__Faecalibacterium longum
149000,0.011510235612205485,0.05646078059871163,0.011510235612205485,0.009888298846365134,1.087248322147651,1.0,0.34627230441649476,/tmp/nxf.XXXX7hmjOC/sourmash_database/gtdb-rs214-reps.k51.zip,"GCA_000436475.1 Eubacterium sp. CAG:248, MGS248",0cbfa984f760c0f973970a752712a480,0.05646078059871163,149000,8,2535000,ERR1293483.fastq.gz,ERR1293483,d714fc30,12945000,51,DNA,1000,12945,True,0.9161826083134907,0.9452016010326522,0.9306921046730714,0.9452016010326522,False,162,5836,16383,d__Bacteria;p__Bacillota_A;c__Clostridia;o__Lachnospirales;f__Lachnospiraceae;g__Lachnospira;s__Lachnospira sp000436475
136000,0.010505986867516415,0.03508287292817679,0.00981073773657783,0.008179210156869926,1.0551181102362204,1.0,0.22821065742030605,/tmp/nxf.XXXX7hmjOC/sourmash_database/gtdb-rs214-reps.k51.zip,"GCF_000265365.1 Alistipes finegoldii DSM 17242 strain=DSM 17242, ASM26536v1",32e9ec95ec567198d44d9d52c769243b,0.03756906077348066,127000,9,2408000,ERR1293483.fastq.gz,ERR1293483,d714fc30,12945000,51,DNA,1000,12945,True,0.9145440828720475,0.9376818220214583,0.9261129524467528,0.9376818220214583,False,134,5970,16383,d__Bacteria;p__Bacteroidota;c__Bacteroidia;o__Bacteroidales;f__Rikenellaceae;g__Alistipes;s__Alistipes finegoldii
512000,0.0395519505600618,0.020869265263884097,0.009347238315952106,0.01025453213697125,1.3884297520661157,1.0,0.8067064027710696,/tmp/nxf.XXXX7hmjOC/sourmash_database/gtdb-rs214-reps.k51.zip,"GCA_019412865.1 Bacteroides sp., ASM1941286v1",ea887218e0141cf6c988447e4d85d9a1,0.08830631252155915,121000,10,2287000,ERR1293483.fastq.gz,ERR1293483,d714fc30,12945000,51,DNA,1000,12945,True,0.9386279631429536,0.9535273876538465,0.9460776753984,0.9535273876538465,False,168,6138,16383,d__Bacteria;p__Bacteroidota;c__Bacteroidia;o__Bacteroidales;f__Bacteroidaceae;g__Bacteroides;s__Bacteroides sp019412865
121000,0.009347238315952106,0.036077705827937095,0.009038238702201622,0.007996093511566868,1.1196581196581197,1.0,0.681406202666487,/tmp/nxf.XXXX7hmjOC/sourmash_database/gtdb-rs214-reps.k51.zip,"GCF_003024715.1 Lachnoclostridium sp. SNUG30386 strain=SNUG30386, ASM302471v1",f96d0bd7faefddb572480835d902e5a6,0.03731113166820845,117000,11,2170000,ERR1293483.fastq.gz,ERR1293483,d714fc30,12945000,51,DNA,1000,12945,True,0.9124508430384227,0.9375551673823976,0.9250030052104101,0.9375551673823976,False,131,6269,16383,d__Bacteria;p__Bacillota_A;c__Clostridia;o__Lachnospirales;f__Lachnospiraceae;g__Clostridium_Q;s__Clostridium_Q fessum
571000,0.044109694862881424,0.01932191031717098,0.008188489764387795,0.009705182201062076,1.5,1.0,1.1594566066229082,/tmp/nxf.XXXX7hmjOC/sourmash_database/gtdb-rs214-reps.k51.zip,"GCF_013009555.1 Bacteroides dorei strain=DSM 17855, ASM1300955v1",92c62d3d608447418f79f40c554d2f69,0.10408312067079839,106000,12,2064000,ERR1293483.fastq.gz,ERR1293483,d714fc30,12945000,51,DNA,1000,12945,True,0.9406373868357737,0.9566056622013971,0.9486215245185854,0.9566056622013971,False,159,6428,16383,d__Bacteria;p__Bacteroidota;c__Bacteroidia;o__Bacteroidales;f__Bacteroidaceae;g__Phocaeicola;s__Phocaeicola dorei
106000,0.008188489764387795,0.041228779304769606,0.007879490150637311,0.006409082585607032,1.0294117647058822,1.0,0.1689577248981773,/tmp/nxf.XXXX7hmjOC/sourmash_database/gtdb-rs214-reps.k51.zip,"GCA_900539945.1 uncultured Faecalibacterium sp., UMGS183",3bb5b6dd2b10e5252389d662c26718aa,0.04284559417946645,102000,13,1962000,ERR1293483.fastq.gz,ERR1293483,d714fc30,12945000,51,DNA,1000,12945,True,0.9100859875527622,0.9401012513926225,0.9250936194726923,0.9401012513926225,False,105,6533,16383,d__Bacteria;p__Bacillota_A;c__Clostridia;o__Oscillospirales;f__Ruminococcaceae;g__Faecalibacterium;s__Faecalibacterium sp900539945
214000,0.016531479335650832,0.014579759862778732,0.007879490150637311,0.007629860220960752,1.2254901960784315,1.0,0.48318515805300416,/tmp/nxf.XXXX7hmjOC/sourmash_database/gtdb-rs214-reps.k51.zip,"GCA_900557355.1 uncultured Bacteroides sp., UMGS2042",26cd6f99620cbd40a9534fcb50c2c063,0.030588907947398512,102000,14,1860000,ERR1293483.fastq.gz,ERR1293483,d714fc30,12945000,51,DNA,1000,12945,True,0.9227093802360559,0.9339103230410679,0.928309851638562,0.9339103230410679,False,125,6658,16383,d__Bacteria;p__Bacteroidota;c__Bacteroidia;o__Bacteroidales;f__Bacteroidaceae;g__Bacteroides;s__Bacteroides sp900557355
102000,0.007879490150637311,0.027404621171413217,0.007879490150637311,0.00659219923091009,1.0588235294117647,1.0,0.23529411764705882,/tmp/nxf.XXXX7hmjOC/sourmash_database/gtdb-rs214-reps.k51.zip,"GCF_000239295.1 Flavonifractor plautii ATCC 29863 strain=ATCC 29863, ASM23929v1",1ed22d796c79d0337723a67a4b313636,0.027404621171413217,102000,15,1758000,ERR1293483.fastq.gz,ERR1293483,d714fc30,12945000,51,DNA,1000,12945,True,0.9093998223683634,0.9318995331693611,0.9206496777688622,0.9318995331693611,False,108,6766,16383,d__Bacteria;p__Bacillota_A;c__Clostridia;o__Oscillospirales;f__Oscillospiraceae;g__Flavonifractor;s__Flavonifractor plautii
111000,0.008574739281575898,0.02465483234714004,0.00772499034376207,0.006653238112677776,1.09,1.0,0.3192177939902474,/tmp/nxf.XXXX7hmjOC/sourmash_database/gtdb-rs214-reps.k51.zip,"GCF_000174195.1 Roseburia inulinivorans DSM 16841 strain=DSM 16841, ASM17419v1",e3692c21f5a57009b8f3ea43032066c2,0.027366863905325445,100000,16,1658000,ERR1293483.fastq.gz,ERR1293483,d714fc30,12945000,51,DNA,1000,12945,True,0.9109088469882259,0.9318743407929757,0.9213915938906008,0.9318743407929757,False,109,6875,16383,d__Bacteria;p__Bacillota_A;c__Clostridia;o__Lachnospirales;f__Lachnospiraceae;g__Roseburia;s__Roseburia inulinivorans
122000,0.009424488219389725,0.02652232746955345,0.007570490536886829,0.0062870048220716596,1.0510204081632653,1.0,0.22003937400865126,/tmp/nxf.XXXX7hmjOC/sourmash_database/gtdb-rs214-reps.k51.zip,"GCA_025145845.1 Alistipes shahii WAL 8301 strain=WAL 8301, ASM2514584v1",ce3fdcea4344bf5e1303cba1f2181070,0.03301759133964818,98000,17,1560000,ERR1293483.fastq.gz,ERR1293483,d714fc30,12945000,51,DNA,1000,12945,True,0.9125981083696586,0.9353104613701921,0.9239542848699254,0.9353104613701921,False,103,6978,16383,d__Bacteria;p__Bacteroidota;c__Bacteroidia;o__Bacteroidales;f__Rikenellaceae;g__Alistipes;s__Alistipes shahii
105000,0.008111239860950173,0.02694528457519934,0.007570490536886829,0.0061038881767686015,1.0204081632653061,1.0,0.14139190265868387,/tmp/nxf.XXXX7hmjOC/sourmash_database/gtdb-rs214-reps.k51.zip,"GCF_015557635.1 Fusicatenibacter saccharivorans strain=D41t1_190614_C8, ASM1555763v1",d2fdc17cdae8aecf1aac02f627d3979a,0.02886994775914215,98000,18,1462000,ERR1293483.fastq.gz,ERR1293483,d714fc30,12945000,51,DNA,1000,12945,True,0.9099168567595454,0.9328518274026476,0.9213843420810965,0.9328518274026476,False,100,7078,16383,d__Bacteria;p__Bacillota_A;c__Clostridia;o__Lachnospirales;f__Lachnospiraceae;g__Fusicatenibacter;s__Fusicatenibacter saccharivorans
90000,0.006952491309385863,0.049342105263157895,0.006952491309385863,0.0060428492950009155,1.1,1.0,0.3,/tmp/nxf.XXXX7hmjOC/sourmash_database/gtdb-rs214-reps.k51.zip,"GCF_000160055.1 Dialister invisus DSM 15470 strain=DSM 15470, ASM16005v1",f5affa7513f69773c6fae6e4919ba6cc,0.049342105263157895,90000,19,1372000,ERR1293483.fastq.gz,ERR1293483,d714fc30,12945000,51,DNA,1000,12945,True,0.9071707285895779,0.9427071850516172,0.9249389568205976,0.9427071850516172,False,99,7177,16383,d__Bacteria;p__Bacillota_C;c__Negativicutes;o__Veillonellales;f__Dialisteraceae;g__Dialister;s__Dialister invisus
98000,0.007570490536886829,0.02725437415881561,0.006257242178447277,0.005310382713788683,1.0740740740740742,1.0,0.3054152315272341,/tmp/nxf.XXXX7hmjOC/sourmash_database/gtdb-rs214-reps.k51.zip,"GCA_025150085.1 Dorea longicatena strain=DSM 13814, ASM2515008v1",77e56408450c979b22420d0739bfd623,0.03297442799461642,81000,20,1291000,ERR1293483.fastq.gz,ERR1293483,d714fc30,12945000,51,DNA,1000,12945,True,0.9086867521914763,0.9352864711751036,0.92198661168329,0.9352864711751036,False,87,7264,16383,d__Bacteria;p__Bacillota_A;c__Clostridia;o__Lachnospirales;f__Lachnospiraceae;g__Dorea_A;s__Dorea_A longicatena
86000,0.0066434916956353805,0.02207755448627229,0.006025492468134415,0.004822071659647195,1.0128205128205128,1.0,0.11249954342810412,/tmp/nxf.XXXX7hmjOC/sourmash_database/gtdb-rs214-reps.k51.zip,"GCA_003573975.1 Clostridiales bacterium CCNA10 strain=CCNA10, ASM357397v1",00fa92bb3e4b24b2703f629c0d80feb8,0.024341919048966883,78000,21,1213000,ERR1293483.fastq.gz,ERR1293483,d714fc30,12945000,51,DNA,1000,12945,True,0.9063624196001269,0.929736537024315,0.918049478312221,0.929736537024315,False,79,7343,16383,d__Bacteria;p__Bacillota_A;c__Clostridia;o__Oscillospirales;f__Oscillospiraceae;g__Lawsonibacter;s__Lawsonibacter sp900066825
81000,0.006257242178447277,0.02130142982200175,0.005639242950946311,0.004699993896111823,1.0547945205479452,1.0,0.32647603528254754,/tmp/nxf.XXXX7hmjOC/sourmash_database/gtdb-rs214-reps.k51.zip,"GCF_001517625.2 Clostridium sp. AT4 strain=AT5, Clostridium bouchedurhonense",cc83538e580742ca11ee9ed5266d8f53,0.023635833090166328,73000,22,1140000,ERR1293483.fastq.gz,ERR1293483,d714fc30,12945000,51,DNA,1000,12945,True,0.9052985459477977,0.929200069511047,0.9172493077294224,0.929200069511047,False,77,7420,16383,d__Bacteria;p__Bacillota_A;c__Clostridia;o__Lachnospirales;f__Lachnospiraceae;g__Enterocloster;s__Enterocloster sp001517625
74000,0.005716492854383932,0.02119285498032092,0.005407493240633449,0.004333760605505707,1.0142857142857142,1.0,0.11866605518454393,/tmp/nxf.XXXX7hmjOC/sourmash_database/gtdb-rs214-reps.k51.zip,"GCF_000173975.1 Anaerobutyricum hallii DSM 3353 strain=DSM 3353, ASM17397v1",8fce16b2b7ed2405807ddf248dc6febb,0.022403875264910687,70000,23,1070000,ERR1293483.fastq.gz,ERR1293483,d714fc30,12945000,51,DNA,1000,12945,True,0.9036955636732396,0.9282252861275132,0.9159604249003763,0.9282252861275132,False,71,7491,16383,d__Bacteria;p__Bacillota_A;c__Clostridia;o__Lachnospirales;f__Lachnospiraceae;g__Anaerobutyricum;s__Anaerobutyricum hallii
77000,0.005948242564696794,0.014951627088830254,0.005252993433758207,0.004272721723738021,1.0294117647058822,1.0,0.16895772489817729,/tmp/nxf.XXXX7hmjOC/sourmash_database/gtdb-rs214-reps.k51.zip,"GCA_025148125.1 Blautia wexlerae DSM 19850 strain=DSM 19850, ASM2514812v1",7f2073ec6218c72ec98b02ac15cb9880,0.01693051890941073,68000,24,1002000,ERR1293483.fastq.gz,ERR1293483,d714fc30,12945000,51,DNA,1000,12945,True,0.9044000176830148,0.9231410096152214,0.9137705136491181,0.9231410096152214,False,70,7561,16383,d__Bacteria;p__Bacillota_A;c__Clostridia;o__Lachnospirales;f__Lachnospiraceae;g__Blautia_A;s__Blautia_A wexlerae
704000,0.05438393202008498,0.01661213189025925,0.0050984936268829665,0.005188304950253311,1.2878787878787878,1.0,0.5711538431809322,/tmp/nxf.XXXX7hmjOC/sourmash_database/gtdb-rs214-reps.k51.zip,"GCA_900760795.1 Bacteroidaceae bacterium, SRS021948_34",d1db19c7390bdd0d48d0186cf7ff78fb,0.17719607349609867,66000,25,936000,ERR1293483.fastq.gz,ERR1293483,d714fc30,12945000,51,DNA,1000,12945,True,0.944507271900941,0.9666378705846592,0.9555725712428,0.9666378705846592,False,85,7646,16383,d__Bacteria;p__Bacteroidota;c__Bacteroidia;o__Bacteroidales;f__Bacteroidaceae;g__Phocaeicola;s__Phocaeicola sp900760795
69000,0.005330243337195829,0.018944099378881987,0.0047122441096948625,0.003845449551364219,1.0327868852459017,1.0,0.17807836870820026,/tmp/nxf.XXXX7hmjOC/sourmash_database/gtdb-rs214-reps.k51.zip,"GCF_020687205.1 Hominisplanchenecus faecis strain=CLA-AA-H246, ASM2068720v1",0a411542971e35712722644c0bed8e6b,0.02142857142857143,61000,26,875000,ERR1293483.fastq.gz,ERR1293483,d714fc30,12945000,51,DNA,1000,12945,True,0.9024567808397304,0.9274155572531645,0.9149361690464475,0.9274155572531645,False,63,7709,16383,d__Bacteria;p__Bacillota_A;c__Clostridia;o__Lachnospirales;f__Lachnospiraceae;g__Hominisplanchenecus;s__Hominisplanchenecus faecis
61000,0.0047122441096948625,0.02176360225140713,0.004480494399382,0.003723371787828847,1.0517241379310345,1.0,0.2214695272183643,/tmp/nxf.XXXX7hmjOC/sourmash_database/gtdb-rs214-reps.k51.zip,"GCA_014385265.1 Lachnospiraceae bacterium BX10 strain=BX10, ASM1438526v1",617726c9ccfa69a4c6423d5273792dad,0.022889305816135085,58000,27,817000,ERR1293483.fastq.gz,ERR1293483,d714fc30,12945000,51,DNA,1000,12945,True,0.900278783237212,0.9286155114054208,0.9144471473213164,0.9286155114054208,False,61,7770,16383,d__Bacteria;p__Bacillota_A;c__Clostridia;o__Lachnospirales;f__Lachnospiraceae;g__Copromonas;s__Copromonas sp000435795
53000,0.004094244882193897,0.017004578155657292,0.004016994978756277,0.003174021851919673,1.0,1.0,0.0,/tmp/nxf.XXXX7hmjOC/sourmash_database/gtdb-rs214-reps.k51.zip,"GCA_900541315.1 uncultured Clostridium sp., UMGS337",63826511efb45821f982543d6789e3bb,0.017331589274035317,52000,28,765000,ERR1293483.fastq.gz,ERR1293483,d714fc30,12945000,51,DNA,1000,12945,True,0.8978005739886517,0.9235649003111919,0.9106827371499218,0.9235649003111919,False,52,7822,16383,d__Bacteria;p__Bacillota_A;c__Clostridia;o__Lachnospirales;f__Lachnospiraceae;g__Enterocloster;s__Enterocloster sp900541315
