intersect_bp,f_orig_query,f_match,f_unique_to_query,f_unique_weighted,average_abund,median_abund,std_abund,filename,name,md5,f_match_orig,unique_intersect_bp,gather_result_rank,remaining_bp,query_filename,query_name,query_md5,query_bp,ksize,moltype,scaled,query_n_hashes,query_abundance,query_containment_ani,match_containment_ani,average_containment_ani,max_containment_ani,potential_false_negative,n_unique_weighted_found,sum_weighted_found,total_weighted_hashes,lineage
1526000,0.08582677165354331,0.3330423395896988,0.08582677165354331,0.10245091856896624,1.5969855832241153,1.0,0.9325714297649874,/tmp/nxf.XXXX6DHtWK/sourmash_database/gtdb-rs214-reps.k51.zip,"GCA_025147485.1 Bacteroides uniformis strain=ATCC 8492, ASM2514748v1",177d80c9d0f18e5195e47e20bdf54706,0.3330423395896988,1526000,0,9911000,ERR1293339.fastq.gz,ERR1293339,102fd1e7,17780000,51,DNA,1000,17780,True,0.9529950452444417,0.9786721821892282,0.965833613716835,0.9786721821892282,False,2437,2437,23787,d__Bacteria;p__Bacteroidota;c__Bacteroidia;o__Bacteroidales;f__Bacteroidaceae;g__Bacteroides;s__Bacteroides uniformis
1493000,0.08397075365579303,0.23736649131197193,0.08374578177727784,0.09337032833060074,1.491605104096709,1.0,0.8673408191568609,/tmp/nxf.XXXX6DHtWK/sourmash_database/gtdb-rs214-reps.k51.zip,"GCF_000011065.1 Bacteroides thetaiotaomicron VPI-5482 strain=VPI-5482, ASM1106v1",36e5cf9f0e4c0a0411f3300c5364f87f,0.23800414474732984,1489000,1,8422000,ERR1293339.fastq.gz,ERR1293339,102fd1e7,17780000,51,DNA,1000,17780,True,0.9525866078429295,0.9722460044935088,0.9624163061682192,0.9722460044935088,False,2221,4658,23787,d__Bacteria;p__Bacteroidota;c__Bacteroidia;o__Bacteroidales;f__Bacteroidaceae;g__Bacteroides;s__Bacteroides thetaiotaomicron
1263000,0.07103487064116985,0.2880409492787343,0.06962879640044994,0.07731113633497289,1.4854604200323103,1.0,0.917976231456484,/tmp/nxf.XXXX6DHtWK/sourmash_database/gtdb-rs214-reps.k51.zip,"GCA_025151215.1 Parabacteroides merdae ATCC 43184 strain=ATCC 43184, ASM2515121v1",04366d02afc93cbeed4bfc2d3a9aa9a9,0.29385760818985573,1238000,2,7184000,ERR1293339.fastq.gz,ERR1293339,102fd1e7,17780000,51,DNA,1000,17780,True,0.9494669132662533,0.9762730764182558,0.9628699948422546,0.9762730764182558,False,1839,6497,23787,d__Bacteria;p__Bacteroidota;c__Bacteroidia;o__Bacteroidales;f__Tannerellaceae;g__Parabacteroides;s__Parabacteroides merdae
1259000,0.07080989876265467,0.2499489900020404,0.0688976377952756,0.06835666540547358,1.3273469387755101,1.0,0.9159511071306669,/tmp/nxf.XXXX6DHtWK/sourmash_database/gtdb-rs214-reps.k51.zip,"GCF_000156195.1 Bacteroides finegoldii DSM 17565 strain=DSM 17565, ASM15619v1",9d0fea771ba61065a50bf9434f874c00,0.256886349724546,1225000,3,5959000,ERR1293339.fastq.gz,ERR1293339,102fd1e7,17780000,51,DNA,1000,17780,True,0.9494078603401529,0.9737025215044895,0.9615551909223212,0.9737025215044895,False,1626,8123,23787,d__Bacteria;p__Bacteroidota;c__Bacteroidia;o__Bacteroidales;f__Bacteroidaceae;g__Bacteroides;s__Bacteroides finegoldii
865000,0.048650168728908885,0.22763157894736843,0.048650168728908885,0.04641190566275697,1.276300578034682,1.0,0.5759778434339584,/tmp/nxf.XXXX6DHtWK/sourmash_database/gtdb-rs214-reps.k51.zip,"GCF_020736365.1 Clostridium sp. M62/1 strain=FDAARGOS_1583, ASM2073636v1",0380dbe573a123194534af872fd30072,0.22763157894736843,865000,4,5094000,ERR1293339.fastq.gz,ERR1293339,102fd1e7,17780000,51,DNA,1000,17780,True,0.9424461744476661,0.9713969060733092,0.9569215402604876,0.9713969060733092,False,1104,9227,23787,d__Bacteria;p__Bacillota_A;c__Clostridia;o__Lachnospirales;f__Lachnospiraceae;g__Clostridium_Q;s__Clostridium_Q saccharolyticum_A
860000,0.048368953880764905,0.2448216340621404,0.047862767154105736,0.0456972295791819,1.2773207990599296,1.0,0.5823009299311279,/tmp/nxf.XXXX6DHtWK/sourmash_database/gtdb-rs214-reps.k51.zip,"GCF_008121495.1 [Ruminococcus] gnavus ATCC 29149 strain=JCM6515, ASM812149v1",c0af2b4fd1a1fb3c5fc7e5a29e4fe5d1,0.2474108170310702,851000,5,4243000,ERR1293339.fastq.gz,ERR1293339,102fd1e7,17780000,51,DNA,1000,17780,True,0.9423390536460468,0.9729852322512751,0.9576621429486609,0.9729852322512751,False,1087,10314,23787,d__Bacteria;p__Bacillota_A;c__Clostridia;o__Lachnospirales;f__Lachnospiraceae;g__Ruminococcus_B;s__Ruminococcus_B gnavus
594000,0.03340832395950506,0.12193091968372867,0.03295838020247469,0.030689031824105605,1.2457337883959045,1.0,1.656826984357099,/tmp/nxf.XXXX6DHtWK/sourmash_database/gtdb-rs214-reps.k51.zip,"GCF_000012845.1 Parabacteroides distasonis ATCC 8503 strain=ATCC 8503, ASM1284v1",85c74583c59734abc0e8f1a3e909b79d,0.12359550561797752,586000,6,3657000,ERR1293339.fastq.gz,ERR1293339,102fd1e7,17780000,51,DNA,1000,17780,True,0.9355262421879283,0.9598340025622218,0.947680122375075,0.9598340025622218,False,730,11044,23787,d__Bacteria;p__Bacteroidota;c__Bacteroidia;o__Bacteroidales;f__Tannerellaceae;g__Parabacteroides;s__Parabacteroides distasonis
476000,0.026771653543307086,0.1276195593766792,0.02671541057367829,0.023878589145331485,1.1957894736842105,1.0,0.4606438947646365,/tmp/nxf.XXXX6DHtWK/sourmash_database/gtdb-rs214-reps.k51.zip,"GCF_000239295.1 Flavonifractor plautii ATCC 29863 strain=ATCC 29863, ASM23929v1",1ed22d796c79d0337723a67a4b313636,0.1278882321332617,475000,7,3182000,ERR1293339.fastq.gz,ERR1293339,102fd1e7,17780000,51,DNA,1000,17780,True,0.9314726377013233,0.9604767891854751,0.9459747134433991,0.9604767891854751,False,568,11612,23787,d__Bacteria;p__Bacillota_A;c__Clostridia;o__Oscillospirales;f__Oscillospiraceae;g__Flavonifractor;s__Flavonifractor plautii
436000,0.024521934758155232,0.1307738452309538,0.024521934758155232,0.019842771261613486,1.0825688073394495,1.0,0.2991866763141345,/tmp/nxf.XXXX6DHtWK/sourmash_database/gtdb-rs214-reps.k51.zip,"GCF_014131695.1 Erysipelatoclostridium ramosum DSM 1402 strain=DSM 1402, ASM1413169v1",7067e76f1f8fb6fb2a7b6a18482cbfb2,0.1307738452309538,436000,8,2746000,ERR1293339.fastq.gz,ERR1293339,102fd1e7,17780000,51,DNA,1000,17780,True,0.9298708678686415,0.9608970946701658,0.9453839812694036,0.9608970946701658,False,472,12084,23787,d__Bacteria;p__Bacillota;c__Bacilli;o__Erysipelotrichales;f__Coprobacillaceae;g__Thomasclavelia;s__Thomasclavelia ramosa
325000,0.01827896512935883,0.14260640631856078,0.01827896512935883,0.01597511245638374,1.1692307692307693,1.0,0.4213250442347432,/tmp/nxf.XXXX6DHtWK/sourmash_database/gtdb-rs214-reps.k51.zip,"GCF_003269275.1 Phascolarctobacterium faecium DSM 14760 strain=DSM 14760, ASM326927v1",7c43b2da8075c4100917842aa30c8367,0.14260640631856078,325000,9,2421000,ERR1293339.fastq.gz,ERR1293339,102fd1e7,17780000,51,DNA,1000,17780,True,0.9245291731332729,0.9625304797797501,0.9435298264565115,0.9625304797797501,False,380,12464,23787,d__Bacteria;p__Bacillota_C;c__Negativicutes;o__Acidaminococcales;f__Acidaminococcaceae;g__Phascolarctobacterium;s__Phascolarctobacterium faecium
272000,0.015298087739032622,0.042658571656814186,0.01501687289088864,0.01156093664606718,1.0299625468164795,1.0,0.1704839951571692,/tmp/nxf.XXXX6DHtWK/sourmash_database/gtdb-rs214-reps.k51.zip,"GCF_020215665.1 Blautia sp. NBRC 113351 strain=NBRC 113351, ASM2021566v1",8b38cce8c2d4b1af0b9e70afdd8fa62f,0.04345742131330883,267000,10,2154000,ERR1293339.fastq.gz,ERR1293339,102fd1e7,17780000,51,DNA,1000,17780,True,0.9213075919670404,0.9403626509578508,0.9308351214624455,0.9403626509578508,False,275,12739,23787,d__Bacteria;p__Bacillota_A;c__Clostridia;o__Lachnospirales;f__Lachnospiraceae;g__Blautia;s__Blautia sp001304935
205000,0.011529808773903262,0.042860129625757894,0.011529808773903262,0.00899651069912137,1.0439024390243903,1.0,0.20487804878048782,/tmp/nxf.XXXX6DHtWK/sourmash_database/gtdb-rs214-reps.k51.zip,"GCF_000701705.1 Bilophila wadsworthia ATCC 49260 strain=ATCC 49260, ASM70170v1",b1bd0a4998658b6084d0785f2a2c686c,0.042860129625757894,205000,11,1949000,ERR1293339.fastq.gz,ERR1293339,102fd1e7,17780000,51,DNA,1000,17780,True,0.91621313128942,0.9401075039033062,0.9281603175963631,0.9401075039033062,False,214,12953,23787,d__Bacteria;p__Desulfobacterota;c__Desulfovibrionia;o__Desulfovibrionales;f__Desulfovibrionaceae;g__Bilophila;s__Bilophila wadsworthia
157000,0.008830146231721035,0.02258158508158508,0.008717660292463443,0.007104721066128558,1.0903225806451613,1.0,0.4153155339208021,/tmp/nxf.XXXX6DHtWK/sourmash_database/gtdb-rs214-reps.k51.zip,"GCF_003201875.1 Hungatella effluvii strain=DSM 24995, ASM320187v1",cf2a3220056f7a2960a252f7e48a83b8,0.022872960372960372,155000,12,1794000,ERR1293339.fastq.gz,ERR1293339,102fd1e7,17780000,51,DNA,1000,17780,True,0.911433234611269,0.9286025042626469,0.920017869436958,0.9286025042626469,False,169,13122,23787,d__Bacteria;p__Bacillota_A;c__Clostridia;o__Lachnospirales;f__Lachnospiraceae;g__Hungatella;s__Hungatella effluvii
398000,0.022384701912260968,0.041620421753607105,0.00843644544431946,0.008281834615546307,1.3133333333333332,1.0,0.6338944882409234,/tmp/nxf.XXXX6DHtWK/sourmash_database/gtdb-rs214-reps.k51.zip,"GCA_900755095.1 uncultured Bacteroides sp., ERS473029_19",157ba610ccdcf1ff58761725bd879825,0.11043285238623751,150000,13,1644000,ERR1293339.fastq.gz,ERR1293339,102fd1e7,17780000,51,DNA,1000,17780,True,0.9282097035107537,0.9577170549436689,0.9429633792272113,0.9577170549436689,False,197,13319,23787,d__Bacteria;p__Bacteroidota;c__Bacteroidia;o__Bacteroidales;f__Bacteroidaceae;g__Bacteroides;s__Bacteroides sp900755095
135000,0.007592800899887514,0.03663731894348197,0.007255343082114736,0.006011687055954933,1.1085271317829457,1.0,0.4698723243625345,/tmp/nxf.XXXX6DHtWK/sourmash_database/gtdb-rs214-reps.k51.zip,"GCF_900142265.1 Anaerotignum lactatifermentans DSM 14214 strain=DSM 14214, IMG-taxon 2585428190 annotated assembly",00cab793116387c76bf9dc97330f3ba2,0.038341380289690426,129000,14,1515000,ERR1293339.fastq.gz,ERR1293339,102fd1e7,17780000,51,DNA,1000,17780,True,0.9087391846247962,0.9380560294810907,0.9233976070529435,0.9380560294810907,False,143,13462,23787,d__Bacteria;p__Bacillota_A;c__Clostridia;o__Lachnospirales;f__Anaerotignaceae;g__Anaerotignum;s__Anaerotignum lactatifermentans
120000,0.006749156355455568,0.032716927453769556,0.0064679415073115865,0.0056753688989784334,1.173913043478261,1.0,0.5635426694267704,/tmp/nxf.XXXX6DHtWK/sourmash_database/gtdb-rs214-reps.k51.zip,"GCF_014467075.1 Anaerostipes caccae strain=JCM 13470, ASM1446707v1",cd3c43f45300d7a0715be968dfa0cbde,0.034139402560455195,115000,15,1400000,ERR1293339.fastq.gz,ERR1293339,102fd1e7,17780000,51,DNA,1000,17780,True,0.9066428991574755,0.9359234138555322,0.9212831565065038,0.9359234138555322,False,135,13597,23787,d__Bacteria;p__Bacillota_A;c__Clostridia;o__Lachnospirales;f__Lachnospiraceae;g__Anaerostipes;s__Anaerostipes caccae
102000,0.005736782902137233,0.020968439256376998,0.005455568053993251,0.004330096271072435,1.0618556701030928,1.0,0.2804426909017617,/tmp/nxf.XXXX6DHtWK/sourmash_database/gtdb-rs214-reps.k51.zip,"GCF_012317185.1 [Clostridium] innocuum strain=ATCC 14501, ASM1231718v1",91693cab416177f5c43d8f522dba510f,0.02204928664072633,97000,16,1303000,ERR1293339.fastq.gz,ERR1293339,102fd1e7,17780000,51,DNA,1000,17780,True,0.9037583479451183,0.9279349663372712,0.9158466571411947,0.9279349663372712,False,103,13700,23787,d__Bacteria;p__Bacillota;c__Bacilli;o__Erysipelotrichales;f__Erysipelotrichaceae;g__Clostridium_AQ;s__Clostridium_AQ innocuum
104000,0.005849268841394826,0.021942110177404293,0.005286839145106862,0.007525118762349182,1.9042553191489362,2.0,1.1945723790774192,/tmp/nxf.XXXX6DHtWK/sourmash_database/gtdb-rs214-reps.k51.zip,"GCF_022809355.1 Parabacteroides sp. AGMB00274 strain=AGMB00274, ASM2280935v1",5983752ac0361c83bc804a957dfcef8d,0.02427637721755369,94000,17,1209000,ERR1293339.fastq.gz,ERR1293339,102fd1e7,17780000,51,DNA,1000,17780,True,0.9041025165437482,0.9296873865924639,0.916894951568106,0.9296873865924639,False,179,13879,23787,d__Bacteria;p__Bacteroidota;c__Bacteroidia;o__Bacteroidales;f__Tannerellaceae;g__Parabacteroides;s__Parabacteroides faecavium
520000,0.02924634420697413,0.016260162601626018,0.0044994375703037125,0.005759448438222558,1.7125,1.0,1.0746365664725912,/tmp/nxf.XXXX6DHtWK/sourmash_database/gtdb-rs214-reps.k51.zip,"GCF_000614125.1 Bacteroides rodentium JCM 16496 strain=JCM 16496, ASM61412v1",d114cb268bdc0e58bd5266fb76f6ef04,0.10569105691056911,80000,18,1129000,ERR1293339.fastq.gz,ERR1293339,102fd1e7,17780000,51,DNA,1000,17780,True,0.9330887908350537,0.9568932585343853,0.9449910246847195,0.9568932585343853,False,137,14016,23787,d__Bacteria;p__Bacteroidota;c__Bacteroidia;o__Bacteroidales;f__Bacteroidaceae;g__Bacteroides;s__Bacteroides rodentium
87000,0.004893138357705287,0.024390243902439025,0.004386951631046119,0.0035313406482532475,1.0769230769230769,1.0,0.31088091417902924,/tmp/nxf.XXXX6DHtWK/sourmash_database/gtdb-rs214-reps.k51.zip,"GCF_900291975.1 Intestinibacillus sp. Marseille-P4005 strain=Marseille-P4005, PRJEB24950",65713af468298b7a867be5e7720bad95,0.027204502814258912,78000,19,1051000,ERR1293339.fastq.gz,ERR1293339,102fd1e7,17780000,51,DNA,1000,17780,True,0.9009439931012807,0.9317656205912339,0.9163548068462573,0.9317656205912339,False,84,14100,23787,d__Bacteria;p__Bacillota_A;c__Clostridia;o__Oscillospirales;f__Butyricicoccaceae;g__Agathobaculum;s__Agathobaculum sp900291975
112000,0.006299212598425197,0.016106764841233318,0.003937007874015748,0.0032791020305208726,1.1142857142857143,1.0,0.318157963590287,/tmp/nxf.XXXX6DHtWK/sourmash_database/gtdb-rs214-reps.k51.zip,"GCA_900754605.1 uncultured Oscillospiraceae bacterium, ERS396504_64",f167964a7b0f7c95cf930e6cf86141da,0.02577082374597331,70000,20,981000,ERR1293339.fastq.gz,ERR1293339,102fd1e7,17780000,51,DNA,1000,17780,True,0.9054172206094017,0.9307770211263928,0.9180971208678972,0.9307770211263928,False,78,14178,23787,d__Bacteria;p__Bacillota_A;c__Clostridia;o__Oscillospirales;f__Oscillospiraceae;g__Lawsonibacter;s__Lawsonibacter sp900754605
57000,0.0032058492688413947,0.01608352144469526,0.0032058492688413947,0.0026905452558119982,1.1228070175438596,1.0,0.4217829922867126,/tmp/nxf.XXXX6DHtWK/sourmash_database/gtdb-rs214-reps.k51.zip,"GCA_900547035.1 uncultured Clostridium sp., UMGS945",3d7dd4d7872773816d09717617c102c7,0.01608352144469526,57000,21,924000,ERR1293339.fastq.gz,ERR1293339,102fd1e7,17780000,51,DNA,1000,17780,True,0.8935048691026589,0.9222124963611128,0.9078586827318859,0.9222124963611128,False,64,14242,23787,d__Bacteria;p__Bacillota_A;c__Clostridia;o__Lachnospirales;f__Lachnospiraceae;g__Enterocloster;s__Enterocloster excrementigallinarum
71000,0.003993250843644544,0.00862851952770209,0.0032058492688413947,0.008449993694034557,3.526315789473684,1.0,6.665189125277362,/tmp/nxf.XXXX6DHtWK/sourmash_database/gtdb-rs214-reps.k51.zip,"GCF_003464595.1 Bacteroides intestinalis strain=AF14-32, ASM346459v1",5018c46a831958831fc599a735d21972,0.010747805025734181,57000,22,867000,ERR1293339.fastq.gz,ERR1293339,102fd1e7,17780000,51,DNA,1000,17780,True,0.897360994308458,0.9149522448867775,0.9061566195976177,0.9149522448867775,False,201,14443,23787,d__Bacteria;p__Bacteroidota;c__Bacteroidia;o__Bacteroidales;f__Bacteroidaceae;g__Bacteroides;s__Bacteroides intestinalis_A
60000,0.003374578177727784,0.01313181367690783,0.002980877390326209,0.0022701475595913734,1.0188679245283019,1.0,0.1360585386967543,/tmp/nxf.XXXX6DHtWK/sourmash_database/gtdb-rs214-reps.k51.zip,"GCF_000949455.1 Ruthenibacterium lactatiformans strain=585-1, ASM94945v1",1562c71162861a5c6e3bb1e6d2a266f2,0.014866204162537165,53000,23,814000,ERR1293339.fastq.gz,ERR1293339,102fd1e7,17780000,51,DNA,1000,17780,True,0.8944039644595957,0.9207904071383499,0.9075971857989729,0.9207904071383499,False,54,14497,23787,d__Bacteria;p__Bacillota_A;c__Clostridia;o__Oscillospirales;f__Ruminococcaceae;g__Ruthenibacterium;s__Ruthenibacterium lactatiformans
51000,0.0028683914510686166,0.014583929082070346,0.0028683914510686166,0.0021860680203472484,1.0196078431372548,1.0,0.1386483884679505,/tmp/nxf.XXXX6DHtWK/sourmash_database/gtdb-rs214-reps.k51.zip,"GCF_000024265.1 Eggerthella lenta DSM 2243 strain=DSM 2243, ASM2426v1",9c03bee3a8ea07d1dca079c2919284a2,0.014583929082070346,51000,24,763000,ERR1293339.fastq.gz,ERR1293339,102fd1e7,17780000,51,DNA,1000,17780,True,0.8915583523201122,0.9204443581682654,0.9060013552441888,0.9204443581682654,False,52,14549,23787,d__Bacteria;p__Actinomycetota;c__Coriobacteriia;o__Coriobacteriales;f__Eggerthellaceae;g__Eggerthella;s__Eggerthella lenta
