intersect_bp,f_orig_query,f_match,f_unique_to_query,f_unique_weighted,average_abund,median_abund,std_abund,filename,name,md5,f_match_orig,unique_intersect_bp,gather_result_rank,remaining_bp,query_filename,query_name,query_md5,query_bp,ksize,moltype,scaled,query_n_hashes,query_abundance,query_containment_ani,match_containment_ani,average_containment_ani,max_containment_ani,potential_false_negative,n_unique_weighted_found,sum_weighted_found,total_weighted_hashes,lineage
1553000,0.11035315853051944,0.30570866141732284,0.11035315853051944,0.1370388916708396,1.5859626529298132,1.0,1.2213949109715678,/tmp/nxf.XXXXQKlgBG/sourmash_database/gtdb-rs214-reps.k51.zip,"GCF_000012825.1 Bacteroides vulgatus ATCC 8482 strain=ATCC 8482, ASM1282v1",63b92dc09e7b5ffbd878d8e5fce5cfec,0.30570866141732284,1553000,0,5936000,ERR1293484.fastq.gz,ERR1293484,549a1194,14073000,51,DNA,1000,14073,True,0.957703498453221,0.9770302157531958,0.9673668571032084,0.9770302157531958,False,2463,2463,17973,d__Bacteria;p__Bacteroidota;c__Bacteroidia;o__Bacteroidales;f__Bacteroidaceae;g__Phocaeicola;s__Phocaeicola vulgatus
1008000,0.07162651886591345,0.15602726991013324,0.07155546081148298,0.07489011294719858,1.336643495531281,1.0,0.6794456054019304,/tmp/nxf.XXXXQKlgBG/sourmash_database/gtdb-rs214-reps.k51.zip,"GCF_001314995.1 Bacteroides ovatus strain=ATCC 8483, ASM131499v1",c28ea957513bf36bf9dc694cd077b880,0.1561822125813449,1007000,1,4929000,ERR1293484.fastq.gz,ERR1293484,549a1194,14073000,51,DNA,1000,14073,True,0.9496213442995609,0.964248238876562,0.9569347915880615,0.964248238876562,False,1346,3809,17973,d__Bacteria;p__Bacteroidota;c__Bacteroidia;o__Bacteroidales;f__Bacteroidaceae;g__Bacteroides;s__Bacteroides ovatus
685000,0.04867476728487174,0.1701696632058749,0.04775101257727563,0.04879541534524008,1.3050595238095237,1.0,0.6797045025175502,/tmp/nxf.XXXXQKlgBG/sourmash_database/gtdb-rs214-reps.k51.zip,"GCA_025147325.1 Bacteroides stercoris ATCC 43183 strain=ATCC 43183, ASM2514732v1",457cfca025715f640ca0a2d4865521d7,0.17346163585717903,672000,2,4257000,ERR1293484.fastq.gz,ERR1293484,549a1194,14073000,51,DNA,1000,14073,True,0.9424555156767558,0.9662342333931672,0.9543448745349614,0.9662342333931672,False,877,4686,17973,d__Bacteria;p__Bacteroidota;c__Bacteroidia;o__Bacteroidales;f__Bacteroidaceae;g__Bacteroides;s__Bacteroides stercoris
623000,0.04426916791018262,0.0627794977640179,0.02593618986712144,0.028042063094641963,1.3808219178082193,1.0,0.7101336039155031,/tmp/nxf.XXXXQKlgBG/sourmash_database/gtdb-rs214-reps.k51.zip,"GCF_000210075.1 Bacteroides xylanisolvens XB1A strain=XB1A, ASM21007v1",6bf3ff1d807c2ab1988e6b3c386a7cec,0.10715514275885793,365000,3,3892000,ERR1293484.fastq.gz,ERR1293484,549a1194,14073000,51,DNA,1000,14073,True,0.9407039504319553,0.9571514187911004,0.9489276846115279,0.9571514187911004,False,504,5190,17973,d__Bacteria;p__Bacteroidota;c__Bacteroidia;o__Bacteroidales;f__Bacteroidaceae;g__Bacteroides;s__Bacteroides xylanisolvens
308000,0.021885880764584666,0.05756358768406961,0.021388474383571377,0.017581928448227896,1.0498338870431894,1.0,0.2323682186052586,/tmp/nxf.XXXXQKlgBG/sourmash_database/gtdb-rs214-reps.k51.zip,"GCF_000025985.1 Bacteroides fragilis NCTC 9343, ASM2598v1",5ed7bd7e8a301425ed2ad891c3e399f5,0.058902275769745646,301000,4,3591000,ERR1293484.fastq.gz,ERR1293484,549a1194,14073000,51,DNA,1000,14073,True,0.9277996335348302,0.9459865085637797,0.936893071049305,0.9459865085637797,False,316,5506,17973,d__Bacteria;p__Bacteroidota;c__Bacteroidia;o__Bacteroidales;f__Bacteroidaceae;g__Bacteroides;s__Bacteroides fragilis
264000,0.018759326369644,0.08237129485179408,0.018759326369644,0.016580426194847828,1.128787878787879,1.0,0.40648722500897916,/tmp/nxf.XXXXQKlgBG/sourmash_database/gtdb-rs214-reps.k51.zip,"GCA_000020605.1 [Eubacterium] rectale ATCC 33656 strain=ATCC 33656, ASM2060v1",bb4d1c2199066ffc1226ec8433ce5698,0.08237129485179408,264000,5,3327000,ERR1293484.fastq.gz,ERR1293484,549a1194,14073000,51,DNA,1000,14073,True,0.9249995351623163,0.9522274653373507,0.9386135002498335,0.9522274653373507,False,298,5804,17973,d__Bacteria;p__Bacillota_A;c__Clostridia;o__Lachnospirales;f__Lachnospiraceae;g__Agathobacter;s__Agathobacter rectalis
182000,0.012932565906345485,0.06896551724137931,0.012932565906345485,0.010515773660490736,1.0384615384615385,1.0,0.19230769230769226,/tmp/nxf.XXXXQKlgBG/sourmash_database/gtdb-rs214-reps.k51.zip,"GCA_000436475.1 Eubacterium sp. CAG:248, MGS248",0cbfa984f760c0f973970a752712a480,0.06896551724137931,182000,6,3145000,ERR1293484.fastq.gz,ERR1293484,549a1194,14073000,51,DNA,1000,14073,True,0.9182780637419208,0.9489166749373057,0.9335973693396132,0.9489166749373057,False,189,5993,17973,d__Bacteria;p__Bacillota_A;c__Clostridia;o__Lachnospirales;f__Lachnospiraceae;g__Lachnospira;s__Lachnospira sp000436475
178000,0.012648333688623606,0.061153578874218205,0.012506217579762667,0.01179547098425416,1.2045454545454546,1.0,0.596563852200304,/tmp/nxf.XXXXQKlgBG/sourmash_database/gtdb-rs214-reps.k51.zip,"GCF_020687245.1 Faecalibacterium longum CLA-AA-H243 strain=CLA-AA-H243, ASM2068724v1",e1ff3e2f54ab82a776eb959bb6aa8673,0.06184850590687978,176000,7,2969000,ERR1293484.fastq.gz,ERR1293484,549a1194,14073000,51,DNA,1000,14073,True,0.9178780132810178,0.9468922735219457,0.9323851434014818,0.9468922735219457,False,212,6205,17973,d__Bacteria;p__Bacillota_A;c__Clostridia;o__Oscillospirales;f__Ruminococcaceae;g__Faecalibacterium;s__Faecalibacterium longum
166000,0.01179563703545797,0.07685185185185185,0.01179563703545797,0.010460134646414066,1.1325301204819278,1.0,0.3887292965036549,/tmp/nxf.XXXXQKlgBG/sourmash_database/gtdb-rs214-reps.k51.zip,"GCA_000980495.1 Acinetobacter sp. N54.MGS-139, ASM98049v1",32323b38ef01fbce652a3b69a0a21c55,0.07685185185185185,166000,8,2803000,ERR1293484.fastq.gz,ERR1293484,549a1194,14073000,51,DNA,1000,14073,True,0.9166227156715618,0.9509333638245122,0.9337780397480371,0.9509333638245122,False,188,6393,17973,d__Bacteria;p__Pseudomonadota;c__Gammaproteobacteria;o__Burkholderiales;f__Burkholderiaceae_A;g__Parasutterella;s__Parasutterella gallistercoris
582000,0.04135578767853336,0.026043463263194205,0.010729766219000923,0.011461636899794136,1.3642384105960266,1.0,0.9169734532805813,/tmp/nxf.XXXXQKlgBG/sourmash_database/gtdb-rs214-reps.k51.zip,"GCA_019412865.1 Bacteroides sp., ASM1941286v1",ea887218e0141cf6c988447e4d85d9a1,0.10037944118661607,151000,9,2652000,ERR1293484.fastq.gz,ERR1293484,549a1194,14073000,51,DNA,1000,14073,True,0.9394491130345015,0.9559262933804357,0.9476877032074686,0.9559262933804357,False,206,6599,17973,d__Bacteria;p__Bacteroidota;c__Bacteroidia;o__Bacteroidales;f__Bacteroidaceae;g__Bacteroides;s__Bacteroides sp019412865
611000,0.04341647125701698,0.023696682464454975,0.00923754707596106,0.01079396873087409,1.4923076923076923,1.0,0.9219223548663775,/tmp/nxf.XXXXQKlgBG/sourmash_database/gtdb-rs214-reps.k51.zip,"GCF_013009555.1 Bacteroides dorei strain=DSM 17855, ASM1300955v1",92c62d3d608447418f79f40c554d2f69,0.11137440758293839,130000,10,2522000,ERR1293484.fastq.gz,ERR1293484,549a1194,14073000,51,DNA,1000,14073,True,0.940345268290029,0.9578764980790568,0.949110883184543,0.9578764980790568,False,194,6793,17973,d__Bacteria;p__Bacteroidota;c__Bacteroidia;o__Bacteroidales;f__Bacteroidaceae;g__Phocaeicola;s__Phocaeicola dorei
141000,0.010019185674696228,0.03410013531799729,0.008953314858239182,0.007344349858120514,1.0476190476190477,1.0,0.21295885499998002,/tmp/nxf.XXXXQKlgBG/sourmash_database/gtdb-rs214-reps.k51.zip,"GCA_025145845.1 Alistipes shahii WAL 8301 strain=WAL 8301, ASM2514584v1",ce3fdcea4344bf5e1303cba1f2181070,0.038159675236806495,126000,11,2396000,ERR1293484.fastq.gz,ERR1293484,549a1194,14073000,51,DNA,1000,14073,True,0.9136937112796123,0.9379686581873526,0.9258311847334825,0.9379686581873526,False,132,6925,17973,d__Bacteria;p__Bacteroidota;c__Bacteroidia;o__Bacteroidales;f__Rikenellaceae;g__Alistipes;s__Alistipes shahii
127000,0.009024372912669651,0.05052546483427647,0.008882256803808712,0.007288710844043844,1.048,1.0,0.21376622745419818,/tmp/nxf.XXXXQKlgBG/sourmash_database/gtdb-rs214-reps.k51.zip,"GCA_900539945.1 uncultured Faecalibacterium sp., UMGS183",3bb5b6dd2b10e5252389d662c26718aa,0.0513338722716249,125000,12,2271000,ERR1293484.fastq.gz,ERR1293484,549a1194,14073000,51,DNA,1000,14073,True,0.9118221500508347,0.9434389548675088,0.9276305524591717,0.9434389548675088,False,131,7056,17973,d__Bacteria;p__Bacillota_A;c__Clostridia;o__Oscillospirales;f__Ruminococcaceae;g__Faecalibacterium;s__Faecalibacterium sp900539945
124000,0.008811198749378243,0.036386062288004936,0.008384850422795425,0.007288710844043844,1.1101694915254237,1.0,0.5172269328700719,/tmp/nxf.XXXXQKlgBG/sourmash_database/gtdb-rs214-reps.k51.zip,"GCF_003024715.1 Lachnoclostridium sp. SNUG30386 strain=SNUG30386, ASM302471v1",f96d0bd7faefddb572480835d902e5a6,0.038236201048411966,118000,13,2153000,ERR1293484.fastq.gz,ERR1293484,549a1194,14073000,51,DNA,1000,14073,True,0.9113948466083232,0.9380055045692682,0.9247001755887957,0.9380055045692682,False,131,7187,17973,d__Bacteria;p__Bacillota_A;c__Clostridia;o__Lachnospirales;f__Lachnospiraceae;g__Clostridium_Q;s__Clostridium_Q fessum
132000,0.009379663184822,0.028106508875739646,0.008100618205073545,0.006621042675123797,1.043859649122807,1.0,0.20478276368296058,/tmp/nxf.XXXXQKlgBG/sourmash_database/gtdb-rs214-reps.k51.zip,"GCF_000174195.1 Roseburia inulinivorans DSM 16841 strain=DSM 16841, ASM17419v1",e3692c21f5a57009b8f3ea43032066c2,0.03254437869822485,114000,14,2039000,ERR1293484.fastq.gz,ERR1293484,549a1194,14073000,51,DNA,1000,14073,True,0.9125128009509292,0.9350457540002679,0.9237792774755986,0.9350457540002679,False,119,7306,17973,d__Bacteria;p__Bacillota_A;c__Clostridia;o__Lachnospirales;f__Lachnospiraceae;g__Roseburia;s__Roseburia inulinivorans
237000,0.01684075890002132,0.016009148084619784,0.007958502096212605,0.00795637901296389,1.2767857142857142,1.0,0.6970578658672082,/tmp/nxf.XXXXQKlgBG/sourmash_database/gtdb-rs214-reps.k51.zip,"GCA_900557355.1 uncultured Bacteroides sp., UMGS2042",26cd6f99620cbd40a9534fcb50c2c063,0.033876500857632934,112000,15,1927000,ERR1293484.fastq.gz,ERR1293484,549a1194,14073000,51,DNA,1000,14073,True,0.9230447948666249,0.9357815563536384,0.9294131756101316,0.9357815563536384,False,143,7449,17973,d__Bacteria;p__Bacteroidota;c__Bacteroidia;o__Bacteroidales;f__Bacteroidaceae;g__Bacteroides;s__Bacteroides sp900557355
129000,0.00916648902153059,0.029281767955801105,0.007532153769629788,0.006064652534357091,1.028301886792453,1.0,0.16583392293629193,/tmp/nxf.XXXXQKlgBG/sourmash_database/gtdb-rs214-reps.k51.zip,"GCF_000265365.1 Alistipes finegoldii DSM 17242 strain=DSM 17242, ASM26536v1",32e9ec95ec567198d44d9d52c769243b,0.0356353591160221,106000,16,1821000,ERR1293484.fastq.gz,ERR1293484,549a1194,14073000,51,DNA,1000,14073,True,0.9121015558107574,0.9367107676425713,0.9244061617266643,0.9367107676425713,False,109,7558,17973,d__Bacteria;p__Bacteroidota;c__Bacteroidia;o__Bacteroidales;f__Rikenellaceae;g__Alistipes;s__Alistipes finegoldii
111000,0.007887444041782135,0.0319650067294751,0.006750515170894621,0.005730818449897068,1.0842105263157895,1.0,0.2777032833320614,/tmp/nxf.XXXXQKlgBG/sourmash_database/gtdb-rs214-reps.k51.zip,"GCA_025150085.1 Dorea longicatena strain=DSM 13814, ASM2515008v1",77e56408450c979b22420d0739bfd623,0.037348586810228804,95000,17,1726000,ERR1293484.fastq.gz,ERR1293484,549a1194,14073000,51,DNA,1000,14073,True,0.9094178132068769,0.9375736126967074,0.9234957129517921,0.9375736126967074,False,103,7661,17973,d__Bacteria;p__Bacillota_A;c__Clostridia;o__Lachnospirales;f__Lachnospiraceae;g__Dorea_A;s__Dorea_A longicatena
95000,0.006750515170894621,0.025523911875335842,0.006750515170894621,0.005508262393590386,1.0421052631578946,1.0,0.20082930556146225,/tmp/nxf.XXXXQKlgBG/sourmash_database/gtdb-rs214-reps.k51.zip,"GCF_000239295.1 Flavonifractor plautii ATCC 29863 strain=ATCC 29863, ASM23929v1",1ed22d796c79d0337723a67a4b313636,0.025523911875335842,95000,18,1631000,ERR1293484.fastq.gz,ERR1293484,549a1194,14073000,51,DNA,1000,14073,True,0.9066464779309854,0.9306013351847706,0.9186239065578781,0.9306013351847706,False,99,7760,17973,d__Bacteria;p__Bacillota_A;c__Clostridia;o__Oscillospirales;f__Oscillospiraceae;g__Flavonifractor;s__Flavonifractor plautii
92000,0.006537341007603212,0.05043859649122807,0.006537341007603212,0.005730818449897068,1.1195652173913044,1.0,0.35638252849467394,/tmp/nxf.XXXXQKlgBG/sourmash_database/gtdb-rs214-reps.k51.zip,"GCF_000160055.1 Dialister invisus DSM 15470 strain=DSM 15470, ASM16005v1",f5affa7513f69773c6fae6e4919ba6cc,0.05043859649122807,92000,19,1539000,ERR1293484.fastq.gz,ERR1293484,549a1194,14073000,51,DNA,1000,14073,True,0.9060762111278259,0.9431135407102286,0.9245948759190272,0.9431135407102286,False,103,7863,17973,d__Bacteria;p__Bacillota_C;c__Negativicutes;o__Veillonellales;f__Dialisteraceae;g__Dialister;s__Dialister invisus
97000,0.0068926312797555605,0.018909410729991204,0.006110992681020394,0.005007511266900351,1.0465116279069768,1.0,0.21059035204970736,/tmp/nxf.XXXXQKlgBG/sourmash_database/gtdb-rs214-reps.k51.zip,"GCA_025148125.1 Blautia wexlerae DSM 19850 strain=DSM 19850, ASM2514812v1",7f2073ec6218c72ec98b02ac15cb9880,0.02132805628847845,86000,20,1453000,ERR1293484.fastq.gz,ERR1293484,549a1194,14073000,51,DNA,1000,14073,True,0.9070169291124498,0.9273300618006146,0.9171734954565323,0.9273300618006146,False,90,7953,17973,d__Bacteria;p__Bacillota_A;c__Clostridia;o__Lachnospirales;f__Lachnospiraceae;g__Blautia_A;s__Blautia_A wexlerae
94000,0.0066794571164641514,0.022546054440472918,0.005826760463298515,0.004729316196516998,1.0365853658536586,1.0,0.18774151607732503,/tmp/nxf.XXXXQKlgBG/sourmash_database/gtdb-rs214-reps.k51.zip,"GCF_015557635.1 Fusicatenibacter saccharivorans strain=D41t1_190614_C8, ASM1555763v1",d2fdc17cdae8aecf1aac02f627d3979a,0.025845477041517736,82000,21,1371000,ERR1293484.fastq.gz,ERR1293484,549a1194,14073000,51,DNA,1000,14073,True,0.9064583752475028,0.9308298145953204,0.9186440949214116,0.9308298145953204,False,85,8038,17973,d__Bacteria;p__Bacillota_A;c__Clostridia;o__Lachnospirales;f__Lachnospiraceae;g__Fusicatenibacter;s__Fusicatenibacter saccharivorans
87000,0.006182050735450863,0.022468631456084038,0.005471470191146167,0.004451121126133645,1.0389610389610389,1.0,0.25182752506058853,/tmp/nxf.XXXXQKlgBG/sourmash_database/gtdb-rs214-reps.k51.zip,"GCF_001517625.2 Clostridium sp. AT4 strain=AT5, Clostridium bouchedurhonense",cc83538e580742ca11ee9ed5266d8f53,0.025386635541289757,77000,22,1294000,ERR1293484.fastq.gz,ERR1293484,549a1194,14073000,51,DNA,1000,14073,True,0.9050839714111534,0.9305029364559417,0.9177934539335475,0.9305029364559417,False,80,8118,17973,d__Bacteria;p__Bacillota_A;c__Clostridia;o__Lachnospirales;f__Lachnospiraceae;g__Enterocloster;s__Enterocloster sp001517625
85000,0.006039934626589924,0.02236024844720497,0.005116179918993818,0.004172926055750292,1.0416666666666667,1.0,0.19982631347136331,/tmp/nxf.XXXXQKlgBG/sourmash_database/gtdb-rs214-reps.k51.zip,"GCF_020687205.1 Hominisplanchenecus faecis strain=CLA-AA-H246, ASM2068720v1",0a411542971e35712722644c0bed8e6b,0.026397515527950312,72000,23,1222000,ERR1293484.fastq.gz,ERR1293484,549a1194,14073000,51,DNA,1000,14073,True,0.9046713319120253,0.9312156282271205,0.9179434800695729,0.9312156282271205,False,75,8193,17973,d__Bacteria;p__Bacillota_A;c__Clostridia;o__Lachnospirales;f__Lachnospiraceae;g__Hominisplanchenecus;s__Hominisplanchenecus faecis
71000,0.0050451218645633485,0.02626641651031895,0.004974063810132878,0.004117287041673622,1.0571428571428572,1.0,0.23211538298959888,/tmp/nxf.XXXXQKlgBG/sourmash_database/gtdb-rs214-reps.k51.zip,"GCA_014385265.1 Lachnospiraceae bacterium BX10 strain=BX10, ASM1438526v1",617726c9ccfa69a4c6423d5273792dad,0.026641651031894933,70000,24,1152000,ERR1293484.fastq.gz,ERR1293484,549a1194,14073000,51,DNA,1000,14073,True,0.9014845081794752,0.9313837355342306,0.9164341218568529,0.9313837355342306,False,74,8267,17973,d__Bacteria;p__Bacillota_A;c__Clostridia;o__Lachnospirales;f__Lachnospiraceae;g__Copromonas;s__Copromonas sp000435795
64000,0.00454771548355006,0.020601700457815567,0.004476657429119591,0.0036165359149835864,1.0317460317460319,1.0,0.17532319074900413,/tmp/nxf.XXXXQKlgBG/sourmash_database/gtdb-rs214-reps.k51.zip,"GCA_900541315.1 uncultured Clostridium sp., UMGS337",63826511efb45821f982543d6789e3bb,0.020928711576193592,63000,25,1089000,ERR1293484.fastq.gz,ERR1293484,549a1194,14073000,51,DNA,1000,14073,True,0.8996516445216101,0.9269864419262214,0.9133190432239158,0.9269864419262214,False,65,8332,17973,d__Bacteria;p__Bacillota_A;c__Clostridia;o__Lachnospirales;f__Lachnospiraceae;g__Enterocloster;s__Enterocloster sp900541315
67000,0.004760889646841469,0.01726577979054628,0.004334541320258651,0.0035052578868302454,1.0327868852459017,1.0,0.17807836870820026,/tmp/nxf.XXXXQKlgBG/sourmash_database/gtdb-rs214-reps.k51.zip,"GCA_003573975.1 Clostridiales bacterium CCNA10 strain=CCNA10, ASM357397v1",00fa92bb3e4b24b2703f629c0d80feb8,0.018964053212567222,61000,26,1028000,ERR1293484.fastq.gz,ERR1293484,549a1194,14073000,51,DNA,1000,14073,True,0.9004600982294103,0.9251964216943168,0.9128282599618636,0.9251964216943168,False,63,8395,17973,d__Bacteria;p__Bacillota_A;c__Clostridia;o__Oscillospirales;f__Oscillospiraceae;g__Lawsonibacter;s__Lawsonibacter sp900066825
719000,0.05109074113550771,0.015101938082053864,0.004263483265828182,0.005675179435820397,1.7,1.0,1.2948616399703354,/tmp/nxf.XXXXQKlgBG/sourmash_database/gtdb-rs214-reps.k51.zip,"GCA_900760795.1 Bacteroidaceae bacterium, SRS021948_34",d1db19c7390bdd0d48d0186cf7ff78fb,0.18097155801661213,60000,27,968000,ERR1293484.fastq.gz,ERR1293484,549a1194,14073000,51,DNA,1000,14073,True,0.9433511354662183,0.9670375537357643,0.9551943446009913,0.9670375537357643,False,102,8497,17973,d__Bacteria;p__Bacteroidota;c__Bacteroidia;o__Bacteroidales;f__Bacteroidaceae;g__Phocaeicola;s__Phocaeicola sp900760795
62000,0.004405599374689121,0.016651528913109295,0.003908192993675833,0.003171423802370222,1.0363636363636364,1.0,0.18719327529067276,/tmp/nxf.XXXXQKlgBG/sourmash_database/gtdb-rs214-reps.k51.zip,"GCF_000173975.1 Anaerobutyricum hallii DSM 3353 strain=DSM 3353, ASM17397v1",8fce16b2b7ed2405807ddf248dc6febb,0.018770814411141385,55000,28,913000,ERR1293484.fastq.gz,ERR1293484,549a1194,14073000,51,DNA,1000,14073,True,0.8990917645216613,0.9250106389143948,0.912051201718028,0.9250106389143948,False,57,8554,17973,d__Bacteria;p__Bacillota_A;c__Clostridia;o__Lachnospirales;f__Lachnospiraceae;g__Anaerobutyricum;s__Anaerobutyricum hallii
61000,0.004334541320258651,0.016906700062617408,0.0038371349392453636,0.003060145774216881,1.0185185185185186,1.0,0.13481684980149108,/tmp/nxf.XXXXQKlgBG/sourmash_database/gtdb-rs214-reps.k51.zip,"GCA_000154345.1 [Clostridium] leptum DSM 753 strain=DSM 753, ASM15434v1",4168e6f0bd13abfda2f7edf9bd1ed5a9,0.019098309329993738,54000,29,859000,ERR1293484.fastq.gz,ERR1293484,549a1194,14073000,51,DNA,1000,14073,True,0.8988051494231627,0.9253244081299469,0.9120647787765548,0.9253244081299469,False,55,8609,17973,d__Bacteria;p__Bacillota_A;c__Clostridia;o__Oscillospirales;f__Acutalibacteraceae;g__Clostridium_A;s__Clostridium_A leptum
524000,0.03723442052156612,0.007911628601283773,0.003766076884814894,0.003839091971290269,1.3018867924528301,1.0,0.5691737029810701,/tmp/nxf.XXXXQKlgBG/sourmash_database/gtdb-rs214-reps.k51.zip,"GCF_014334015.1 Bacteroides sp. M10 strain=M10, ASM1433401v1",e43d5d90afd8ffb683d480ea8b36d926,0.07822062994476787,53000,30,806000,ERR1293484.fastq.gz,ERR1293484,549a1194,14073000,51,DNA,1000,14073,True,0.9375173331628166,0.9512625902301699,0.9443899616964933,0.9512625902301699,False,69,8678,17973,d__Bacteria;p__Bacteroidota;c__Bacteroidia;o__Bacteroidales;f__Bacteroidaceae;g__Bacteroides;s__Bacteroides intestinigallinarum
