intersect_bp,f_orig_query,f_match,f_unique_to_query,f_unique_weighted,average_abund,median_abund,std_abund,filename,name,md5,f_match_orig,unique_intersect_bp,gather_result_rank,remaining_bp,query_filename,query_name,query_md5,query_bp,ksize,moltype,scaled,query_n_hashes,query_abundance,query_containment_ani,match_containment_ani,average_containment_ani,max_containment_ani,potential_false_negative,n_unique_weighted_found,sum_weighted_found,total_weighted_hashes,lineage
824000,0.06440015631105901,0.22806531967893717,0.06440015631105901,0.10280794191351282,1.941747572815534,1.0,1.9481145613252593,/tmp/nxf.XXXXyOGOXK/sourmash_database/gtdb-rs214-reps.k51.zip,"GCF_002265625.1 Prevotella sp. 885 strain=885, ASM226562v1",6f27695917a933cec0a9bc03e9acdf60,0.22806531967893717,824000,0,2910000,ERR1293088.fastq.gz,ERR1293088,b2bb8735,12795000,51,DNA,1000,12795,True,0.9476431803824045,0.9714331653308185,0.9595381728566115,0.9714331653308185,False,1600,1600,15563,d__Bacteria;p__Bacteroidota;c__Bacteroidia;o__Bacteroidales;f__Bacteroidaceae;g__Prevotella;s__Prevotella sp002265625
248000,0.01938257131692067,0.04862204724409449,0.01930441578741696,0.017670115016385015,1.1133603238866396,1.0,0.4796503067083364,/tmp/nxf.XXXXyOGOXK/sourmash_database/gtdb-rs214-reps.k51.zip,"GCF_000012825.1 Bacteroides vulgatus ATCC 8482 strain=ATCC 8482, ASM1282v1",63b92dc09e7b5ffbd878d8e5fce5cfec,0.048818897637795275,247000,1,2663000,ERR1293088.fastq.gz,ERR1293088,b2bb8735,12795000,51,DNA,1000,12795,True,0.9255925091278652,0.9425101559219046,0.9340513325248849,0.9425101559219046,False,275,1875,15563,d__Bacteria;p__Bacteroidota;c__Bacteroidia;o__Bacteroidales;f__Bacteroidaceae;g__Phocaeicola;s__Phocaeicola vulgatus
247000,0.01930441578741696,0.05375164545853445,0.019148104728409537,0.017348840197905287,1.1020408163265305,1.0,0.3639296836760614,/tmp/nxf.XXXXyOGOXK/sourmash_database/gtdb-rs214-reps.k51.zip,"GCF_002222615.2 Bacteroides caccae strain=ATCC 43185, ASM222261v2",d7e7663bc3ede65000c2f57952616ae4,0.054190434401053096,245000,2,2418000,ERR1293088.fastq.gz,ERR1293088,b2bb8735,12795000,51,DNA,1000,12795,True,0.9255191831540255,0.9444412635731293,0.9349802233635773,0.9444412635731293,False,270,2145,15563,d__Bacteria;p__Bacteroidota;c__Bacteroidia;o__Bacteroidales;f__Bacteroidaceae;g__Bacteroides;s__Bacteroides caccae
195000,0.015240328253223915,0.09672619047619048,0.015240328253223915,0.01432885690419585,1.1435897435897435,1.0,0.3787935448742439,/tmp/nxf.XXXXyOGOXK/sourmash_database/gtdb-rs214-reps.k51.zip,"GCA_900545495.1 uncultured Clostridiales bacterium, UMGS785",8a5206463096ec0f2c1ea5850680a793,0.09672619047619048,195000,3,2223000,ERR1293088.fastq.gz,ERR1293088,b2bb8735,12795000,51,DNA,1000,12795,True,0.9212392597214697,0.9552316585291735,0.9382354591253216,0.9552316585291735,False,223,2368,15563,d__Bacteria;p__Bacillota_A;c__Clostridia;o__Oscillospirales;f__Oscillospiraceae;g__Vescimonas;s__Vescimonas sp900545495
181000,0.014146150840171942,0.06317626527050611,0.014146150840171942,0.012915247702885048,1.1104972375690607,1.0,0.40569192819195177,/tmp/nxf.XXXXyOGOXK/sourmash_database/gtdb-rs214-reps.k51.zip,"GCF_003287455.1 Faecalibacterium prausnitzii strain=APC922/41-1, ASM328745v1",5119c8b56a74125fb9f68b12c2037b01,0.06317626527050611,181000,4,2042000,ERR1293088.fastq.gz,ERR1293088,b2bb8735,12795000,51,DNA,1000,12795,True,0.9198944647099997,0.94728672216509,0.9335905934375448,0.94728672216509,False,201,2569,15563,d__Bacteria;p__Bacillota_A;c__Clostridia;o__Oscillospirales;f__Ruminococcaceae;g__Faecalibacterium;s__Faecalibacterium hattorii
183000,0.014302461899179367,0.03906591008293322,0.013989839781164517,0.012915247702885048,1.1229050279329609,1.0,0.431290705376956,/tmp/nxf.XXXXyOGOXK/sourmash_database/gtdb-rs214-reps.k51.zip,"GCA_025147485.1 Bacteroides uniformis strain=ATCC 8492, ASM2514748v1",177d80c9d0f18e5195e47e20bdf54706,0.03993889131383675,179000,5,1863000,ERR1293088.fastq.gz,ERR1293088,b2bb8735,12795000,51,DNA,1000,12795,True,0.9200926984605428,0.9388071580109113,0.929449928235727,0.9388071580109113,False,201,2770,15563,d__Bacteria;p__Bacteroidota;c__Bacteroidia;o__Bacteroidales;f__Bacteroidaceae;g__Bacteroides;s__Bacteroides uniformis
174000,0.013599062133645956,0.06062717770034843,0.013599062133645956,0.011565893465270193,1.0344827586206897,1.0,0.18246560765962697,/tmp/nxf.XXXXyOGOXK/sourmash_database/gtdb-rs214-reps.k51.zip,"GCA_000433355.1 Alistipes sp. CAG:435, MGS435",c5602f286afdfb9c0d45a72ae91e685d,0.06062717770034843,174000,6,1689000,ERR1293088.fastq.gz,ERR1293088,b2bb8735,12795000,51,DNA,1000,12795,True,0.9191833234381731,0.9465220428577702,0.9328526831479717,0.9465220428577702,False,180,2950,15563,d__Bacteria;p__Bacteroidota;c__Bacteroidia;o__Bacteroidales;f__UBA932;g__Cryptobacteroides;s__Cryptobacteroides sp000433355
154000,0.012035951543571708,0.04829742876997915,0.010863618601016022,0.009188459808520209,1.0287769784172662,1.0,0.16717913724636332,/tmp/nxf.XXXXyOGOXK/sourmash_database/gtdb-rs214-reps.k51.zip,"GCF_020687245.1 Faecalibacterium longum CLA-AA-H243 strain=CLA-AA-H243, ASM2068724v1",e1ff3e2f54ab82a776eb959bb6aa8673,0.05350938151494093,139000,7,1550000,ERR1293088.fastq.gz,ERR1293088,b2bb8735,12795000,51,DNA,1000,12795,True,0.916985274120049,0.9442070820696377,0.9305961780948433,0.9442070820696377,False,143,3093,15563,d__Bacteria;p__Bacillota_A;c__Clostridia;o__Oscillospirales;f__Ruminococcaceae;g__Faecalibacterium;s__Faecalibacterium longum
132000,0.010316529894490035,0.040771864301276065,0.010238374364986322,0.009124204844824263,1.083969465648855,1.0,0.30362109620383726,/tmp/nxf.XXXXyOGOXK/sourmash_database/gtdb-rs214-reps.k51.zip,"GCF_001404675.1 Coprococcus eutactus strain=2789STDY5834963, 14207_7#86",6309e330103cdd129eb9c6193ed4268b,0.04108309990662932,131000,8,1419000,ERR1293088.fastq.gz,ERR1293088,b2bb8735,12795000,51,DNA,1000,12795,True,0.9142178134735081,0.939327258965061,0.9267725362192845,0.939327258965061,False,142,3235,15563,d__Bacteria;p__Bacillota_A;c__Clostridia;o__Lachnospirales;f__Lachnospiraceae;g__Coprococcus;s__Coprococcus eutactus_A
115000,0.008987885892926924,0.03731859018659295,0.008440797186400938,0.0071965559339458975,1.037037037037037,1.0,0.18885257457751053,/tmp/nxf.XXXXyOGOXK/sourmash_database/gtdb-rs214-reps.k51.zip,"GCA_900112995.1 Lactobacillus rogosae strain=ATCC 27753, IMG-taxon 2597490368 annotated assembly",ed1efb2cfdd72a79a58a29bdfe7eb6ab,0.03973738769868694,108000,9,1311000,ERR1293088.fastq.gz,ERR1293088,b2bb8735,12795000,51,DNA,1000,12795,True,0.9117497192119727,0.9387140537836086,0.9252318864977906,0.9387140537836086,False,112,3347,15563,d__Bacteria;p__Bacillota_A;c__Clostridia;o__Lachnospirales;f__Lachnospiraceae;g__Lachnospira;s__Lachnospira rogosae
107000,0.008362641656897225,0.038692712246431255,0.008050019538882376,0.007839105570905353,1.1844660194174756,1.0,0.6192317949165814,/tmp/nxf.XXXXyOGOXK/sourmash_database/gtdb-rs214-reps.k51.zip,"GCA_022009975.1 Phocaeicola vulgatus, ASM2200997v1",dba93bdfe7eb472a4f122248b63f06b4,0.04019534184823441,103000,10,1208000,ERR1293088.fastq.gz,ERR1293088,b2bb8735,12795000,51,DNA,1000,12795,True,0.9104616072811913,0.938924986543736,0.9246932969124637,0.938924986543736,False,122,3469,15563,d__Bacteria;p__Bacteroidota;c__Bacteroidia;o__Bacteroidales;f__Tannerellaceae;g__Parabacteroides;s__Parabacteroides sp900549585
91000,0.007112153184837827,0.026871980676328504,0.006955842125830403,0.006104221551114824,1.0674157303370786,1.0,0.32835144261129123,/tmp/nxf.XXXXyOGOXK/sourmash_database/gtdb-rs214-reps.k51.zip,"GCF_001406815.1 Roseburia faecis strain=M72, M72",a0f3a6070b93943510064cfd96143d45,0.02747584541062802,89000,11,1119000,ERR1293088.fastq.gz,ERR1293088,b2bb8735,12795000,51,DNA,1000,12795,True,0.9075746869943143,0.9319469628535824,0.9197608249239484,0.9319469628535824,False,95,3564,15563,d__Bacteria;p__Bacillota_A;c__Clostridia;o__Lachnospirales;f__Lachnospiraceae;g__Agathobacter;s__Agathobacter faecis
99000,0.007737397420867527,0.019970414201183433,0.006330597889800703,0.005461671914155368,1.0493827160493827,1.0,0.2166657873430154,/tmp/nxf.XXXXyOGOXK/sourmash_database/gtdb-rs214-reps.k51.zip,"GCF_000174195.1 Roseburia inulinivorans DSM 16841 strain=DSM 16841, ASM17419v1",e3692c21f5a57009b8f3ea43032066c2,0.02440828402366864,81000,12,1038000,ERR1293088.fastq.gz,ERR1293088,b2bb8735,12795000,51,DNA,1000,12795,True,0.9090753882173662,0.9297861727165145,0.9194307804669404,0.9297861727165145,False,85,3649,15563,d__Bacteria;p__Bacillota_A;c__Clostridia;o__Lachnospirales;f__Lachnospiraceae;g__Roseburia;s__Roseburia inulinivorans
112000,0.008753419304415788,0.028368794326241134,0.0062524423602969914,0.005718691768939151,1.1125,1.0,0.4470388685561916,/tmp/nxf.XXXXyOGOXK/sourmash_database/gtdb-rs214-reps.k51.zip,"GCF_023347275.1 Faecalibacterium sp. I3389 strain=I3389, ASM2334727v1",105d513d0b8d24a4f97fa1ab6cc3e404,0.03971631205673759,80000,13,958000,ERR1293088.fastq.gz,ERR1293088,b2bb8735,12795000,51,DNA,1000,12795,True,0.911277282542357,0.9387042891134523,0.9249907858279046,0.9387042891134523,False,89,3738,15563,d__Bacteria;p__Bacillota_A;c__Clostridia;o__Oscillospirales;f__Ruminococcaceae;g__Faecalibacterium;s__Faecalibacterium sp900758465
71000,0.005549042594763579,0.03537618335824614,0.005549042594763579,0.004754867313499968,1.0422535211267605,1.0,0.2011669979871225,/tmp/nxf.XXXXyOGOXK/sourmash_database/gtdb-rs214-reps.k51.zip,"GCA_003522105.1 Oscillibacter sp., ASM352210v1",3a0c55ad38bb72b6562163e2580de420,0.03537618335824614,71000,14,887000,ERR1293088.fastq.gz,ERR1293088,b2bb8735,12795000,51,DNA,1000,12795,True,0.9031689145502737,0.9365767069028003,0.919872810726537,0.9365767069028003,False,74,3812,15563,d__Bacteria;p__Bacillota_A;c__Clostridia;o__Oscillospirales;f__Oscillospiraceae;g__ER4;s__ER4 sp003522105
69000,0.005392731535756155,0.025480059084194977,0.005392731535756155,0.0045621024224121315,1.0289855072463767,1.0,0.1677657522143511,/tmp/nxf.XXXXyOGOXK/sourmash_database/gtdb-rs214-reps.k51.zip,"GCA_000434935.1 Bacteroides sp. CAG:709, MGS709",402ef3bcc9b348a1306a17f4ae68b4a5,0.025480059084194977,69000,15,818000,ERR1293088.fastq.gz,ERR1293088,b2bb8735,12795000,51,DNA,1000,12795,True,0.9026630448659789,0.9305699583213695,0.9166165015936742,0.9305699583213695,False,71,3883,15563,d__Bacteria;p__Bacteroidota;c__Bacteroidia;o__Bacteroidales;f__UBA932;g__Cryptobacteroides;s__Cryptobacteroides sp000434935
65000,0.005080109417741305,0.02577319587628866,0.005080109417741305,0.004240827603932404,1.0153846153846153,1.0,0.12307692307692307,/tmp/nxf.XXXXyOGOXK/sourmash_database/gtdb-rs214-reps.k51.zip,"GCF_000297775.1 Sutterella wadsworthensis 2_1_59BFAA strain=2_1_59BFAA, Sutt_wads_2_1_59BFAA_V1",3734ccb9f3bdf4dec767943ba7d441a9,0.02577319587628866,65000,16,753000,ERR1293088.fastq.gz,ERR1293088,b2bb8735,12795000,51,DNA,1000,12795,True,0.9016066762911653,0.9307787009594554,0.9161926886253103,0.9307787009594554,False,66,3949,15563,d__Bacteria;p__Pseudomonadota;c__Gammaproteobacteria;o__Burkholderiales;f__Burkholderiaceae_A;g__Sutterella;s__Sutterella wadsworthensis_A
76000,0.005939820242282142,0.015396264512872286,0.004767487299726455,0.003919552785452677,1.0,1.0,0.0,/tmp/nxf.XXXXyOGOXK/sourmash_database/gtdb-rs214-reps.k51.zip,"GCA_003584705.1 Lachnospiraceae bacterium GAM79 strain=GAM79, ASM358470v1",70a12b75803f82aa8bff2c80aad9821b,0.019182231196365473,61000,17,692000,ERR1293088.fastq.gz,ERR1293088,b2bb8735,12795000,51,DNA,1000,12795,True,0.9043748909981397,0.9254039636418304,0.914889427319985,0.9254039636418304,False,61,4010,15563,d__Bacteria;p__Bacillota_A;c__Clostridia;o__Lachnospirales;f__Lachnospiraceae;g__Acetatifactor;s__Acetatifactor sp900066565
72000,0.005627198124267292,0.018791105543376135,0.004689331770222743,0.004176572640236458,1.0833333333333333,1.0,0.4199867722784718,/tmp/nxf.XXXXyOGOXK/sourmash_database/gtdb-rs214-reps.k51.zip,"GCF_900167555.1 Gemmiger formicilis strain=ATCC 27749, IMG-taxon 2590828806 annotated assembly",316f66857e7940a11e48de3faf3d397d,0.022549326652051362,60000,18,632000,ERR1293088.fastq.gz,ERR1293088,b2bb8735,12795000,51,DNA,1000,12795,True,0.9034166335940585,0.9283430737132078,0.9158798536536332,0.9283430737132078,False,65,4075,15563,d__Bacteria;p__Bacillota_A;c__Clostridia;o__Oscillospirales;f__Ruminococcaceae;g__Gemmiger;s__Gemmiger formicilis
60000,0.004689331770222743,0.020789288231148697,0.0046111762407190305,0.003919552785452677,1.0338983050847457,1.0,0.1809674280005307,/tmp/nxf.XXXXyOGOXK/sourmash_database/gtdb-rs214-reps.k51.zip,"GCF_000723465.1 Ruminococcus bicirculans strain=80/3, Rb803",70a947f02b8a53314791d97d0ad7467e,0.021141649048625793,59000,19,573000,ERR1293088.fastq.gz,ERR1293088,b2bb8735,12795000,51,DNA,1000,12795,True,0.9001927461455528,0.9271704580476597,0.9136816020966063,0.9271704580476597,False,61,4136,15563,d__Bacteria;p__Bacillota_A;c__Clostridia;o__Oscillospirales;f__Ruminococcaceae;g__Ruminococcus_D;s__Ruminococcus_D bicirculans
67000,0.00523642047674873,0.014434033932641175,0.004454865181711606,0.0038552978217567305,1.0526315789473684,1.0,0.2914604864181781,/tmp/nxf.XXXXyOGOXK/sourmash_database/gtdb-rs214-reps.k51.zip,"GCA_025147325.1 Bacteroides stercoris ATCC 43183 strain=ATCC 43183, ASM2514732v1",457cfca025715f640ca0a2d4865521d7,0.016966320587490504,57000,20,516000,ERR1293088.fastq.gz,ERR1293088,b2bb8735,12795000,51,DNA,1000,12795,True,0.9021425905100269,0.9231792463849748,0.9126609184475009,0.9231792463849748,False,60,4196,15563,d__Bacteria;p__Bacteroidota;c__Bacteroidia;o__Bacteroidales;f__Bacteroidaceae;g__Bacteroides;s__Bacteroides stercoris
62000,0.004845642829230168,0.015600624024960999,0.003907776475185619,0.0032770031484932213,1.02,1.0,0.13999999999999999,/tmp/nxf.XXXXyOGOXK/sourmash_database/gtdb-rs214-reps.k51.zip,"GCA_000020605.1 [Eubacterium] rectale ATCC 33656 strain=ATCC 33656, ASM2060v1",bb4d1c2199066ffc1226ec8433ce5698,0.019344773790951637,50000,21,466000,ERR1293088.fastq.gz,ERR1293088,b2bb8735,12795000,51,DNA,1000,12795,True,0.9007717000972054,0.9255570835350903,0.9131643918161478,0.9255570835350903,False,51,4247,15563,d__Bacteria;p__Bacillota_A;c__Clostridia;o__Lachnospirales;f__Lachnospiraceae;g__Agathobacter;s__Agathobacter rectalis
