intersect_bp,f_orig_query,f_match,f_unique_to_query,f_unique_weighted,average_abund,median_abund,std_abund,filename,name,md5,f_match_orig,unique_intersect_bp,gather_result_rank,remaining_bp,query_filename,query_name,query_md5,query_bp,ksize,moltype,scaled,query_n_hashes,query_abundance,query_containment_ani,match_containment_ani,average_containment_ani,max_containment_ani,potential_false_negative,n_unique_weighted_found,sum_weighted_found,total_weighted_hashes,lineage
1674000,0.10034768013427646,0.8059701492537313,0.10034768013427646,0.1836471022517534,3.5663082437275984,3.0,2.1066458793020506,/tmp/nxf.XXXXDvU5Kq/sourmash_database/gtdb-rs214-reps.k51.zip,"GCF_004843545.1 Streptococcus pasteurianus strain=WUSP067, ASM484354v1",6736e580373f561321cc539b496daf3e,0.8059701492537313,1674000,0,4734000,ERR1293558_2.fastq.gz,ERR1293558,38038625,16682000,51,DNA,1000,16682,True,0.955920361782433,0.9957793522161336,0.9758498569992833,0.9957793522161336,False,5970,5970,32508,d__Bacteria;p__Bacillota;c__Bacilli;o__Lactobacillales;f__Streptococcaceae;g__Streptococcus;s__Streptococcus pasteurianus
1424000,0.08536146744994605,0.28901968743657397,0.08536146744994605,0.1105881629137443,2.524578651685393,2.0,1.7877430193863084,/tmp/nxf.XXXXDvU5Kq/sourmash_database/gtdb-rs214-reps.k51.zip,"GCF_003697165.2 Escherichia coli DSM 30083 = JCM 1649 = ATCC 11775 strain=ATCC 11775, ASM369716v2",84efa859553c7c5d22f6f6377fa345fd,0.28901968743657397,1424000,1,3310000,ERR1293558_2.fastq.gz,ERR1293558,38038625,16682000,51,DNA,1000,16682,True,0.9528934691671145,0.9759553509436335,0.964424410055374,0.9759553509436335,False,3595,9565,32508,d__Bacteria;p__Pseudomonadota;c__Gammaproteobacteria;o__Enterobacterales;f__Enterobacteriaceae;g__Escherichia;s__Escherichia coli
871000,0.05221196499220717,0.344964314036479,0.05215202014146985,0.04198966408268734,1.5689655172413792,1.0,1.2031386487044384,/tmp/nxf.XXXXDvU5Kq/sourmash_database/gtdb-rs214-reps.k51.zip,"GCF_000297775.1 Sutterella wadsworthensis 2_1_59BFAA strain=2_1_59BFAA, Sutt_wads_2_1_59BFAA_V1",3734ccb9f3bdf4dec767943ba7d441a9,0.34536082474226804,870000,2,2440000,ERR1293558_2.fastq.gz,ERR1293558,38038625,16682000,51,DNA,1000,16682,True,0.9437527628491007,0.979369400675494,0.9615610817622974,0.979369400675494,False,1365,10930,32508,d__Bacteria;p__Pseudomonadota;c__Gammaproteobacteria;o__Burkholderiales;f__Burkholderiaceae_A;g__Sutterella;s__Sutterella wadsworthensis_A
469000,0.028114134995803862,0.17704794261985654,0.028114134995803862,0.0187646117878676,1.300639658848614,1.0,0.6795988533668507,/tmp/nxf.XXXXDvU5Kq/sourmash_database/gtdb-rs214-reps.k51.zip,"GCF_024499055.1 Turicibacter bilis strain=MMM721, ASM2449905v1",645f6a8878cea29f494b6aad2d08782e,0.17704794261985654,469000,3,1971000,ERR1293558_2.fastq.gz,ERR1293558,38038625,16682000,51,DNA,1000,16682,True,0.9323667113271534,0.9666220193476833,0.9494943653374184,0.9666220193476833,False,610,11540,32508,d__Bacteria;p__Bacillota;c__Bacilli;o__Haloplasmatales;f__Turicibacteraceae;g__Turicibacter;s__Turicibacter bilis
312000,0.01870279343004436,0.11813706929193488,0.01870279343004436,0.011104958779377384,1.1570512820512822,1.0,0.44327050540262075,/tmp/nxf.XXXXDvU5Kq/sourmash_database/gtdb-rs214-reps.k51.zip,"GCF_014287815.1 Clostridium sp. NSJ-42 strain=NSJ-42, ASM1428781v1",4cfb116aa26e3a8a0530598916e724e4,0.11813706929193488,312000,4,1659000,ERR1293558_2.fastq.gz,ERR1293558,38038625,16682000,51,DNA,1000,16682,True,0.9249447960143322,0.9589842929223491,0.9419645444683407,0.9589842929223491,False,361,11901,32508,d__Bacteria;p__Bacillota_A;c__Clostridia;o__Clostridiales;f__Clostridiaceae;g__Clostridium;s__Clostridium sp001916075
515000,0.030871598129720658,0.03976784178847807,0.011089797386404508,0.015073212747631352,2.6486486486486487,2.0,1.6277362196856566,/tmp/nxf.XXXXDvU5Kq/sourmash_database/gtdb-rs214-reps.k51.zip,"GCF_004211955.1 Escherichia sp. E1V33 strain=E1V33, ASM421195v1",e9fb153d1248b2562fc0e641351fabc1,0.11070507308684437,185000,5,1474000,ERR1293558_2.fastq.gz,ERR1293558,38038625,16682000,51,DNA,1000,16682,True,0.9340787927481303,0.9577632893897977,0.945921041068964,0.9577632893897977,False,490,12391,32508,d__Bacteria;p__Pseudomonadota;c__Gammaproteobacteria;o__Enterobacterales;f__Enterobacteriaceae;g__Escherichia;s__Escherichia sp004211955
524000,0.03141110178635655,0.029641185647425898,0.007972665148063782,0.009936015749969239,2.4285714285714284,2.0,1.6465307081003706,/tmp/nxf.XXXXDvU5Kq/sourmash_database/gtdb-rs214-reps.k51.zip,"GCF_002965065.1 Escherichia sp. MOD1-EC7003 strain=MOD1-EC7003, ASM296506v1",10464a15002925b3d236f1c4c1df1115,0.11678181412970805,133000,6,1341000,ERR1293558_2.fastq.gz,ERR1293558,38038625,16682000,51,DNA,1000,16682,True,0.934396154747377,0.9587673576618789,0.9465817562046279,0.9587673576618789,False,323,12714,32508,d__Bacteria;p__Pseudomonadota;c__Gammaproteobacteria;o__Enterobacterales;f__Enterobacteriaceae;g__Escherichia;s__Escherichia sp002965065
122000,0.007313271789953243,0.02575107296137339,0.007193382088478599,0.003937492309585333,1.0666666666666667,1.0,0.4027681991198191,/tmp/nxf.XXXXDvU5Kq/sourmash_database/gtdb-rs214-reps.k51.zip,"GCF_006742065.1 Clostridium butyricum strain=NBRC 13949, ASM674206v1",5b73ceae277dc72e6f46b505040e5232,0.026180257510729613,120000,7,1221000,ERR1293558_2.fastq.gz,ERR1293558,38038625,16682000,51,DNA,1000,16682,True,0.9080710651994658,0.9310647415187281,0.9195679033590969,0.9310647415187281,False,128,12842,32508,d__Bacteria;p__Bacillota_A;c__Clostridia;o__Clostridiales;f__Clostridiaceae;g__Clostridium;s__Clostridium butyricum
109000,0.006533988730368061,0.05184829572731637,0.006474043879630739,0.0036606373815676143,1.1018518518518519,1.0,0.35849001264085073,/tmp/nxf.XXXXDvU5Kq/sourmash_database/gtdb-rs214-reps.k51.zip,"GCF_013393365.1 Veillonella sp. T1-7 strain=T1-7, ASM1339336v1",4b6a1b85ff203e01624090a1d6023898,0.05232837253960634,108000,8,1113000,ERR1293558_2.fastq.gz,ERR1293558,38038625,16682000,51,DNA,1000,16682,True,0.9060670985231322,0.9437939749693698,0.924930536746251,0.9437939749693698,False,119,12961,32508,d__Bacteria;p__Bacillota_C;c__Negativicutes;o__Veillonellales;f__Veillonellaceae;g__Veillonella;s__Veillonella nakazawae
446000,0.02673540342884546,0.0243513882567137,0.006414099028893418,0.007874984619170666,2.392523364485981,2.0,1.3378529971478426,/tmp/nxf.XXXXDvU5Kq/sourmash_database/gtdb-rs214-reps.k51.zip,"GCA_021307345.1 Escherichia coli strain=E69, ASM2130734v1",16da23244605ebeb4b38a016ebcc0853,0.10150204824761037,107000,9,1006000,ERR1293558_2.fastq.gz,ERR1293558,38038625,16682000,51,DNA,1000,16682,True,0.9314478907025574,0.9561347747861978,0.9437913327443777,0.9561347747861978,False,256,13217,32508,d__Bacteria;p__Pseudomonadota;c__Gammaproteobacteria;o__Enterobacterales;f__Enterobacteriaceae;g__Escherichia;s__Escherichia ruysiae
102000,0.00611437477520681,0.04635441815548044,0.0057547056707828795,0.003137689184200812,1.0625,1.0,0.24206145913796356,/tmp/nxf.XXXXDvU5Kq/sourmash_database/gtdb-rs214-reps.k51.zip,"GCF_000963275.1 Streptococcus parasanguinis strain=MGH413, ASM96327v1",c0a3db73b711a800189014f85154b8b6,0.04925156929019797,96000,10,910000,ERR1293558_2.fastq.gz,ERR1293558,38038625,16682000,51,DNA,1000,16682,True,0.9048886446472283,0.9426732380782676,0.923780941362748,0.9426732380782676,False,102,13319,32508,d__Bacteria;p__Bacillota;c__Bacilli;o__Lactobacillales;f__Streptococcaceae;g__Streptococcus;s__Streptococcus parasanguinis_B
421000,0.025236782160412422,0.019255455712451863,0.00539503656635895,0.006459948320413436,2.3333333333333335,2.0,1.3743685418725535,/tmp/nxf.XXXXDvU5Kq/sourmash_database/gtdb-rs214-reps.k51.zip,"GCF_000026225.1 Escherichia fergusonii ATCC 35469 strain=ATCC 35469T, ASM2622v1",7dbe6010890b58df30d52f7c51938181,0.09007274283269148,90000,11,820000,ERR1293558_2.fastq.gz,ERR1293558,38038625,16682000,51,DNA,1000,16682,True,0.9303949252755193,0.953897764789785,0.9421463450326522,0.953897764789785,False,210,13529,32508,d__Bacteria;p__Pseudomonadota;c__Gammaproteobacteria;o__Enterobacterales;f__Enterobacteriaceae;g__Escherichia;s__Escherichia fergusonii
142000,0.008512168804699675,0.02368045649072753,0.0049754226111976985,0.007475083056478406,2.927710843373494,2.0,6.017610966796853,/tmp/nxf.XXXXDvU5Kq/sourmash_database/gtdb-rs214-reps.k51.zip,"GCA_022728415.1 Collinsella sp., ASM2272841v1",f6aa1a5c3b6ba84a8235617fbaa0eb23,0.04051355206847361,83000,12,737000,ERR1293558_2.fastq.gz,ERR1293558,38038625,16682000,51,DNA,1000,16682,True,0.9107780458631367,0.939070170715055,0.9249241082890959,0.939070170715055,False,243,13772,32508,d__Bacteria;p__Actinomycetota;c__Coriobacteriia;o__Coriobacteriales;f__Coriobacteriaceae;g__Collinsella;s__Collinsella sp022728415
74000,0.004435918954561803,0.0340620233858668,0.004016304999400551,0.0021225544481358436,1.0298507462686568,1.0,0.17017543658196088,/tmp/nxf.XXXXDvU5Kq/sourmash_database/gtdb-rs214-reps.k51.zip,"GCF_002959915.1 Veillonella atypica KON strain=ATCC 17744, ASM295991v1",154e4b388ee290a12ac4205af985e5c8,0.03762074224707677,67000,13,670000,ERR1293558_2.fastq.gz,ERR1293558,38038625,16682000,51,DNA,1000,16682,True,0.899212682554004,0.9377070973715108,0.9184598899627574,0.9377070973715108,False,69,13841,32508,d__Bacteria;p__Bacillota_C;c__Negativicutes;o__Veillonellales;f__Veillonellaceae;g__Veillonella;s__Veillonella atypica
258000,0.015465771490228989,0.013440860215053764,0.0035966910442392997,0.004521963824289405,2.45,2.0,1.4074208089030564,/tmp/nxf.XXXXDvU5Kq/sourmash_database/gtdb-rs214-reps.k51.zip,"GCF_000759775.1 Escherichia albertii NBRC 107761 strain=NBRC 107761, ASM75977v1",ebd4d730f1342f1c3302b774331e9b52,0.05779569892473118,60000,14,610000,ERR1293558_2.fastq.gz,ERR1293558,38038625,16682000,51,DNA,1000,16682,True,0.9215045462152979,0.9456347900001665,0.9335696681077321,0.9456347900001665,False,147,13988,32508,d__Bacteria;p__Pseudomonadota;c__Gammaproteobacteria;o__Enterobacterales;f__Enterobacteriaceae;g__Escherichia;s__Escherichia albertii
