intersect_bp,f_orig_query,f_match,f_unique_to_query,f_unique_weighted,average_abund,median_abund,std_abund,filename,name,md5,f_match_orig,unique_intersect_bp,gather_result_rank,remaining_bp,query_filename,query_name,query_md5,query_bp,ksize,moltype,scaled,query_n_hashes,query_abundance,query_containment_ani,match_containment_ani,average_containment_ani,max_containment_ani,potential_false_negative,n_unique_weighted_found,sum_weighted_found,total_weighted_hashes,lineage
1299000,0.09792687523558236,0.38649211544183276,0.09792687523558236,0.16710998034000232,2.224788298691301,2.0,2.0547475615723787,/tmp/nxf.XXXXuLGEMf/sourmash_database/gtdb-rs214-reps.k51.zip,"GCF_009494135.1 Prevotella copri strain=iAK278, ASM949413v1",29c5ed357ad46138fbfbe389c1783ea0,0.38649211544183276,1299000,0,5329000,ERR1293084.fastq.gz,ERR1293084,202b7cb2,13265000,51,DNA,1000,13265,True,0.9554627555324482,0.9815325770547118,0.96849766629358,0.9815325770547118,False,2890,2890,17294,d__Bacteria;p__Bacteroidota;c__Bacteroidia;o__Bacteroidales;f__Bacteroidaceae;g__Prevotella;s__Prevotella copri_B
524000,0.03950245005653977,0.1031496062992126,0.03950245005653977,0.03492540765583439,1.1526717557251909,1.0,0.4046161585591292,/tmp/nxf.XXXXuLGEMf/sourmash_database/gtdb-rs214-reps.k51.zip,"GCF_000012825.1 Bacteroides vulgatus ATCC 8482 strain=ATCC 8482, ASM1282v1",63b92dc09e7b5ffbd878d8e5fce5cfec,0.1031496062992126,524000,1,4805000,ERR1293084.fastq.gz,ERR1293084,202b7cb2,13265000,51,DNA,1000,13265,True,0.9386049152303217,0.9564366881522555,0.9475208016912886,0.9564366881522555,False,604,3494,17294,d__Bacteria;p__Bacteroidota;c__Bacteroidia;o__Bacteroidales;f__Bacteroidaceae;g__Phocaeicola;s__Phocaeicola vulgatus
482000,0.036336223143611006,0.11074918566775244,0.035883905013192614,0.03180293743494854,1.1554621848739495,1.0,0.5155070081587374,/tmp/nxf.XXXXuLGEMf/sourmash_database/gtdb-rs214-reps.k51.zip,"GCA_025151215.1 Parabacteroides merdae ATCC 43184 strain=ATCC 43184, ASM2515121v1",04366d02afc93cbeed4bfc2d3a9aa9a9,0.11214518380642159,476000,2,4329000,ERR1293084.fastq.gz,ERR1293084,202b7cb2,13265000,51,DNA,1000,13265,True,0.9370685630079528,0.9580060408368785,0.9475373019224156,0.9580060408368785,False,550,4044,17294,d__Bacteria;p__Bacteroidota;c__Bacteroidia;o__Bacteroidales;f__Tannerellaceae;g__Parabacteroides;s__Parabacteroides merdae
337000,0.025405201658499812,0.052765821775864814,0.024952883528081417,0.020296056435758065,1.0604229607250755,1.0,0.2382688115181916,/tmp/nxf.XXXXuLGEMf/sourmash_database/gtdb-rs214-reps.k51.zip,"GCF_000011065.1 Bacteroides thetaiotaomicron VPI-5482 strain=VPI-5482, ASM1106v1",36e5cf9f0e4c0a0411f3300c5364f87f,0.05372230192890164,331000,3,3998000,ERR1293084.fastq.gz,ERR1293084,202b7cb2,13265000,51,DNA,1000,13265,True,0.9305162749827344,0.9442806076955722,0.9373984413391533,0.9442806076955722,False,351,4395,17294,d__Bacteria;p__Bacteroidota;c__Bacteroidia;o__Bacteroidales;f__Bacteroidaceae;g__Bacteroides;s__Bacteroides thetaiotaomicron
305000,0.022992838296268376,0.1016327890703099,0.022992838296268376,0.022493350294899964,1.2754098360655737,1.0,0.6600188118791762,/tmp/nxf.XXXXuLGEMf/sourmash_database/gtdb-rs214-reps.k51.zip,"GCF_003324185.1 Faecalibacterium prausnitzii strain=ATCC 27768, ASM332418v1",a294186b3cb8cdd319bb9d5fdcde1f5a,0.1016327890703099,305000,4,3693000,ERR1293084.fastq.gz,ERR1293084,202b7cb2,13265000,51,DNA,1000,13265,True,0.9286976880906235,0.9561589077842029,0.9424282979374132,0.9561589077842029,False,389,4784,17294,d__Bacteria;p__Bacillota_A;c__Clostridia;o__Oscillospirales;f__Ruminococcaceae;g__Faecalibacterium;s__Faecalibacterium prausnitzii
303000,0.02284206558612891,0.06179775280898876,0.022389747455710516,0.018966115415751127,1.1043771043771045,1.0,0.3470137625440558,/tmp/nxf.XXXXuLGEMf/sourmash_database/gtdb-rs214-reps.k51.zip,"GCF_000012845.1 Parabacteroides distasonis ATCC 8503 strain=ATCC 8503, ASM1284v1",85c74583c59734abc0e8f1a3e909b79d,0.06304619225967541,297000,5,3396000,ERR1293084.fastq.gz,ERR1293084,202b7cb2,13265000,51,DNA,1000,13265,True,0.9285778943419863,0.9472484411707934,0.9379131677563899,0.9472484411707934,False,328,5112,17294,d__Bacteria;p__Bacteroidota;c__Bacteroidia;o__Bacteroidales;f__Tannerellaceae;g__Parabacteroides;s__Parabacteroides distasonis
284000,0.021409724839803995,0.06089044085552161,0.021032793064455334,0.01717358621487221,1.064516129032258,1.0,0.2456701001891583,/tmp/nxf.XXXXuLGEMf/sourmash_database/gtdb-rs214-reps.k51.zip,"GCA_025147485.1 Bacteroides uniformis strain=ATCC 8492, ASM2514748v1",177d80c9d0f18e5195e47e20bdf54706,0.06198166739415103,279000,6,3117000,ERR1293084.fastq.gz,ERR1293084,202b7cb2,13265000,51,DNA,1000,13265,True,0.9273995568457067,0.9469322055965178,0.9371658812211123,0.9469322055965178,False,297,5409,17294,d__Bacteria;p__Bacteroidota;c__Bacteroidia;o__Bacteroidales;f__Bacteroidaceae;g__Bacteroides;s__Bacteroides uniformis
241000,0.018168111571805503,0.07561970505177283,0.018168111571805503,0.014513704174858333,1.04149377593361,1.0,0.19942929196179113,/tmp/nxf.XXXXuLGEMf/sourmash_database/gtdb-rs214-reps.k51.zip,"GCF_018847895.1 Akkermansia muciniphila strain=Akk0196, ASM1884789v1",442a6fcabd8680d9ec163fa382ba4ec9,0.07561970505177283,241000,7,2876000,ERR1293084.fastq.gz,ERR1293084,202b7cb2,13265000,51,DNA,1000,13265,True,0.9244189068304786,0.9506320464588266,0.9375254766446526,0.9506320464588266,False,251,5660,17294,d__Bacteria;p__Verrucomicrobiota;c__Verrucomicrobiae;o__Verrucomicrobiales;f__Akkermansiaceae;g__Akkermansia;s__Akkermansia sp001580195
610000,0.04598567659253675,0.05098462368492042,0.01424802110817942,0.022782467907944953,2.0846560846560847,2.0,1.6692765322083383,/tmp/nxf.XXXXuLGEMf/sourmash_database/gtdb-rs214-reps.k51.zip,"GCA_934191715.1 uncultured Prevotella sp., ERR7738153_bin.18",e49a79ea8e699dd2582485325f49b0cd,0.16455354734286484,189000,8,2687000,ERR1293084.fastq.gz,ERR1293084,202b7cb2,13265000,51,DNA,1000,13265,True,0.9414058946843641,0.9652359205071045,0.9533209075957343,0.9652359205071045,False,394,6054,17294,d__Bacteria;p__Bacteroidota;c__Bacteroidia;o__Bacteroidales;f__Bacteroidaceae;g__Prevotella;s__Prevotella sp934191715
164000,0.01236336223143611,0.05054602184087364,0.012212589521296646,0.010350410547010525,1.1049382716049383,1.0,0.3064738663532447,/tmp/nxf.XXXXuLGEMf/sourmash_database/gtdb-rs214-reps.k51.zip,"GCA_000020605.1 [Eubacterium] rectale ATCC 33656 strain=ATCC 33656, ASM2060v1",bb4d1c2199066ffc1226ec8433ce5698,0.05117004680187207,162000,9,2525000,ERR1293084.fastq.gz,ERR1293084,202b7cb2,13265000,51,DNA,1000,13265,True,0.9174679746453241,0.9433798257583997,0.9304239002018619,0.9433798257583997,False,179,6233,17294,d__Bacteria;p__Bacillota_A;c__Clostridia;o__Lachnospirales;f__Lachnospiraceae;g__Agathobacter;s__Agathobacter rectalis
133000,0.010026385224274407,0.04471101417666303,0.009272521673577082,0.007806175552214641,1.0975609756097562,1.0,0.3229597409112391,/tmp/nxf.XXXXuLGEMf/sourmash_database/gtdb-rs214-reps.k51.zip,"GCF_003287495.1 Faecalibacterium prausnitzii strain=APC923/61-1, ASM328749v1",e6bface39e3d16e80204535c16bd0cef,0.04834605597964377,123000,10,2402000,ERR1293084.fastq.gz,ERR1293084,202b7cb2,13265000,51,DNA,1000,13265,True,0.9137065804464068,0.9423303044772204,0.9280184424618136,0.9423303044772204,False,135,6368,17294,d__Bacteria;p__Bacillota_A;c__Clostridia;o__Oscillospirales;f__Ruminococcaceae;g__Faecalibacterium;s__Faecalibacterium prausnitzii_I
647000,0.04877497173011685,0.034353529044347283,0.008292499057670561,0.016017115762692262,2.518181818181818,2.0,2.314899637258279,/tmp/nxf.XXXXuLGEMf/sourmash_database/gtdb-rs214-reps.k51.zip,"GCA_025151535.1 Prevotella copri DSM 18205 strain=DSM 18205, ASM2515153v1",70d597ce0e2cee5b6ea444c78a111191,0.20206121174266084,110000,11,2292000,ERR1293084.fastq.gz,ERR1293084,202b7cb2,13265000,51,DNA,1000,13265,True,0.9424935202532314,0.9691299577433619,0.9558117389982966,0.9691299577433619,False,277,6645,17294,d__Bacteria;p__Bacteroidota;c__Bacteroidia;o__Bacteroidales;f__Bacteroidaceae;g__Prevotella;s__Prevotella copri
104000,0.007840180927252168,0.036325532658050996,0.007840180927252168,0.006418411009598704,1.0673076923076923,1.0,0.2505541196306804,/tmp/nxf.XXXXuLGEMf/sourmash_database/gtdb-rs214-reps.k51.zip,"GCA_025150745.1 Eubacterium ventriosum strain=ATCC 27560, ASM2515074v1",440e1bb1587f3739d335baca21132760,0.036325532658050996,104000,12,2188000,ERR1293084.fastq.gz,ERR1293084,202b7cb2,13265000,51,DNA,1000,13265,True,0.9093106469193387,0.9370631564422957,0.9231869016808172,0.9370631564422957,False,111,6756,17294,d__Bacteria;p__Bacillota_A;c__Clostridia;o__Lachnospirales;f__Lachnospiraceae;g__Eubacterium_G;s__Eubacterium_G ventriosum
113000,0.008518658122879759,0.015959095134800125,0.007764794572182435,0.006129293396553718,1.029126213592233,1.0,0.1681602725795026,/tmp/nxf.XXXXuLGEMf/sourmash_database/gtdb-rs214-reps.k51.zip,"GCF_001314995.1 Bacteroides ovatus strain=ATCC 8483, ASM131499v1",c28ea957513bf36bf9dc694cd077b880,0.01750852184691664,103000,13,2085000,ERR1293084.fastq.gz,ERR1293084,202b7cb2,13265000,51,DNA,1000,13265,True,0.9107916552629228,0.9237488514499286,0.9172702533564256,0.9237488514499286,False,106,6862,17294,d__Bacteria;p__Bacteroidota;c__Bacteroidia;o__Bacteroidales;f__Bacteroidaceae;g__Bacteroides;s__Bacteroides ovatus
119000,0.008970976253298154,0.0314361350099272,0.007161703731624576,0.005840175783508731,1.063157894736842,1.0,0.24324673701665986,/tmp/nxf.XXXXuLGEMf/sourmash_database/gtdb-rs214-reps.k51.zip,"GCF_010509575.1 Faecalibacterium prausnitzii A2-165 strain=JCM 31915, ASM1050957v1",5136f6c0a3924e615495681fbaf7095d,0.039377895433487756,95000,14,1990000,ERR1293084.fastq.gz,ERR1293084,202b7cb2,13265000,51,DNA,1000,13265,True,0.9117160538643317,0.9385467958994006,0.9251314248818662,0.9385467958994006,False,101,6963,17294,d__Bacteria;p__Bacillota_A;c__Clostridia;o__Oscillospirales;f__Ruminococcaceae;g__Faecalibacterium;s__Faecalibacterium duncaniae
85000,0.006407840180927252,0.02927689594356261,0.006257067470787787,0.005088469989591766,1.0602409638554218,1.0,0.28409219572413485,/tmp/nxf.XXXXuLGEMf/sourmash_database/gtdb-rs214-reps.k51.zip,"GCF_000146185.1 [Eubacterium] eligens ATCC 27750 strain=ATCC 27750, ASM14618v1",6f23354d1c492f2e5d90eb1f6ead0ebb,0.029982363315696647,83000,15,1907000,ERR1293084.fastq.gz,ERR1293084,202b7cb2,13265000,51,DNA,1000,13265,True,0.9057208104472693,0.9335436404308264,0.9196322254390479,0.9335436404308264,False,88,7051,17294,d__Bacteria;p__Bacillota_A;c__Clostridia;o__Lachnospirales;f__Lachnospiraceae;g__Lachnospira;s__Lachnospira eligens
190000,0.014323407463249152,0.02591512795594428,0.00603090840557859,0.005724528738290736,1.2375,1.0,0.5301827515112124,/tmp/nxf.XXXXuLGEMf/sourmash_database/gtdb-rs214-reps.k51.zip,"GCF_023347235.1 Faecalibacterium sp. I4179 strain=I4179, ASM2334723v1",907fa411823bfbb5be9253d5f9643455,0.06154842889536767,80000,16,1827000,ERR1293084.fastq.gz,ERR1293084,202b7cb2,13265000,51,DNA,1000,13265,True,0.9201191001116582,0.9468019774424311,0.9334605387770447,0.9468019774424311,False,99,7150,17294,d__Bacteria;p__Bacillota_A;c__Clostridia;o__Oscillospirales;f__Ruminococcaceae;g__Faecalibacterium;s__Faecalibacterium prausnitzii_A
543000,0.04093479080286468,0.024188609920391915,0.005955522050508858,0.010466057592228519,2.2911392405063293,2.0,1.4768414699782522,/tmp/nxf.XXXXuLGEMf/sourmash_database/gtdb-rs214-reps.k51.zip,"GCA_021619875.1 Prevotella copri, ASM2161987v1",6eb1dd46ddb0b79c6c16e3f2bdc00d11,0.16625842008573177,79000,17,1748000,ERR1293084.fastq.gz,ERR1293084,202b7cb2,13265000,51,DNA,1000,13265,True,0.9392606517869636,0.9654310180421007,0.9523458349145322,0.9654310180421007,False,181,7331,17294,d__Bacteria;p__Bacteroidota;c__Bacteroidia;o__Bacteroidales;f__Bacteroidaceae;g__Prevotella;s__Prevotella copri_D
78000,0.005880135695439125,0.01696096654275093,0.005503203920090464,0.004510234763501792,1.0684931506849316,1.0,0.25259025910391475,/tmp/nxf.XXXXuLGEMf/sourmash_database/gtdb-rs214-reps.k51.zip,"GCF_000190535.1 Odoribacter splanchnicus DSM 20712 strain=DSM 220712, ASM19053v1",903d4323f292a4facda7c7138f35e12d,0.01812267657992565,73000,18,1675000,ERR1293084.fastq.gz,ERR1293084,202b7cb2,13265000,51,DNA,1000,13265,True,0.9041958242069805,0.9243735218388955,0.914284673022938,0.9243735218388955,False,78,7409,17294,d__Bacteria;p__Bacteroidota;c__Bacteroidia;o__Bacteroidales;f__Marinifilaceae;g__Odoribacter;s__Odoribacter splanchnicus
82000,0.006181681115718055,0.020071487489689305,0.005503203920090464,0.004336764195674801,1.0273972602739727,1.0,0.16323801764127377,/tmp/nxf.XXXXuLGEMf/sourmash_database/gtdb-rs214-reps.k51.zip,"GCF_015557635.1 Fusicatenibacter saccharivorans strain=D41t1_190614_C8, ASM1555763v1",d2fdc17cdae8aecf1aac02f627d3979a,0.022546054440472918,73000,19,1602000,ERR1293084.fastq.gz,ERR1293084,202b7cb2,13265000,51,DNA,1000,13265,True,0.9050829103167832,0.9283404320526033,0.9167116711846932,0.9283404320526033,False,75,7484,17294,d__Bacteria;p__Bacillota_A;c__Clostridia;o__Lachnospirales;f__Lachnospiraceae;g__Fusicatenibacter;s__Fusicatenibacter saccharivorans
73000,0.005503203920090464,0.028268551236749116,0.005427817565020731,0.005840175783508731,1.4027777777777777,1.0,1.36075675659439,/tmp/nxf.XXXXuLGEMf/sourmash_database/gtdb-rs214-reps.k51.zip,"GCF_004168205.1 Catenibacterium sp. co_0103 strain=co_0103, ASM416820v1",2d9c5297cdf08f3d4b31f68972515305,0.02866117000392619,72000,20,1530000,ERR1293084.fastq.gz,ERR1293084,202b7cb2,13265000,51,DNA,1000,13265,True,0.9030220295450753,0.932719080345503,0.9178705549452891,0.932719080345503,False,101,7585,17294,d__Bacteria;p__Bacillota;c__Bacilli;o__Erysipelotrichales;f__Coprobacillaceae;g__Catenibacterium;s__Catenibacterium sp000437715
74000,0.005578590275160196,0.019613259668508288,0.005352431209950999,0.004163293627847809,1.0140845070422535,1.0,0.11783944035691203,/tmp/nxf.XXXXuLGEMf/sourmash_database/gtdb-rs214-reps.k51.zip,"GCF_000265365.1 Alistipes finegoldii DSM 17242 strain=DSM 17242, ASM26536v1",32e9ec95ec567198d44d9d52c769243b,0.020441988950276244,71000,21,1459000,ERR1293084.fastq.gz,ERR1293084,202b7cb2,13265000,51,DNA,1000,13265,True,0.9032629676336972,0.9265588379695281,0.9149109028016127,0.9265588379695281,False,72,7657,17294,d__Bacteria;p__Bacteroidota;c__Bacteroidia;o__Bacteroidales;f__Rikenellaceae;g__Alistipes;s__Alistipes finegoldii
77000,0.005804749340369393,0.020043845912934545,0.004824726724462872,0.0040476465826298135,1.09375,1.0,0.2914805954090255,/tmp/nxf.XXXXuLGEMf/sourmash_database/gtdb-rs214-reps.k51.zip,"GCF_900167555.1 Gemmiger formicilis strain=ATCC 27749, IMG-taxon 2590828806 annotated assembly",316f66857e7940a11e48de3faf3d397d,0.024115252113999373,64000,22,1395000,ERR1293084.fastq.gz,ERR1293084,202b7cb2,13265000,51,DNA,1000,13265,True,0.9039670844236974,0.9295660021649255,0.9167665432943115,0.9295660021649255,False,70,7727,17294,d__Bacteria;p__Bacillota_A;c__Clostridia;o__Oscillospirales;f__Ruminococcaceae;g__Gemmiger;s__Gemmiger formicilis
88000,0.0066339992461364496,0.016241299303944315,0.00474934036939314,0.00370070544697583,1.0158730158730158,1.0,0.12498425196844144,/tmp/nxf.XXXXuLGEMf/sourmash_database/gtdb-rs214-reps.k51.zip,"GCA_025145285.1 Alistipes onderdonkii strain=DSM 19147, ASM2514528v1",2de6e539bf1bbcefae850f4a041e233c,0.02268625934519206,63000,23,1332000,ERR1293084.fastq.gz,ERR1293084,202b7cb2,13265000,51,DNA,1000,13265,True,0.9063370088212396,0.9284532840563483,0.9173951464387939,0.9284532840563483,False,64,7791,17294,d__Bacteria;p__Bacteroidota;c__Bacteroidia;o__Bacteroidales;f__Rikenellaceae;g__Alistipes;s__Alistipes onderdonkii
66000,0.004975499434602337,0.022778192681105303,0.004598567659253675,0.0036428819243668324,1.0327868852459017,1.0,0.2539661210627815,/tmp/nxf.XXXXuLGEMf/sourmash_database/gtdb-rs214-reps.k51.zip,"GCA_025152405.1 [Ruminococcus] lactaris ATCC 29176 strain=ATCC 29176, ASM2515240v1",5ce8603892234499b54852ec8c952d29,0.024645257654966394,61000,24,1271000,ERR1293084.fastq.gz,ERR1293084,202b7cb2,13265000,51,DNA,1000,13265,True,0.9012389126607304,0.9299623366808507,0.9156006246707906,0.9299623366808507,False,63,7854,17294,d__Bacteria;p__Bacillota_A;c__Clostridia;o__Lachnospirales;f__Lachnospiraceae;g__Mediterraneibacter;s__Mediterraneibacter lactaris
76000,0.0057293629852996604,0.012752858399296393,0.004372408594044478,0.004741528853937782,1.4137931034482758,1.0,0.8716706661906578,/tmp/nxf.XXXXuLGEMf/sourmash_database/gtdb-rs214-reps.k51.zip,"GCA_025148125.1 Blautia wexlerae DSM 19850 strain=DSM 19850, ASM2514812v1",7f2073ec6218c72ec98b02ac15cb9880,0.016710642040457344,58000,25,1213000,ERR1293084.fastq.gz,ERR1293084,202b7cb2,13265000,51,DNA,1000,13265,True,0.9037354134984722,0.9229044247489182,0.9133199191236951,0.9229044247489182,False,82,7936,17294,d__Bacteria;p__Bacillota_A;c__Clostridia;o__Lachnospirales;f__Lachnospiraceae;g__Blautia_A;s__Blautia_A wexlerae
60000,0.004523181304183943,0.02130841121495327,0.0042970222389747455,0.0032959407887128483,1.0,1.0,0.0,/tmp/nxf.XXXXuLGEMf/sourmash_database/gtdb-rs214-reps.k51.zip,"GCF_000765235.1 Oscillibacter sp. ER4 strain=ER4, ASM76523v1",b86d494b379656b1b7a7b4d8bf763e29,0.022429906542056073,57000,26,1156000,ERR1293084.fastq.gz,ERR1293084,202b7cb2,13265000,51,DNA,1000,13265,True,0.8995562258128303,0.928246421422309,0.9139013236175697,0.928246421422309,False,57,7993,17294,d__Bacteria;p__Bacillota_A;c__Clostridia;o__Oscillospirales;f__Oscillospiraceae;g__ER4;s__ER4 sp000765235
677000,0.05103656238220882,0.015006821282401092,0.0041462495288352805,0.006244940441771713,1.9636363636363636,2.0,1.3877861554371913,/tmp/nxf.XXXXuLGEMf/sourmash_database/gtdb-rs214-reps.k51.zip,"GCF_015074785.1 Prevotella copri strain=YF2, ASM1507478v1",7e930297e6a022bb1488dcb6fef424b2,0.18472032742155525,55000,27,1101000,ERR1293084.fastq.gz,ERR1293084,202b7cb2,13265000,51,DNA,1000,13265,True,0.9433315101862353,0.9674264010258184,0.9553789556060268,0.9674264010258184,False,108,8101,17294,d__Bacteria;p__Bacteroidota;c__Bacteroidia;o__Bacteroidales;f__Bacteroidaceae;g__Prevotella;s__Prevotella sp015074785
65000,0.004900113079532605,0.014583929082070346,0.0038447041085563514,0.0031224702208858565,1.0588235294117647,1.0,0.23529411764705882,/tmp/nxf.XXXXuLGEMf/sourmash_database/gtdb-rs214-reps.k51.zip,"GCA_003481005.1 Firmicutes bacterium TM09-10 strain=TM09-10, ASM348100v1",c0d07a387323e9090cb0e8551aca2a08,0.01858736059479554,51000,28,1050000,ERR1293084.fastq.gz,ERR1293084,202b7cb2,13265000,51,DNA,1000,13265,True,0.9009691561777952,0.9248325202951372,0.9129008382364662,0.9248325202951372,False,54,8155,17294,d__Bacteria;p__Bacillota_A;c__Clostridia;o__Lachnospirales;f__Lachnospiraceae;g__Eisenbergiella;s__Eisenbergiella sp900066775
50000,0.003769317753486619,0.010148163182463974,0.003769317753486619,0.002891176130449867,1.0,1.0,0.0,/tmp/nxf.XXXXuLGEMf/sourmash_database/gtdb-rs214-reps.k51.zip,"GCF_003697165.2 Escherichia coli DSM 30083 = JCM 1649 = ATCC 11775 strain=ATCC 11775, ASM369716v2",84efa859553c7c5d22f6f6377fa345fd,0.010148163182463974,50000,29,1000000,ERR1293084.fastq.gz,ERR1293084,202b7cb2,13265000,51,DNA,1000,13265,True,0.8963461144226007,0.9139228961838551,0.9051345053032279,0.9139228961838551,False,50,8205,17294,d__Bacteria;p__Pseudomonadota;c__Gammaproteobacteria;o__Enterobacterales;f__Enterobacteriaceae;g__Escherichia;s__Escherichia coli
