intersect_bp,f_orig_query,f_match,f_unique_to_query,f_unique_weighted,average_abund,median_abund,std_abund,filename,name,md5,f_match_orig,unique_intersect_bp,gather_result_rank,remaining_bp,query_filename,query_name,query_md5,query_bp,ksize,moltype,scaled,query_n_hashes,query_abundance,query_containment_ani,match_containment_ani,average_containment_ani,max_containment_ani,potential_false_negative,n_unique_weighted_found,sum_weighted_found,total_weighted_hashes,lineage
1412000,0.10671100362756952,0.27795275590551183,0.10671100362756952,0.1290476474446896,1.5325779036827196,1.0,1.0938604793026887,/tmp/nxf.XXXX0DRslr/sourmash_database/gtdb-rs214-reps.k51.zip,"GCF_000012825.1 Bacteroides vulgatus ATCC 8482 strain=ATCC 8482, ASM1282v1",63b92dc09e7b5ffbd878d8e5fce5cfec,0.27795275590551183,1412000,0,5663000,ERR1293481.fastq.gz,ERR1293481,fbcb4d6f,13232000,51,DNA,1000,13232,True,0.9570734716121794,0.9752084827289925,0.966140977170586,0.9752084827289925,False,2164,2164,16769,d__Bacteria;p__Bacteroidota;c__Bacteroidia;o__Bacteroidales;f__Bacteroidaceae;g__Phocaeicola;s__Phocaeicola vulgatus
940000,0.07103990326481258,0.14549116826774094,0.07096432889963725,0.07442304251893375,1.329073482428115,1.0,0.6745931554483454,/tmp/nxf.XXXX0DRslr/sourmash_database/gtdb-rs214-reps.k51.zip,"GCF_001314995.1 Bacteroides ovatus strain=ATCC 8483, ASM131499v1",c28ea957513bf36bf9dc694cd077b880,0.14564611093895258,939000,1,4724000,ERR1293481.fastq.gz,ERR1293481,fbcb4d6f,13232000,51,DNA,1000,13232,True,0.9494682321831636,0.9629286222348565,0.95619842720901,0.9629286222348565,False,1248,3412,16769,d__Bacteria;p__Bacteroidota;c__Bacteroidia;o__Bacteroidales;f__Bacteroidaceae;g__Bacteroides;s__Bacteroides ovatus
672000,0.05078597339782346,0.16662446188908583,0.0497279322853688,0.05217961715069473,1.3297872340425532,1.0,0.6539988871521885,/tmp/nxf.XXXX0DRslr/sourmash_database/gtdb-rs214-reps.k51.zip,"GCA_025147325.1 Bacteroides stercoris ATCC 43183 strain=ATCC 43183, ASM2514732v1",457cfca025715f640ca0a2d4865521d7,0.1701696632058749,658000,2,4066000,ERR1293481.fastq.gz,ERR1293481,fbcb4d6f,13232000,51,DNA,1000,13232,True,0.9432404723036035,0.9658712912059094,0.9545558817547565,0.9658712912059094,False,875,4287,16769,d__Bacteria;p__Bacteroidota;c__Bacteroidia;o__Bacteroidales;f__Bacteroidaceae;g__Bacteroides;s__Bacteroides stercoris
632000,0.047762998790810154,0.06105951152390781,0.026828899637243046,0.02916095175621683,1.3774647887323943,1.0,0.7381356765047877,/tmp/nxf.XXXX0DRslr/sourmash_database/gtdb-rs214-reps.k51.zip,"GCF_000210075.1 Bacteroides xylanisolvens XB1A strain=XB1A, ASM21007v1",6bf3ff1d807c2ab1988e6b3c386a7cec,0.108703130374957,355000,3,3711000,ERR1293481.fastq.gz,ERR1293481,fbcb4d6f,13232000,51,DNA,1000,13232,True,0.942106141702675,0.9574206390676835,0.9497633903851792,0.9574206390676835,False,489,4776,16769,d__Bacteria;p__Bacteroidota;c__Bacteroidia;o__Bacteroidales;f__Bacteroidaceae;g__Bacteroides;s__Bacteroides xylanisolvens
261000,0.01972490931076179,0.0814352574102964,0.01972490931076179,0.017830520603494545,1.1455938697318007,1.0,0.41276301472221694,/tmp/nxf.XXXX0DRslr/sourmash_database/gtdb-rs214-reps.k51.zip,"GCA_000020605.1 [Eubacterium] rectale ATCC 33656 strain=ATCC 33656, ASM2060v1",bb4d1c2199066ffc1226ec8433ce5698,0.0814352574102964,261000,4,3450000,ERR1293481.fastq.gz,ERR1293481,fbcb4d6f,13232000,51,DNA,1000,13232,True,0.9259103140023823,0.9520141026161373,0.9389622083092598,0.9520141026161373,False,299,5075,16769,d__Bacteria;p__Bacillota_A;c__Clostridia;o__Lachnospirales;f__Lachnospiraceae;g__Agathobacter;s__Agathobacter rectalis
265000,0.02002720677146312,0.04972270032510996,0.019649334945586457,0.016637843640050092,1.073076923076923,1.0,0.28830765126015634,/tmp/nxf.XXXX0DRslr/sourmash_database/gtdb-rs214-reps.k51.zip,"GCF_000025985.1 Bacteroides fragilis NCTC 9343, ASM2598v1",5ed7bd7e8a301425ed2ad891c3e399f5,0.05067890610059285,260000,5,3190000,ERR1293481.fastq.gz,ERR1293481,fbcb4d6f,13232000,51,DNA,1000,13232,True,0.926186483761145,0.9432014408686678,0.9346939623149064,0.9432014408686678,False,279,5354,16769,d__Bacteria;p__Bacteroidota;c__Bacteroidia;o__Bacteroidales;f__Bacteroidaceae;g__Bacteroides;s__Bacteroides fragilis
186000,0.01405683192261185,0.08611111111111111,0.01405683192261185,0.012105671178961178,1.0913978494623655,1.0,0.28817404910230965,/tmp/nxf.XXXX0DRslr/sourmash_database/gtdb-rs214-reps.k51.zip,"GCA_000980495.1 Acinetobacter sp. N54.MGS-139, ASM98049v1",32323b38ef01fbce652a3b69a0a21c55,0.08611111111111111,186000,6,3004000,ERR1293481.fastq.gz,ERR1293481,fbcb4d6f,13232000,51,DNA,1000,13232,True,0.9197802240462356,0.9530568512244072,0.9364185376353213,0.9530568512244072,False,203,5557,16769,d__Bacteria;p__Pseudomonadota;c__Gammaproteobacteria;o__Burkholderiales;f__Burkholderiaceae_A;g__Parasutterella;s__Parasutterella gallistercoris
153000,0.011562877871825876,0.057976506252368325,0.011562877871825876,0.009720317252072275,1.065359477124183,1.0,0.3167069657408031,/tmp/nxf.XXXX0DRslr/sourmash_database/gtdb-rs214-reps.k51.zip,"GCA_000436475.1 Eubacterium sp. CAG:248, MGS248",0cbfa984f760c0f973970a752712a480,0.057976506252368325,153000,7,2851000,ERR1293481.fastq.gz,ERR1293481,fbcb4d6f,13232000,51,DNA,1000,13232,True,0.916264585001081,0.9456927073438487,0.9309786461724648,0.9456927073438487,False,163,5720,16769,d__Bacteria;p__Bacillota_A;c__Clostridia;o__Lachnospirales;f__Lachnospiraceae;g__Lachnospira;s__Lachnospira sp000436475
151000,0.011411729141475212,0.05142460041695622,0.011185006045949214,0.01049555727831117,1.1891891891891893,1.0,0.4700683008358401,/tmp/nxf.XXXX0DRslr/sourmash_database/gtdb-rs214-reps.k51.zip,"GCF_020687245.1 Faecalibacterium longum CLA-AA-H243 strain=CLA-AA-H243, ASM2068724v1",e1ff3e2f54ab82a776eb959bb6aa8673,0.052466990965948576,148000,8,2703000,ERR1293481.fastq.gz,ERR1293481,fbcb4d6f,13232000,51,DNA,1000,13232,True,0.916028217711521,0.9438429333938311,0.929935575552676,0.9438429333938311,False,176,5896,16769,d__Bacteria;p__Bacillota_A;c__Clostridia;o__Oscillospirales;f__Ruminococcaceae;g__Faecalibacterium;s__Faecalibacterium longum
561000,0.04239721886336155,0.025181096929975853,0.011033857315598548,0.012284572723477846,1.4109589041095891,1.0,0.7371848792917103,/tmp/nxf.XXXX0DRslr/sourmash_database/gtdb-rs214-reps.k51.zip,"GCA_019412865.1 Bacteroides sp., ASM1941286v1",ea887218e0141cf6c988447e4d85d9a1,0.096757502587099,146000,9,2557000,ERR1293481.fastq.gz,ERR1293481,fbcb4d6f,13232000,51,DNA,1000,13232,True,0.9399073514917848,0.9552377208356391,0.947572536163712,0.9552377208356391,False,206,6102,16769,d__Bacteria;p__Bacteroidota;c__Bacteroidia;o__Bacteroidales;f__Bacteroidaceae;g__Bacteroides;s__Bacteroides sp019412865
130000,0.009824667472793229,0.05052546483427647,0.009446795646916566,0.0079313018069056,1.064,1.0,0.3031567251439427,/tmp/nxf.XXXX0DRslr/sourmash_database/gtdb-rs214-reps.k51.zip,"GCA_900539945.1 uncultured Faecalibacterium sp., UMGS183",3bb5b6dd2b10e5252389d662c26718aa,0.05254648342764753,125000,10,2432000,ERR1293481.fastq.gz,ERR1293481,fbcb4d6f,13232000,51,DNA,1000,13232,True,0.9133425350315485,0.9438709520302727,0.9286067435309107,0.9438709520302727,False,133,6235,16769,d__Bacteria;p__Bacillota_A;c__Clostridia;o__Oscillospirales;f__Ruminococcaceae;g__Faecalibacterium;s__Faecalibacterium sp900539945
138000,0.01042926239419589,0.033558863328822734,0.009371221281741234,0.007812034110561155,1.0564516129032258,1.0,0.26342714469453343,/tmp/nxf.XXXX0DRslr/sourmash_database/gtdb-rs214-reps.k51.zip,"GCA_025145845.1 Alistipes shahii WAL 8301 strain=WAL 8301, ASM2514584v1",ce3fdcea4344bf5e1303cba1f2181070,0.03734776725304465,124000,11,2308000,ERR1293481.fastq.gz,ERR1293481,fbcb4d6f,13232000,51,DNA,1000,13232,True,0.9144126539397368,0.9375732092882867,0.9259929316140117,0.9375732092882867,False,131,6366,16769,d__Bacteria;p__Bacteroidota;c__Bacteroidia;o__Bacteroidales;f__Rikenellaceae;g__Alistipes;s__Alistipes shahii
118000,0.008917775090689238,0.03170338527673294,0.008917775090689238,0.0073945971733555965,1.0508474576271187,1.0,0.21968612536975804,/tmp/nxf.XXXX0DRslr/sourmash_database/gtdb-rs214-reps.k51.zip,"GCF_000239295.1 Flavonifractor plautii ATCC 29863 strain=ATCC 29863, ASM23929v1",1ed22d796c79d0337723a67a4b313636,0.03170338527673294,118000,12,2190000,ERR1293481.fastq.gz,ERR1293481,fbcb4d6f,13232000,51,DNA,1000,13232,True,0.9116097285996223,0.9345658652154549,0.9230877969075386,0.9345658652154549,False,124,6490,16769,d__Bacteria;p__Bacillota_A;c__Clostridia;o__Oscillospirales;f__Oscillospiraceae;g__Flavonifractor;s__Flavonifractor plautii
119000,0.008993349455864571,0.03484427998766574,0.008539903264812576,0.007334963325183374,1.0884955752212389,1.0,0.36573412955348356,/tmp/nxf.XXXX0DRslr/sourmash_database/gtdb-rs214-reps.k51.zip,"GCF_003024715.1 Lachnoclostridium sp. SNUG30386 strain=SNUG30386, ASM302471v1",f96d0bd7faefddb572480835d902e5a6,0.03669441874807277,113000,13,2077000,ERR1293481.fastq.gz,ERR1293481,fbcb4d6f,13232000,51,DNA,1000,13232,True,0.9117605833302109,0.9372488197728359,0.9245047015515234,0.9372488197728359,False,123,6613,16769,d__Bacteria;p__Bacillota_A;c__Clostridia;o__Lachnospirales;f__Lachnospiraceae;g__Clostridium_Q;s__Clostridium_Q fessum
559000,0.042246070133010884,0.02059788552679548,0.008539903264812576,0.009779951100244499,1.4513274336283186,1.0,0.8091419080115015,/tmp/nxf.XXXX0DRslr/sourmash_database/gtdb-rs214-reps.k51.zip,"GCF_013009555.1 Bacteroides dorei strain=DSM 17855, ASM1300955v1",92c62d3d608447418f79f40c554d2f69,0.1018957345971564,113000,14,1964000,ERR1293481.fastq.gz,ERR1293481,fbcb4d6f,13232000,51,DNA,1000,13232,True,0.9398415338838492,0.956207351967973,0.948024442925911,0.956207351967973,False,164,6777,16769,d__Bacteria;p__Bacteroidota;c__Bacteroidia;o__Bacteroidales;f__Bacteroidaceae;g__Phocaeicola;s__Phocaeicola dorei
212000,0.016021765417170496,0.01400800457404231,0.0074062877871825875,0.008229471047766713,1.4081632653061225,1.0,0.7671406583352042,/tmp/nxf.XXXX0DRslr/sourmash_database/gtdb-rs214-reps.k51.zip,"GCA_900557355.1 uncultured Bacteroides sp., UMGS2042",26cd6f99620cbd40a9534fcb50c2c063,0.030303030303030304,98000,15,1866000,ERR1293481.fastq.gz,ERR1293481,fbcb4d6f,13232000,51,DNA,1000,13232,True,0.9221429334456727,0.9337383942521409,0.9279406638489067,0.9337383942521409,False,138,6915,16769,d__Bacteria;p__Bacteroidota;c__Bacteroidia;o__Bacteroidales;f__Bacteroidaceae;g__Bacteroides;s__Bacteroides sp900557355
110000,0.008313180169286578,0.02391518737672584,0.0073307134220072555,0.006201920209911145,1.0721649484536082,1.0,0.3589050553717364,/tmp/nxf.XXXX0DRslr/sourmash_database/gtdb-rs214-reps.k51.zip,"GCF_000174195.1 Roseburia inulinivorans DSM 16841 strain=DSM 16841, ASM17419v1",e3692c21f5a57009b8f3ea43032066c2,0.027120315581854043,97000,16,1769000,ERR1293481.fastq.gz,ERR1293481,fbcb4d6f,13232000,51,DNA,1000,13232,True,0.9103557118067401,0.9317089964534121,0.9210323541300761,0.9317089964534121,False,104,7019,16769,d__Bacteria;p__Bacillota_A;c__Clostridia;o__Lachnospirales;f__Lachnospiraceae;g__Roseburia;s__Roseburia inulinivorans
98000,0.0074062877871825875,0.025757146900651003,0.00687726723095526,0.005545947880016697,1.021978021978022,1.0,0.1466116930123773,/tmp/nxf.XXXX0DRslr/sourmash_database/gtdb-rs214-reps.k51.zip,"GCA_003573975.1 Clostridiales bacterium CCNA10 strain=CCNA10, ASM357397v1",00fa92bb3e4b24b2703f629c0d80feb8,0.027738465893008775,91000,17,1678000,ERR1293481.fastq.gz,ERR1293481,fbcb4d6f,13232000,51,DNA,1000,13232,True,0.9082961271520466,0.9321208116672635,0.9202084694096551,0.9321208116672635,False,93,7112,16769,d__Bacteria;p__Bacillota_A;c__Clostridia;o__Oscillospirales;f__Oscillospiraceae;g__Lawsonibacter;s__Lawsonibacter sp900066825
105000,0.007935308343409915,0.024585635359116023,0.006726118500604595,0.0054266801836722525,1.0224719101123596,1.0,0.1482124264974485,/tmp/nxf.XXXX0DRslr/sourmash_database/gtdb-rs214-reps.k51.zip,"GCF_000265365.1 Alistipes finegoldii DSM 17242 strain=DSM 17242, ASM26536v1",32e9ec95ec567198d44d9d52c769243b,0.029005524861878452,89000,18,1589000,ERR1293481.fastq.gz,ERR1293481,fbcb4d6f,13232000,51,DNA,1000,13232,True,0.9095257029244175,0.9329375282325242,0.9212316155784708,0.9329375282325242,False,91,7203,16769,d__Bacteria;p__Bacteroidota;c__Bacteroidia;o__Bacteroidales;f__Rikenellaceae;g__Alistipes;s__Alistipes finegoldii
86000,0.006499395405078597,0.047149122807017545,0.006499395405078597,0.005545947880016697,1.0813953488372092,1.0,0.2734413027047639,/tmp/nxf.XXXX0DRslr/sourmash_database/gtdb-rs214-reps.k51.zip,"GCF_000160055.1 Dialister invisus DSM 15470 strain=DSM 15470, ASM16005v1",f5affa7513f69773c6fae6e4919ba6cc,0.047149122807017545,86000,19,1503000,ERR1293481.fastq.gz,ERR1293481,fbcb4d6f,13232000,51,DNA,1000,13232,True,0.9059727937416667,0.9418672123010833,0.923920003021375,0.9418672123010833,False,93,7296,16769,d__Bacteria;p__Bacillota_C;c__Negativicutes;o__Veillonellales;f__Dialisteraceae;g__Dialister;s__Dialister invisus
86000,0.006499395405078597,0.021996150673632114,0.006045949214026602,0.005128510942811139,1.075,1.0,0.26339134382131846,/tmp/nxf.XXXX0DRslr/sourmash_database/gtdb-rs214-reps.k51.zip,"GCF_015557635.1 Fusicatenibacter saccharivorans strain=D41t1_190614_C8, ASM1555763v1",d2fdc17cdae8aecf1aac02f627d3979a,0.02364586197415452,80000,20,1423000,ERR1293481.fastq.gz,ERR1293481,fbcb4d6f,13232000,51,DNA,1000,13232,True,0.9059727937416667,0.92920779863791,0.9175902961897884,0.92920779863791,False,86,7382,16769,d__Bacteria;p__Bacillota_A;c__Clostridia;o__Lachnospirales;f__Lachnospiraceae;g__Fusicatenibacter;s__Fusicatenibacter saccharivorans
76000,0.005743651753325272,0.028142589118198873,0.00566807738814994,0.004770707853777804,1.0666666666666667,1.0,0.24944382578492946,/tmp/nxf.XXXX0DRslr/sourmash_database/gtdb-rs214-reps.k51.zip,"GCA_014385265.1 Lachnospiraceae bacterium BX10 strain=BX10, ASM1438526v1",617726c9ccfa69a4c6423d5273792dad,0.02851782363977486,75000,21,1348000,ERR1293481.fastq.gz,ERR1293481,fbcb4d6f,13232000,51,DNA,1000,13232,True,0.9037795531789008,0.9326273864514448,0.9182034698151729,0.9326273864514448,False,80,7462,16769,d__Bacteria;p__Bacillota_A;c__Clostridia;o__Lachnospirales;f__Lachnospiraceae;g__Copromonas;s__Copromonas sp000435795
89000,0.006726118500604595,0.025235531628532974,0.00566807738814994,0.004770707853777804,1.0666666666666667,1.0,0.24944382578492943,/tmp/nxf.XXXX0DRslr/sourmash_database/gtdb-rs214-reps.k51.zip,"GCA_025150085.1 Dorea longicatena strain=DSM 13814, ASM2515008v1",77e56408450c979b22420d0739bfd623,0.029946164199192462,75000,22,1273000,ERR1293481.fastq.gz,ERR1293481,fbcb4d6f,13232000,51,DNA,1000,13232,True,0.9065821155664524,0.933521527122694,0.9200518213445732,0.933521527122694,False,80,7542,16769,d__Bacteria;p__Bacillota_A;c__Clostridia;o__Lachnospirales;f__Lachnospiraceae;g__Dorea_A;s__Dorea_A longicatena
82000,0.006197097944377267,0.015611257695690413,0.0053657799274486094,0.004412904764744469,1.0422535211267605,1.0,0.2011669979871225,/tmp/nxf.XXXX0DRslr/sourmash_database/gtdb-rs214-reps.k51.zip,"GCA_025148125.1 Blautia wexlerae DSM 19850 strain=DSM 19850, ASM2514812v1",7f2073ec6218c72ec98b02ac15cb9880,0.01802990325417766,71000,23,1202000,ERR1293481.fastq.gz,ERR1293481,fbcb4d6f,13232000,51,DNA,1000,13232,True,0.9051271158108095,0.9242805031424162,0.9147038094766129,0.9242805031424162,False,74,7616,16769,d__Bacteria;p__Bacillota_A;c__Clostridia;o__Lachnospirales;f__Lachnospiraceae;g__Blautia_A;s__Blautia_A wexlerae
639000,0.04829201934703749,0.017618927762396173,0.005290205562273277,0.006142286361738923,1.4714285714285715,1.0,0.7877894673692707,/tmp/nxf.XXXX0DRslr/sourmash_database/gtdb-rs214-reps.k51.zip,"GCA_900760795.1 Bacteroidaceae bacterium, SRS021948_34",d1db19c7390bdd0d48d0186cf7ff78fb,0.16083564057387364,70000,24,1132000,ERR1293481.fastq.gz,ERR1293481,fbcb4d6f,13232000,51,DNA,1000,13232,True,0.9423096412445192,0.9648034960259693,0.9535565686352443,0.9648034960259693,False,103,7719,16769,d__Bacteria;p__Bacteroidota;c__Bacteroidia;o__Bacteroidales;f__Bacteroidaceae;g__Phocaeicola;s__Phocaeicola sp900760795
72000,0.005441354292623942,0.018675226145316602,0.0048367593712212815,0.003935833979366688,1.03125,1.0,0.17399263633843817,/tmp/nxf.XXXX0DRslr/sourmash_database/gtdb-rs214-reps.k51.zip,"GCF_001517625.2 Clostridium sp. AT4 strain=AT5, Clostridium bouchedurhonense",cc83538e580742ca11ee9ed5266d8f53,0.02100962941348118,64000,25,1068000,ERR1293481.fastq.gz,ERR1293481,fbcb4d6f,13232000,51,DNA,1000,13232,True,0.9028219265827722,0.9270565847412628,0.9149392556620175,0.9270565847412628,False,66,7785,16769,d__Bacteria;p__Bacillota_A;c__Clostridia;o__Lachnospirales;f__Lachnospiraceae;g__Enterocloster;s__Enterocloster sp001517625
69000,0.005214631197097945,0.01956521739130435,0.00476118500604595,0.0038165662830222436,1.0158730158730158,1.0,0.12498425196844144,/tmp/nxf.XXXX0DRslr/sourmash_database/gtdb-rs214-reps.k51.zip,"GCF_020687205.1 Hominisplanchenecus faecis strain=CLA-AA-H246, ASM2068720v1",0a411542971e35712722644c0bed8e6b,0.02142857142857143,63000,26,1005000,ERR1293481.fastq.gz,ERR1293481,fbcb4d6f,13232000,51,DNA,1000,13232,True,0.90206883393201,0.9274155572531645,0.9147421955925872,0.9274155572531645,False,64,7849,16769,d__Bacteria;p__Bacillota_A;c__Clostridia;o__Lachnospirales;f__Lachnospiraceae;g__Hominisplanchenecus;s__Hominisplanchenecus faecis
55000,0.004156590084643289,0.02336448598130841,0.004156590084643289,0.003518397042161131,1.0727272727272728,1.0,0.25968830649246727,/tmp/nxf.XXXX0DRslr/sourmash_database/gtdb-rs214-reps.k51.zip,"GCF_000196555.1 Bifidobacterium longum subsp. longum JCM 1217 strain=JCM 1217, ASM19655v1",4e5724ba16e37517faabf3d6eac4a812,0.02336448598130841,55000,27,950000,ERR1293481.fastq.gz,ERR1293481,fbcb4d6f,13232000,51,DNA,1000,13232,True,0.8980666571866703,0.9289897163182872,0.9135281867524787,0.9289897163182872,False,59,7908,16769,d__Bacteria;p__Actinomycetota;c__Actinomycetia;o__Actinomycetales;f__Bifidobacteriaceae;g__Bifidobacterium;s__Bifidobacterium longum
57000,0.0043077388149939545,0.015967438948027553,0.003854292623941959,0.0030413262567833502,1.0,1.0,0.0,/tmp/nxf.XXXX0DRslr/sourmash_database/gtdb-rs214-reps.k51.zip,"GCA_000154345.1 [Clostridium] leptum DSM 753 strain=DSM 753, ASM15434v1",4168e6f0bd13abfda2f7edf9bd1ed5a9,0.017845961177207263,51000,28,899000,ERR1293481.fastq.gz,ERR1293481,fbcb4d6f,13232000,51,DNA,1000,13232,True,0.8986958425666635,0.9240946788582581,0.9113952607124608,0.9240946788582581,False,51,7959,16769,d__Bacteria;p__Bacillota_A;c__Clostridia;o__Oscillospirales;f__Acutalibacteraceae;g__Clostridium_A;s__Clostridium_A leptum
