intersect_bp,f_orig_query,f_match,f_unique_to_query,f_unique_weighted,average_abund,median_abund,std_abund,filename,name,md5,f_match_orig,unique_intersect_bp,gather_result_rank,remaining_bp,query_filename,query_name,query_md5,query_bp,ksize,moltype,scaled,query_n_hashes,query_abundance,query_containment_ani,match_containment_ani,average_containment_ani,max_containment_ani,potential_false_negative,n_unique_weighted_found,sum_weighted_found,total_weighted_hashes,lineage
1172000,0.1093997946420237,0.23070866141732282,0.1093997946420237,0.13014747360786527,1.377986348122867,1.0,0.9244277114357192,/tmp/nxf.XXXXnhfapf/sourmash_database/gtdb-rs214-reps.k51.zip,"GCF_000012825.1 Bacteroides vulgatus ATCC 8482 strain=ATCC 8482, ASM1282v1",63b92dc09e7b5ffbd878d8e5fce5cfec,0.23070866141732282,1172000,0,4857000,ERR1293134.fastq.gz,ERR1293134,2e0b1236,10713000,51,DNA,1000,10713,True,0.9575405761081837,0.9716526888985304,0.964596632503357,0.9716526888985304,False,1615,1615,12409,d__Bacteria;p__Bacteroidota;c__Bacteroidia;o__Bacteroidales;f__Bacteroidaceae;g__Phocaeicola;s__Phocaeicola vulgatus
701000,0.06543451880892373,0.14993452640768223,0.06412769532343882,0.06890160367475219,1.244541484716157,1.0,0.5461483908910698,/tmp/nxf.XXXXnhfapf/sourmash_database/gtdb-rs214-reps.k51.zip,"GCA_025147485.1 Bacteroides uniformis strain=ATCC 8492, ASM2514748v1",177d80c9d0f18e5195e47e20bdf54706,0.15298996071584461,687000,1,4170000,ERR1293134.fastq.gz,ERR1293134,2e0b1236,10713000,51,DNA,1000,10713,True,0.947939297671655,0.9638578720235197,0.9558985848475874,0.9638578720235197,False,855,2470,12409,d__Bacteria;p__Bacteroidota;c__Bacteroidia;o__Bacteroidales;f__Bacteroidaceae;g__Bacteroides;s__Bacteroides uniformis
620000,0.05787361150004667,0.13492759982448443,0.0574068888266592,0.05657184301716496,1.1414634146341462,1.0,0.39239245935344624,/tmp/nxf.XXXXnhfapf/sourmash_database/gtdb-rs214-reps.k51.zip,"GCF_002222615.2 Bacteroides caccae strain=ATCC 43185, ASM222261v2",d7e7663bc3ede65000c2f57952616ae4,0.13602457218078104,615000,2,3555000,ERR1293134.fastq.gz,ERR1293134,2e0b1236,10713000,51,DNA,1000,10713,True,0.9456597691973317,0.9616390821695607,0.9536494256834462,0.9616390821695607,False,702,3172,12409,d__Bacteria;p__Bacteroidota;c__Bacteroidia;o__Bacteroidales;f__Bacteroidaceae;g__Bacteroides;s__Bacteroides caccae
518000,0.04835246896294222,0.07779371911366173,0.04555213292261738,0.04351680232089612,1.1065573770491803,1.0,0.3958261136934307,/tmp/nxf.XXXXnhfapf/sourmash_database/gtdb-rs214-reps.k51.zip,"GCF_000011065.1 Bacteroides thetaiotaomicron VPI-5482 strain=VPI-5482, ASM1106v1",36e5cf9f0e4c0a0411f3300c5364f87f,0.08257611987884585,488000,3,3067000,ERR1293134.fastq.gz,ERR1293134,2e0b1236,10713000,51,DNA,1000,10713,True,0.9423327552542567,0.9522738365900896,0.9473032959221732,0.9522738365900896,False,540,3712,12409,d__Bacteria;p__Bacteroidota;c__Bacteroidia;o__Bacteroidales;f__Bacteroidaceae;g__Bacteroides;s__Bacteroides thetaiotaomicron
252000,0.023522822738728646,0.06727175654030966,0.023522822738728646,0.02200016117334193,1.0833333333333333,1.0,0.38447036337988433,/tmp/nxf.XXXXnhfapf/sourmash_database/gtdb-rs214-reps.k51.zip,"GCF_003473545.1 Clostridium sp. AM22-11AC strain=AM22-11AC, ASM347354v1",50efc7fa47c0997c24a73c521b04bdd3,0.06727175654030966,252000,4,2815000,ERR1293134.fastq.gz,ERR1293134,2e0b1236,10713000,51,DNA,1000,10713,True,0.9291127510072056,0.9484541229915395,0.9387834369993726,0.9484541229915395,False,273,3985,12409,d__Bacteria;p__Bacillota_A;c__Clostridia;o__Lachnospirales;f__Lachnospiraceae;g__Enterocloster;s__Enterocloster sp000431375
244000,0.02277606646130869,0.05371993706450888,0.022309343787921217,0.02111370779273108,1.096234309623431,1.0,0.34705341177117527,/tmp/nxf.XXXXnhfapf/sourmash_database/gtdb-rs214-reps.k51.zip,"GCF_900537995.1 Roseburia intestinalis L1-82 strain=L1-82, Roseburia intestinalis strain L1-82",a0a31bbf8562bc7e5e4b2fd755c9aae9,0.054843785120251745,239000,5,2576000,ERR1293134.fastq.gz,ERR1293134,2e0b1236,10713000,51,DNA,1000,10713,True,0.9285252117878846,0.9446632234901536,0.9365942176390192,0.9446632234901536,False,262,4247,12409,d__Bacteria;p__Bacillota_A;c__Clostridia;o__Lachnospirales;f__Lachnospiraceae;g__Roseburia;s__Roseburia intestinalis
237000,0.02212265471856623,0.048064918851435705,0.02156258751050126,0.02030784108308486,1.0909090909090908,1.0,0.30216326175956965,/tmp/nxf.XXXXnhfapf/sourmash_database/gtdb-rs214-reps.k51.zip,"GCF_000012845.1 Parabacteroides distasonis ATCC 8503 strain=ATCC 8503, ASM1284v1",85c74583c59734abc0e8f1a3e909b79d,0.04931335830212235,231000,6,2345000,ERR1293134.fastq.gz,ERR1293134,2e0b1236,10713000,51,DNA,1000,10713,True,0.9279954102482723,0.9426964128377677,0.93534591154302,0.9426964128377677,False,252,4499,12409,d__Bacteria;p__Bacteroidota;c__Bacteroidia;o__Bacteroidales;f__Tannerellaceae;g__Parabacteroides;s__Parabacteroides distasonis
225000,0.02100252030243629,0.041116848345764005,0.020069074955661344,0.017890240954146184,1.0325581395348837,1.0,0.2238364542421575,/tmp/nxf.XXXXnhfapf/sourmash_database/gtdb-rs214-reps.k51.zip,"GCF_000025985.1 Bacteroides fragilis NCTC 9343, ASM2598v1",5ed7bd7e8a301425ed2ad891c3e399f5,0.043029259896729774,215000,7,2130000,ERR1293134.fastq.gz,ERR1293134,2e0b1236,10713000,51,DNA,1000,10713,True,0.927050432901438,0.9401801038827259,0.933615268392082,0.9401801038827259,False,222,4721,12409,d__Bacteria;p__Bacteroidota;c__Bacteroidia;o__Bacteroidales;f__Bacteroidaceae;g__Bacteroides;s__Bacteroides fragilis
218000,0.02034910855969383,0.0848605577689243,0.019882385886306357,0.019179627689580144,1.1173708920187793,1.0,0.3498203945576931,/tmp/nxf.XXXXnhfapf/sourmash_database/gtdb-rs214-reps.k51.zip,"GCF_000154465.1 Alistipes putredinis DSM 17216 strain=DSM 17216, ASM15446v1",2f08d0845365d89ec7bf59fbef01de57,0.08685258964143426,213000,8,1917000,ERR1293134.fastq.gz,ERR1293134,2e0b1236,10713000,51,DNA,1000,10713,True,0.9264761061023623,0.9532170877078816,0.939846596905122,0.9532170877078816,False,238,4959,12409,d__Bacteria;p__Bacteroidota;c__Bacteroidia;o__Bacteroidales;f__Rikenellaceae;g__Alistipes;s__Alistipes putredinis
195000,0.018202184262111454,0.08483516483516483,0.018015495192756463,0.017567894270287696,1.1295336787564767,1.0,0.39269005847660965,/tmp/nxf.XXXXnhfapf/sourmash_database/gtdb-rs214-reps.k51.zip,"GCA_900540455.1 uncultured Faecalibacterium sp., UMGS253",a6dea697c972d5c74e46b458d8fdf516,0.08571428571428572,193000,9,1724000,ERR1293134.fastq.gz,ERR1293134,2e0b1236,10713000,51,DNA,1000,10713,True,0.9244528690712026,0.9529705390939124,0.9387117040825574,0.9529705390939124,False,218,5177,12409,d__Bacteria;p__Bacillota_A;c__Clostridia;o__Oscillospirales;f__Ruminococcaceae;g__Faecalibacterium;s__Faecalibacterium sp900540455
160000,0.01493512554839914,0.02706630336058129,0.0139083356669467,0.013377387380127326,1.1140939597315436,1.0,0.3759587536687494,/tmp/nxf.XXXXnhfapf/sourmash_database/gtdb-rs214-reps.k51.zip,"GCA_000613465.1 Bacteroides nordii WAL 11050 = JCM 12987 strain=JCM 12987, ASM61346v1",2622449679f676b2a7b48fe066bdf236,0.029064486830154404,149000,10,1575000,ERR1293134.fastq.gz,ERR1293134,2e0b1236,10713000,51,DNA,1000,10713,True,0.9208739211668309,0.9329746767287194,0.9269242989477751,0.9329746767287194,False,166,5343,12409,d__Bacteria;p__Bacteroidota;c__Bacteroidia;o__Bacteroidales;f__Bacteroidaceae;g__Bacteroides;s__Bacteroides nordii
150000,0.014001680201624195,0.0452418096723869,0.013534957528236722,0.012652107341445725,1.0827586206896551,1.0,0.2755170255922508,/tmp/nxf.XXXXnhfapf/sourmash_database/gtdb-rs214-reps.k51.zip,"GCA_000020605.1 [Eubacterium] rectale ATCC 33656 strain=ATCC 33656, ASM2060v1",bb4d1c2199066ffc1226ec8433ce5698,0.046801872074883,145000,11,1430000,ERR1293134.fastq.gz,ERR1293134,2e0b1236,10713000,51,DNA,1000,10713,True,0.9197093279797891,0.941730703142853,0.9307200155613211,0.941730703142853,False,157,5500,12409,d__Bacteria;p__Bacillota_A;c__Clostridia;o__Lachnospirales;f__Lachnospiraceae;g__Agathobacter;s__Agathobacter rectalis
155000,0.014468402875011667,0.035083291267036854,0.012974890320171755,0.01249093399951648,1.1151079136690647,1.0,0.3992643719571686,/tmp/nxf.XXXXnhfapf/sourmash_database/gtdb-rs214-reps.k51.zip,"GCA_003584705.1 Lachnospiraceae bacterium GAM79 strain=GAM79, ASM358470v1",70a12b75803f82aa8bff2c80aad9821b,0.039121655729429584,139000,12,1291000,ERR1293134.fastq.gz,ERR1293134,2e0b1236,10713000,51,DNA,1000,10713,True,0.9203008339123637,0.9384266611221591,0.9293637475172614,0.9384266611221591,False,155,5655,12409,d__Bacteria;p__Bacillota_A;c__Clostridia;o__Lachnospirales;f__Lachnospiraceae;g__Acetatifactor;s__Acetatifactor sp900066565
136000,0.01269485671613927,0.026507782101167315,0.010174554279846915,0.016923200902570715,1.926605504587156,1.0,1.733143837068839,/tmp/nxf.XXXXnhfapf/sourmash_database/gtdb-rs214-reps.k51.zip,"GCF_000154845.1 Bacteroides coprocola DSM 17136 strain=DSM 17136, ASM15484v1",6c4a84c6881f2933a9b05588fca9caee,0.033073929961089495,109000,13,1182000,ERR1293134.fastq.gz,ERR1293134,2e0b1236,10713000,51,DNA,1000,10713,True,0.9179440929089816,0.9353417281707213,0.9266429105398515,0.9353417281707213,False,210,5865,12409,d__Bacteria;p__Bacteroidota;c__Bacteroidia;o__Bacteroidales;f__Bacteroidaceae;g__Phocaeicola;s__Phocaeicola coprocola
96000,0.008961075329039486,0.03599848427434634,0.00886773079436199,0.008058667096462245,1.0526315789473684,1.0,0.2662970661194424,/tmp/nxf.XXXXnhfapf/sourmash_database/gtdb-rs214-reps.k51.zip,"GCA_000436475.1 Eubacterium sp. CAG:248, MGS248",0cbfa984f760c0f973970a752712a480,0.03637741568776052,95000,14,1087000,ERR1293134.fastq.gz,ERR1293134,2e0b1236,10713000,51,DNA,1000,10713,True,0.9116963132564126,0.9370893809979524,0.9243928471271825,0.9370893809979524,False,100,5965,12409,d__Bacteria;p__Bacillota_A;c__Clostridia;o__Lachnospirales;f__Lachnospiraceae;g__Lachnospira;s__Lachnospira sp000436475
92000,0.008587697190329506,0.018249780123131047,0.007747596378232055,0.007172213715851398,1.072289156626506,1.0,0.37329959963444986,/tmp/nxf.XXXXnhfapf/sourmash_database/gtdb-rs214-reps.k51.zip,"GCA_025148125.1 Blautia wexlerae DSM 19850 strain=DSM 19850, ASM2514812v1",7f2073ec6218c72ec98b02ac15cb9880,0.020228671943711522,83000,15,1004000,ERR1293134.fastq.gz,ERR1293134,2e0b1236,10713000,51,DNA,1000,10713,True,0.9109358179992371,0.9263682759300115,0.9186520469646242,0.9263682759300115,False,89,6054,12409,d__Bacteria;p__Bacillota_A;c__Clostridia;o__Lachnospirales;f__Lachnospiraceae;g__Blautia_A;s__Blautia_A wexlerae
115000,0.010734621487911883,0.019077081722093322,0.006907495566134603,0.006446933677169796,1.0810810810810811,1.0,0.2729595929287048,/tmp/nxf.XXXXnhfapf/sourmash_database/gtdb-rs214-reps.k51.zip,"GCA_025145285.1 Alistipes onderdonkii strain=DSM 19147, ASM2514528v1",2de6e539bf1bbcefae850f4a041e233c,0.029646816189739623,74000,16,930000,ERR1293134.fastq.gz,ERR1293134,2e0b1236,10713000,51,DNA,1000,10713,True,0.9149302256779713,0.9333376505911736,0.9241339381345725,0.9333376505911736,False,80,6134,12409,d__Bacteria;p__Bacteroidota;c__Bacteroidia;o__Bacteroidales;f__Rikenellaceae;g__Alistipes;s__Alistipes onderdonkii
77000,0.007187529170167087,0.019807583474816072,0.006534117427424624,0.005802240309452817,1.0285714285714285,1.0,0.1665986255670086,/tmp/nxf.XXXXnhfapf/sourmash_database/gtdb-rs214-reps.k51.zip,"GCF_005121165.3 Dysosmobacter welbionis strain=J115, ASM512116v3",09a34dca3e142e3d9e58ce200e89b31c,0.02178834182229768,70000,17,860000,ERR1293134.fastq.gz,ERR1293134,2e0b1236,10713000,51,DNA,1000,10713,True,0.9077623150234219,0.9277183788184196,0.9177403469209207,0.9277183788184196,False,72,6206,12409,d__Bacteria;p__Bacillota_A;c__Clostridia;o__Oscillospirales;f__Oscillospiraceae;g__Dysosmobacter;s__Dysosmobacter welbionis
429000,0.0400448053766452,0.012030623405030989,0.006160739288714646,0.008139253767426868,1.5303030303030303,1.0,0.8018859771151055,/tmp/nxf.XXXXnhfapf/sourmash_database/gtdb-rs214-reps.k51.zip,"GCF_013009555.1 Bacteroides dorei strain=DSM 17855, ASM1300955v1",92c62d3d608447418f79f40c554d2f69,0.07819905213270142,66000,18,794000,ERR1293134.fastq.gz,ERR1293134,2e0b1236,10713000,51,DNA,1000,10713,True,0.9388559108483784,0.9512574441674763,0.9450566775079273,0.9512574441674763,False,101,6307,12409,d__Bacteria;p__Bacteroidota;c__Bacteroidia;o__Bacteroidales;f__Bacteroidaceae;g__Phocaeicola;s__Phocaeicola dorei
54000,0.00504060487258471,0.02369460289600702,0.00504060487258471,0.0045128535740188574,1.037037037037037,1.0,0.1888525745775105,/tmp/nxf.XXXXnhfapf/sourmash_database/gtdb-rs214-reps.k51.zip,"GCF_003269275.1 Phascolarctobacterium faecium DSM 14760 strain=DSM 14760, ASM326927v1",7c43b2da8075c4100917842aa30c8367,0.02369460289600702,54000,19,740000,ERR1293134.fastq.gz,ERR1293134,2e0b1236,10713000,51,DNA,1000,10713,True,0.9014686754269039,0.929245316908149,0.9153569961675265,0.929245316908149,False,56,6363,12409,d__Bacteria;p__Bacillota_C;c__Negativicutes;o__Acidaminococcales;f__Acidaminococcaceae;g__Phascolarctobacterium;s__Phascolarctobacterium faecium
58000,0.005413983011294689,0.019577735124760076,0.004760571268552226,0.004109920219195745,1.0,1.0,0.0,/tmp/nxf.XXXXnhfapf/sourmash_database/gtdb-rs214-reps.k51.zip,"GCF_000153925.1 [Ruminococcus] torques ATCC 27756 strain=ATCC 27756, ASM15392v1",4abf9d69f1e69e10e84c4f7510c75164,0.022264875239923224,51000,20,689000,ERR1293134.fastq.gz,ERR1293134,2e0b1236,10713000,51,DNA,1000,10713,True,0.9027326591238591,0.9281120202244861,0.9154223396741726,0.9281120202244861,False,51,6414,12409,d__Bacteria;p__Bacillota_A;c__Clostridia;o__Lachnospirales;f__Lachnospiraceae;g__Mediterraneibacter;s__Mediterraneibacter torques
64000,0.005974050219359656,0.007774390243902439,0.004760571268552226,0.004190506890160367,1.0196078431372548,1.0,0.1386483884679505,/tmp/nxf.XXXXnhfapf/sourmash_database/gtdb-rs214-reps.k51.zip,"GCF_002234575.2 Enterocloster bolteae strain=ATCC BAA-613, ASM223457v2",b5edd45c572fe04753d4848d8e14e842,0.00975609756097561,51000,21,638000,ERR1293134.fastq.gz,ERR1293134,2e0b1236,10713000,51,DNA,1000,10713,True,0.9044767941722688,0.9132171142817191,0.9088469542269939,0.9132171142817191,False,52,6466,12409,d__Bacteria;p__Bacillota_A;c__Clostridia;o__Lachnospirales;f__Lachnospiraceae;g__Enterocloster;s__Enterocloster bolteae
