intersect_bp,f_orig_query,f_match,f_unique_to_query,f_unique_weighted,average_abund,median_abund,std_abund,filename,name,md5,f_match_orig,unique_intersect_bp,gather_result_rank,remaining_bp,query_filename,query_name,query_md5,query_bp,ksize,moltype,scaled,query_n_hashes,query_abundance,query_containment_ani,match_containment_ani,average_containment_ani,max_containment_ani,potential_false_negative,n_unique_weighted_found,sum_weighted_found,total_weighted_hashes,lineage
1678000,0.10053924505692031,0.8078960038517092,0.10053924505692031,0.1853484977496655,3.6323003575685338,3.0,2.041600910871862,/tmp/nxf.XXXXfkgv3C/sourmash_database/gtdb-rs214-reps.k51.zip,"GCF_004843545.1 Streptococcus pasteurianus strain=WUSP067, ASM484354v1",6736e580373f561321cc539b496daf3e,0.8078960038517092,1678000,0,4704000,ERR1293559_2.fastq.gz,ERR1293559,f0366305,16690000,51,DNA,1000,16690,True,0.9559561099760354,0.9958259525776335,0.9758910312768345,0.9958259525776335,False,6095,6095,32884,d__Bacteria;p__Bacillota;c__Bacilli;o__Lactobacillales;f__Streptococcaceae;g__Streptococcus;s__Streptococcus pasteurianus
1425000,0.085380467345716,0.28922265070022324,0.085380467345716,0.10938450310181243,2.5242105263157897,2.0,2.071598202734644,/tmp/nxf.XXXXfkgv3C/sourmash_database/gtdb-rs214-reps.k51.zip,"GCF_003697165.2 Escherichia coli DSM 30083 = JCM 1649 = ATCC 11775 strain=ATCC 11775, ASM369716v2",84efa859553c7c5d22f6f6377fa345fd,0.28922265070022324,1425000,1,3279000,ERR1293559_2.fastq.gz,ERR1293559,f0366305,16690000,51,DNA,1000,16690,True,0.9528976274701904,0.9759687847884353,0.9644332061293128,0.9759687847884353,False,3597,9692,32884,d__Bacteria;p__Pseudomonadota;c__Gammaproteobacteria;o__Enterobacterales;f__Enterobacteriaceae;g__Escherichia;s__Escherichia coli
846000,0.05068903535050929,0.33505154639175255,0.0506291192330737,0.041600778494100474,1.6189349112426035,1.0,1.356682798113975,/tmp/nxf.XXXXfkgv3C/sourmash_database/gtdb-rs214-reps.k51.zip,"GCF_000297775.1 Sutterella wadsworthensis 2_1_59BFAA strain=2_1_59BFAA, Sutt_wads_2_1_59BFAA_V1",3734ccb9f3bdf4dec767943ba7d441a9,0.3354480570975416,845000,2,2434000,ERR1293559_2.fastq.gz,ERR1293559,f0366305,16690000,51,DNA,1000,16690,True,0.9432051369522775,0.9788103093358422,0.9610077231440599,0.9788103093358422,False,1368,11060,32884,d__Bacteria;p__Pseudomonadota;c__Gammaproteobacteria;o__Burkholderiales;f__Burkholderiaceae_A;g__Sutterella;s__Sutterella wadsworthensis_A
497000,0.029778310365488316,0.18761796904492262,0.029778310365488316,0.01979686169565746,1.3098591549295775,1.0,0.7180928381672195,/tmp/nxf.XXXXfkgv3C/sourmash_database/gtdb-rs214-reps.k51.zip,"GCF_024499055.1 Turicibacter bilis strain=MMM721, ASM2449905v1",645f6a8878cea29f494b6aad2d08782e,0.18761796904492262,497000,3,1937000,ERR1293559_2.fastq.gz,ERR1293559,f0366305,16690000,51,DNA,1000,16690,True,0.9334186449102995,0.9677216985189411,0.9505701717146202,0.9677216985189411,False,651,11711,32884,d__Bacteria;p__Bacillota;c__Bacilli;o__Haloplasmatales;f__Turicibacteraceae;g__Turicibacter;s__Turicibacter bilis
300000,0.017974835230677052,0.11359333585762968,0.017974835230677052,0.010825933584722053,1.1866666666666668,1.0,0.5084180257316698,/tmp/nxf.XXXXfkgv3C/sourmash_database/gtdb-rs214-reps.k51.zip,"GCF_014287815.1 Clostridium sp. NSJ-42 strain=NSJ-42, ASM1428781v1",4cfb116aa26e3a8a0530598916e724e4,0.11359333585762968,300000,4,1637000,ERR1293559_2.fastq.gz,ERR1293559,f0366305,16690000,51,DNA,1000,16690,True,0.924225067286884,0.9582470852926678,0.9412360762897759,0.9582470852926678,False,356,12067,32884,d__Bacteria;p__Bacillota_A;c__Clostridia;o__Clostridiales;f__Clostridiaceae;g__Clostridium;s__Clostridium sp001916075
497000,0.029778310365488316,0.038478073946689596,0.010724985020970641,0.014353484977496654,2.636871508379888,2.0,1.4862435269762255,/tmp/nxf.XXXXfkgv3C/sourmash_database/gtdb-rs214-reps.k51.zip,"GCF_004211955.1 Escherichia sp. E1V33 strain=E1V33, ASM421195v1",e9fb153d1248b2562fc0e641351fabc1,0.10683576956147893,179000,5,1458000,ERR1293559_2.fastq.gz,ERR1293559,f0366305,16690000,51,DNA,1000,16690,True,0.9334186449102995,0.9570954003245516,0.9452570226174255,0.9570954003245516,False,472,12539,32884,d__Bacteria;p__Pseudomonadota;c__Gammaproteobacteria;o__Enterobacterales;f__Enterobacteriaceae;g__Escherichia;s__Escherichia sp004211955
539000,0.0322947872977831,0.030978381992422553,0.008328340323547035,0.010582654178323806,2.5035971223021583,2.0,1.8007756151466585,/tmp/nxf.XXXXfkgv3C/sourmash_database/gtdb-rs214-reps.k51.zip,"GCF_002965065.1 Escherichia sp. MOD1-EC7003 strain=MOD1-EC7003, ASM296506v1",10464a15002925b3d236f1c4c1df1115,0.12012480499219969,139000,6,1319000,ERR1293559_2.fastq.gz,ERR1293559,f0366305,16690000,51,DNA,1000,16690,True,0.9349046126573196,0.9592980955093,0.9471013540833098,0.9592980955093,False,348,12887,32884,d__Bacteria;p__Pseudomonadota;c__Gammaproteobacteria;o__Enterobacterales;f__Enterobacteriaceae;g__Escherichia;s__Escherichia sp002965065
128000,0.007669263031755543,0.0600096015362458,0.007489514679448772,0.004196569760369784,1.104,1.0,0.3304300228490142,/tmp/nxf.XXXXfkgv3C/sourmash_database/gtdb-rs214-reps.k51.zip,"GCF_013393365.1 Veillonella sp. T1-7 strain=T1-7, ASM1339336v1",4b6a1b85ff203e01624090a1d6023898,0.061449831973115696,125000,7,1194000,ERR1293559_2.fastq.gz,ERR1293559,f0366305,16690000,51,DNA,1000,16690,True,0.9089177422930959,0.9467722144475003,0.927844978370298,0.9467722144475003,False,138,13025,32884,d__Bacteria;p__Bacillota_C;c__Negativicutes;o__Veillonellales;f__Veillonellaceae;g__Veillonella;s__Veillonella nakazawae
449000,0.026902336728579987,0.025261720527992717,0.006650689035350509,0.008271499817540445,2.4504504504504503,2.0,1.3539314708378052,/tmp/nxf.XXXXfkgv3C/sourmash_database/gtdb-rs214-reps.k51.zip,"GCA_021307345.1 Escherichia coli strain=E69, ASM2130734v1",16da23244605ebeb4b38a016ebcc0853,0.10218479745106963,111000,8,1083000,ERR1293559_2.fastq.gz,ERR1293559,f0366305,16690000,51,DNA,1000,16690,True,0.9315615797935816,0.956260466695569,0.9439110232445753,0.956260466695569,False,272,13297,32884,d__Bacteria;p__Pseudomonadota;c__Gammaproteobacteria;o__Enterobacterales;f__Enterobacteriaceae;g__Escherichia;s__Escherichia ruysiae
111000,0.006650689035350509,0.023390557939914163,0.006530856800479329,0.0034971414669748204,1.055045871559633,1.0,0.2652629778862561,/tmp/nxf.XXXXfkgv3C/sourmash_database/gtdb-rs214-reps.k51.zip,"GCF_006742065.1 Clostridium butyricum strain=NBRC 13949, ASM674206v1",5b73ceae277dc72e6f46b505040e5232,0.023819742489270386,109000,9,974000,ERR1293559_2.fastq.gz,ERR1293559,f0366305,16690000,51,DNA,1000,16690,True,0.906381662777621,0.9293412975437335,0.9178614801606773,0.9293412975437335,False,115,13412,32884,d__Bacteria;p__Bacillota_A;c__Clostridia;o__Clostridiales;f__Clostridiaceae;g__Clostridium;s__Clostridium butyricum
141000,0.008448172558418215,0.024536376604850214,0.005152786099460755,0.008514779223938694,3.255813953488372,2.0,6.258363792616688,/tmp/nxf.XXXXfkgv3C/sourmash_database/gtdb-rs214-reps.k51.zip,"GCA_022728415.1 Collinsella sp., ASM2272841v1",f6aa1a5c3b6ba84a8235617fbaa0eb23,0.04022824536376605,86000,10,888000,ERR1293559_2.fastq.gz,ERR1293559,f0366305,16690000,51,DNA,1000,16690,True,0.9106432854869531,0.9389400509869942,0.9247916682369737,0.9389400509869942,False,280,13692,32884,d__Bacteria;p__Actinomycetota;c__Coriobacteriia;o__Coriobacteriales;f__Coriobacteriaceae;g__Collinsella;s__Collinsella sp022728415
409000,0.024505692031156382,0.01775780915703894,0.004973037747153984,0.005534606495560151,2.1927710843373496,2.0,1.348429084449898,/tmp/nxf.XXXXfkgv3C/sourmash_database/gtdb-rs214-reps.k51.zip,"GCF_000026225.1 Escherichia fergusonii ATCC 35469 strain=ATCC 35469T, ASM2622v1",7dbe6010890b58df30d52f7c51938181,0.0875053487376979,83000,11,805000,ERR1293559_2.fastq.gz,ERR1293559,f0366305,16690000,51,DNA,1000,16690,True,0.9298587870120344,0.9533570453946891,0.9416079162033617,0.9533570453946891,False,182,13874,32884,d__Bacteria;p__Pseudomonadota;c__Gammaproteobacteria;o__Enterobacterales;f__Enterobacteriaceae;g__Escherichia;s__Escherichia fergusonii
89000,0.005332534451767525,0.03877068557919622,0.004913121629718394,0.004287799537769128,1.7195121951219512,1.0,6.035008416838761,/tmp/nxf.XXXXfkgv3C/sourmash_database/gtdb-rs214-reps.k51.zip,"GCF_009717815.1 Streptococcus parasanguinis strain=BIOML-A3, ASM971781v1",dd415b2478655ccd892f716ec90ea830,0.042080378250591015,82000,12,723000,ERR1293559_2.fastq.gz,ERR1293559,f0366305,16690000,51,DNA,1000,16690,True,0.9024643852320983,0.9397691176886869,0.9211167514603926,0.9397691176886869,False,141,14015,32884,d__Bacteria;p__Bacillota;c__Bacilli;o__Lactobacillales;f__Streptococcaceae;g__Streptococcus;s__Streptococcus parasanguinis_F
82000,0.004913121629718394,0.03507880020335536,0.004134212103055722,0.0021895146575842354,1.0434782608695652,1.0,0.20393111999232302,/tmp/nxf.XXXXfkgv3C/sourmash_database/gtdb-rs214-reps.k51.zip,"GCF_002959915.1 Veillonella atypica KON strain=ATCC 17744, ASM295991v1",154e4b388ee290a12ac4205af985e5c8,0.041687849517031014,69000,13,654000,ERR1293559_2.fastq.gz,ERR1293559,f0366305,16690000,51,DNA,1000,16690,True,0.9010159941404996,0.9395964399349614,0.9203062170377305,0.9395964399349614,False,72,14087,32884,d__Bacteria;p__Bacillota_C;c__Negativicutes;o__Veillonellales;f__Veillonellaceae;g__Veillonella;s__Veillonella atypica
254000,0.015218693828639903,0.012992831541218637,0.0034751348112642302,0.005291327089161903,3.0,3.0,1.7907809893239703,/tmp/nxf.XXXXfkgv3C/sourmash_database/gtdb-rs214-reps.k51.zip,"GCF_000759775.1 Escherichia albertii NBRC 107761 strain=NBRC 107761, ASM75977v1",ebd4d730f1342f1c3302b774331e9b52,0.056899641577060935,58000,14,596000,ERR1293559_2.fastq.gz,ERR1293559,f0366305,16690000,51,DNA,1000,16690,True,0.9212135997792127,0.9453451119424698,0.9332793558608412,0.9453451119424698,False,174,14261,32884,d__Bacteria;p__Pseudomonadota;c__Gammaproteobacteria;o__Enterobacterales;f__Enterobacteriaceae;g__Escherichia;s__Escherichia albertii
63000,0.003774715398442181,0.022922636103151862,0.0033553025763930497,0.001885415399586425,1.1071428571428572,1.0,0.4087686836521285,/tmp/nxf.XXXXfkgv3C/sourmash_database/gtdb-rs214-reps.k51.zip,"GCF_009738225.1 Streptococcus salivarius strain=ICDC2, ASM973822v1",5ae9afeb0726da98b9ad23f621cd14d6,0.025787965616045846,56000,15,540000,ERR1293559_2.fastq.gz,ERR1293559,f0366305,16690000,51,DNA,1000,16690,True,0.8963712646810735,0.9307891567977659,0.9135802107394198,0.9307891567977659,False,62,14323,32884,d__Bacteria;p__Bacillota;c__Bacilli;o__Lactobacillales;f__Streptococcaceae;g__Streptococcus;s__Streptococcus sp001556435
