intersect_bp,f_orig_query,f_match,f_unique_to_query,f_unique_weighted,average_abund,median_abund,std_abund,filename,name,md5,f_match_orig,unique_intersect_bp,gather_result_rank,remaining_bp,query_filename,query_name,query_md5,query_bp,ksize,moltype,scaled,query_n_hashes,query_abundance,query_containment_ani,match_containment_ani,average_containment_ani,max_containment_ani,potential_false_negative,n_unique_weighted_found,sum_weighted_found,total_weighted_hashes,lineage
1925000,0.16295606535173116,0.44788273615635177,0.16295606535173116,0.20994590095713692,1.5724675324675326,1.0,0.924455832697375,/tmp/nxf.XXXXNxCj2S/sourmash_database/gtdb-rs214-reps.k51.zip,"GCA_025151215.1 Parabacteroides merdae ATCC 43184 strain=ATCC 43184, ASM2515121v1",04366d02afc93cbeed4bfc2d3a9aa9a9,0.44788273615635177,1925000,0,4440000,ERR1293062.fastq.gz,ERR1293062,9c70e503,11813000,51,DNA,1000,11813,True,0.9650513054483011,0.9843738877513499,0.9747125965998256,0.9843738877513499,False,3027,3027,14418,d__Bacteria;p__Bacteroidota;c__Bacteroidia;o__Bacteroidales;f__Tannerellaceae;g__Parabacteroides;s__Parabacteroides merdae
1214000,0.10276813679844239,0.1908177905308465,0.10132904427325827,0.1106949646275489,1.3333333333333333,1.0,0.6924826089821245,/tmp/nxf.XXXXNxCj2S/sourmash_database/gtdb-rs214-reps.k51.zip,"GCF_000011065.1 Bacteroides thetaiotaomicron VPI-5482 strain=VPI-5482, ASM1106v1",36e5cf9f0e4c0a0411f3300c5364f87f,0.19352781763111748,1197000,1,3243000,ERR1293062.fastq.gz,ERR1293062,9c70e503,11813000,51,DNA,1000,11813,True,0.9563672070308238,0.9683103556274398,0.9623387813291318,0.9683103556274398,False,1596,4623,14418,d__Bacteria;p__Bacteroidota;c__Bacteroidia;o__Bacteroidales;f__Bacteroidaceae;g__Bacteroides;s__Bacteroides thetaiotaomicron
247000,0.020909167865910436,0.07706708268330734,0.020909167865910436,0.01907338049660147,1.1133603238866396,1.0,0.3964718436387074,/tmp/nxf.XXXXNxCj2S/sourmash_database/gtdb-rs214-reps.k51.zip,"GCA_000020605.1 [Eubacterium] rectale ATCC 33656 strain=ATCC 33656, ASM2060v1",bb4d1c2199066ffc1226ec8433ce5698,0.07706708268330734,247000,2,2996000,ERR1293062.fastq.gz,ERR1293062,9c70e503,11813000,51,DNA,1000,11813,True,0.9269694607954159,0.9509855114491029,0.9389774861222594,0.9509855114491029,False,275,4898,14418,d__Bacteria;p__Bacillota_A;c__Clostridia;o__Lachnospirales;f__Lachnospiraceae;g__Agathobacter;s__Agathobacter rectalis
193000,0.016337932785913823,0.0489851150202977,0.015322102768136798,0.014079622693854904,1.1215469613259668,1.0,0.42909365389939447,/tmp/nxf.XXXXNxCj2S/sourmash_database/gtdb-rs214-reps.k51.zip,"GCA_025145845.1 Alistipes shahii WAL 8301 strain=WAL 8301, ASM2514584v1",ce3fdcea4344bf5e1303cba1f2181070,0.052232746955345064,181000,3,2815000,ERR1293062.fastq.gz,ERR1293062,9c70e503,11813000,51,DNA,1000,11813,True,0.9224963343612207,0.9437601269523579,0.9331282306567893,0.9437601269523579,False,203,5101,14418,d__Bacteria;p__Bacteroidota;c__Bacteroidia;o__Bacteroidales;f__Rikenellaceae;g__Alistipes;s__Alistipes shahii
176000,0.014898840260729705,0.061663143058491895,0.014814187759248285,0.01373283395755306,1.1314285714285715,1.0,0.3852801789951445,/tmp/nxf.XXXXNxCj2S/sourmash_database/gtdb-rs214-reps.k51.zip,"GCF_000723465.1 Ruminococcus bicirculans strain=80/3, Rb803",70a947f02b8a53314791d97d0ad7467e,0.06201550387596899,175000,4,2640000,ERR1293062.fastq.gz,ERR1293062,9c70e503,11813000,51,DNA,1000,11813,True,0.9208300004485807,0.9469423389796736,0.9338861697141272,0.9469423389796736,False,198,5299,14418,d__Bacteria;p__Bacillota_A;c__Clostridia;o__Oscillospirales;f__Ruminococcaceae;g__Ruminococcus_D;s__Ruminococcus_D bicirculans
146000,0.01235926521628714,0.07318295739348371,0.01235926521628714,0.01151338604522125,1.1369863013698631,1.0,0.38159967882696216,/tmp/nxf.XXXXNxCj2S/sourmash_database/gtdb-rs214-reps.k51.zip,"GCA_900543625.1 uncultured Clostridiales bacterium, UMGS596",230628a283f5731e4baeb5b079cd6331,0.07318295739348371,146000,5,2494000,ERR1293062.fastq.gz,ERR1293062,9c70e503,11813000,51,DNA,1000,11813,True,0.9174620122293559,0.9500217069311674,0.9337418595802616,0.9500217069311674,False,166,5465,14418,d__Bacteria;p__Bacillota_A;c__Clostridia;o__Oscillospirales;f__Oscillospiraceae;g__CAG-103;s__CAG-103 sp900543625
152000,0.012867180225175655,0.03281636322769162,0.01235926521628714,0.010958524067138299,1.082191780821918,1.0,0.3413681039555373,/tmp/nxf.XXXXNxCj2S/sourmash_database/gtdb-rs214-reps.k51.zip,"GCF_900537995.1 Roseburia intestinalis L1-82 strain=L1-82, Roseburia intestinalis strain L1-82",a0a31bbf8562bc7e5e4b2fd755c9aae9,0.03416498089458305,146000,6,2348000,ERR1293062.fastq.gz,ERR1293062,9c70e503,11813000,51,DNA,1000,11813,True,0.9181868037139063,0.9359371582946382,0.9270619810042722,0.9359371582946382,False,158,5623,14418,d__Bacteria;p__Bacillota_A;c__Clostridia;o__Lachnospirales;f__Lachnospiraceae;g__Roseburia;s__Roseburia intestinalis
122000,0.01032760518073309,0.04194337644180356,0.010158300177770254,0.009016507143847968,1.0833333333333333,1.0,0.37822685726367394,/tmp/nxf.XXXXNxCj2S/sourmash_database/gtdb-rs214-reps.k51.zip,"GCF_020564355.1 Lachnospira pectinoschiza strain=SL.1.13, ASM2056435v1",3bf2c0fcdedffa7ce0c88a9624ebba72,0.04264243271583362,120000,7,2228000,ERR1293062.fastq.gz,ERR1293062,9c70e503,11813000,51,DNA,1000,11813,True,0.9142370475959518,0.9400136419191321,0.9271253447575419,0.9400136419191321,False,130,5753,14418,d__Bacteria;p__Bacillota_A;c__Clostridia;o__Lachnospirales;f__Lachnospiraceae;g__Lachnospira;s__Lachnospira sp000437735
120000,0.010158300177770254,0.03016550987720235,0.009565732667400321,0.008392287418504648,1.0707964601769913,1.0,0.2564845441803441,/tmp/nxf.XXXXNxCj2S/sourmash_database/gtdb-rs214-reps.k51.zip,"GCF_003473545.1 Clostridium sp. AM22-11AC strain=AM22-11AC, ASM347354v1",50efc7fa47c0997c24a73c521b04bdd3,0.03203416978109984,113000,8,2115000,ERR1293062.fastq.gz,ERR1293062,9c70e503,11813000,51,DNA,1000,11813,True,0.9139407877606911,0.9347560902120687,0.9243484389863799,0.9347560902120687,False,121,5874,14418,d__Bacteria;p__Bacillota_A;c__Clostridia;o__Lachnospirales;f__Lachnospiraceae;g__Enterocloster;s__Enterocloster sp000431375
102000,0.008634555151104716,0.04194078947368421,0.008634555151104716,0.0071438479678180055,1.0098039215686274,1.0,0.09852819236393033,/tmp/nxf.XXXXNxCj2S/sourmash_database/gtdb-rs214-reps.k51.zip,"GCA_900544375.1 uncultured Ruminococcaceae bacterium, UMGS668",10109c779a5baf5bc4fa694e8a809e35,0.04194078947368421,102000,9,2013000,ERR1293062.fastq.gz,ERR1293062,9c70e503,11813000,51,DNA,1000,11813,True,0.9110330177778151,0.9397078926553877,0.9253704552166013,0.9397078926553877,False,103,5977,14418,d__Bacteria;p__Bacillota_A;c__Clostridia;o__Oscillospirales;f__Acutalibacteraceae;g__Fimivicinus;s__Fimivicinus sp900544375
101000,0.008549902649623296,0.04351648351648352,0.00838059764666046,0.007698709945900957,1.121212121212121,1.0,0.32637362467481845,/tmp/nxf.XXXXNxCj2S/sourmash_database/gtdb-rs214-reps.k51.zip,"GCA_900540455.1 uncultured Faecalibacterium sp., UMGS253",a6dea697c972d5c74e46b458d8fdf516,0.044395604395604395,99000,10,1914000,ERR1293062.fastq.gz,ERR1293062,9c70e503,11813000,51,DNA,1000,11813,True,0.9108570393378792,0.9407565577954733,0.9258067985666762,0.9407565577954733,False,111,6088,14418,d__Bacteria;p__Bacillota_A;c__Clostridia;o__Oscillospirales;f__Ruminococcaceae;g__Faecalibacterium;s__Faecalibacterium sp900540455
106000,0.00897316515703039,0.02801358234295416,0.00838059764666046,0.00749063670411985,1.0909090909090908,1.0,0.3206971286138897,/tmp/nxf.XXXXNxCj2S/sourmash_database/gtdb-rs214-reps.k51.zip,"GCF_005121165.3 Dysosmobacter welbionis strain=J115, ASM512116v3",09a34dca3e142e3d9e58ce200e89b31c,0.029994340690435765,99000,11,1815000,ERR1293062.fastq.gz,ERR1293062,9c70e503,11813000,51,DNA,1000,11813,True,0.9117204152494892,0.9335509514040398,0.9226356833267645,0.9335509514040398,False,108,6196,14418,d__Bacteria;p__Bacillota_A;c__Clostridia;o__Oscillospirales;f__Oscillospiraceae;g__Dysosmobacter;s__Dysosmobacter welbionis
99000,0.00838059764666046,0.028060437866173297,0.007703377634809109,0.00686641697877653,1.0879120879120878,1.0,0.28316700498296976,/tmp/nxf.XXXXNxCj2S/sourmash_database/gtdb-rs214-reps.k51.zip,"GCF_003024715.1 Lachnoclostridium sp. SNUG30386 strain=SNUG30386, ASM302471v1",f96d0bd7faefddb572480835d902e5a6,0.030527289546716005,91000,12,1724000,ERR1293062.fastq.gz,ERR1293062,9c70e503,11813000,51,DNA,1000,11813,True,0.9104998986260829,0.9338733988785819,0.9221866487523325,0.9338733988785819,False,99,6295,14418,d__Bacteria;p__Bacillota_A;c__Clostridia;o__Lachnospirales;f__Lachnospiraceae;g__Clostridium_Q;s__Clostridium_Q fessum
201000,0.017015152797765176,0.01474283799631429,0.007449420130364853,0.008045498682202803,1.3181818181818181,1.0,0.5943953104828191,/tmp/nxf.XXXXNxCj2S/sourmash_database/gtdb-rs214-reps.k51.zip,"GCF_900106755.1 Bacteroides faecis MAJ27 strain=MAJ27, IMG-taxon 2693429916 annotated assembly",29f2cc9d2d6e4b636e9cf811c74231fd,0.0336739822415815,88000,13,1636000,ERR1293062.fastq.gz,ERR1293062,9c70e503,11813000,51,DNA,1000,11813,True,0.9232312726399624,0.9356715427061744,0.9294514076730684,0.9356715427061744,False,116,6411,14418,d__Bacteria;p__Bacteroidota;c__Bacteroidia;o__Bacteroidales;f__Bacteroidaceae;g__Bacteroides;s__Bacteroides faecis
257000,0.021755692880724625,0.023029966703662596,0.007026157622957758,0.008114856429463172,1.4096385542168675,1.0,0.6948371496528296,/tmp/nxf.XXXXNxCj2S/sourmash_database/gtdb-rs214-reps.k51.zip,"GCA_900755095.1 uncultured Bacteroides sp., ERS473029_19",157ba610ccdcf1ff58761725bd879825,0.07130965593784684,83000,14,1553000,ERR1293062.fastq.gz,ERR1293062,9c70e503,11813000,51,DNA,1000,11813,True,0.9276911009697484,0.9495387934785756,0.938614947224162,0.9495387934785756,False,117,6528,14418,d__Bacteria;p__Bacteroidota;c__Bacteroidia;o__Bacteroidales;f__Bacteroidaceae;g__Bacteroides;s__Bacteroides sp900755095
91000,0.007703377634809109,0.025681177575947386,0.00694150512147634,0.005826050769870994,1.024390243902439,1.0,0.15425744683748188,/tmp/nxf.XXXXNxCj2S/sourmash_database/gtdb-rs214-reps.k51.zip,"GCF_900167555.1 Gemmiger formicilis strain=ATCC 27749, IMG-taxon 2590828806 annotated assembly",316f66857e7940a11e48de3faf3d397d,0.028499843407453804,82000,15,1471000,ERR1293062.fastq.gz,ERR1293062,9c70e503,11813000,51,DNA,1000,11813,True,0.9089968458219188,0.9326158532157287,0.9208063495188237,0.9326158532157287,False,84,6612,14418,d__Bacteria;p__Bacillota_A;c__Clostridia;o__Oscillospirales;f__Ruminococcaceae;g__Gemmiger;s__Gemmiger formicilis
80000,0.006772200118513502,0.03966286564204264,0.006772200118513502,0.005756693022610625,1.0375,1.0,0.18998355191963331,/tmp/nxf.XXXXNxCj2S/sourmash_database/gtdb-rs214-reps.k51.zip,"GCA_000435195.1 Clostridium sp. CAG:169, MGS169",2c628f16ba407b3bc78d968830c8b716,0.03966286564204264,80000,16,1391000,ERR1293062.fastq.gz,ERR1293062,9c70e503,11813000,51,DNA,1000,11813,True,0.9067034951852191,0.9386795037703459,0.9226914994777825,0.9386795037703459,False,83,6695,14418,d__Bacteria;p__Bacillota_A;c__Clostridia;o__Oscillospirales;f__Ruminococcaceae;g__Negativibacillus;s__Negativibacillus sp000435195
106000,0.00897316515703039,0.019939424533064107,0.006687547617032084,0.0055486197808295185,1.0126582278481013,1.0,0.11179444134592212,/tmp/nxf.XXXXNxCj2S/sourmash_database/gtdb-rs214-reps.k51.zip,"GCA_003584705.1 Lachnospiraceae bacterium GAM79 strain=GAM79, ASM358470v1",70a12b75803f82aa8bff2c80aad9821b,0.02675416456335184,79000,17,1312000,ERR1293062.fastq.gz,ERR1293062,9c70e503,11813000,51,DNA,1000,11813,True,0.9117204152494892,0.9314607025392574,0.9215905588943734,0.9314607025392574,False,80,6775,14418,d__Bacteria;p__Bacillota_A;c__Clostridia;o__Lachnospirales;f__Lachnospiraceae;g__Acetatifactor;s__Acetatifactor sp900066565
79000,0.006687547617032084,0.03466432645897324,0.006687547617032084,0.0055486197808295185,1.0126582278481013,1.0,0.11179444134592212,/tmp/nxf.XXXXNxCj2S/sourmash_database/gtdb-rs214-reps.k51.zip,"GCF_003269275.1 Phascolarctobacterium faecium DSM 14760 strain=DSM 14760, ASM326927v1",7c43b2da8075c4100917842aa30c8367,0.03466432645897324,79000,18,1233000,ERR1293062.fastq.gz,ERR1293062,9c70e503,11813000,51,DNA,1000,11813,True,0.9064798908832697,0.9362034782491347,0.9213416845662022,0.9362034782491347,False,80,6855,14418,d__Bacteria;p__Bacillota_C;c__Negativicutes;o__Acidaminococcales;f__Acidaminococcaceae;g__Phascolarctobacterium;s__Phascolarctobacterium faecium
92000,0.007788030136290527,0.030504497457958545,0.006602895115550665,0.005826050769870994,1.0769230769230769,1.0,0.26646935501059654,/tmp/nxf.XXXXNxCj2S/sourmash_database/gtdb-rs214-reps.k51.zip,"GCF_018408575.1 Oscillibacter sp. MM50 strain=MM50, ASM1840857v1",e6e6d5e92963e67195839cba6e2f7cae,0.03597966366836136,78000,19,1155000,ERR1293062.fastq.gz,ERR1293062,9c70e503,11813000,51,DNA,1000,11813,True,0.9091916606292891,0.9368873910464282,0.9230395258378586,0.9368873910464282,False,84,6939,14418,d__Bacteria;p__Bacillota_A;c__Clostridia;o__Oscillospirales;f__Oscillospiraceae;g__Vescimonas;s__Vescimonas coprocola
80000,0.006772200118513502,0.0275,0.006518242614069246,0.0054792620335691496,1.025974025974026,1.0,0.15905777550540123,/tmp/nxf.XXXXNxCj2S/sourmash_database/gtdb-rs214-reps.k51.zip,"GCA_001304995.1 Clostridia bacterium UC5.1-1D10 strain=UC5.1-1D10, ASM130499v1",b3eb83ec1585e4f34c5370ace6dfe9b6,0.02857142857142857,77000,20,1078000,ERR1293062.fastq.gz,ERR1293062,9c70e503,11813000,51,DNA,1000,11813,True,0.9067034951852191,0.9326617285238548,0.9196826118545369,0.9326617285238548,False,79,7018,14418,d__Bacteria;p__Bacillota_A;c__Clostridia;o__Lachnospirales;f__Anaerotignaceae;g__Anaerotignum;s__Anaerotignum sp001304995
83000,0.007026157622957758,0.020940984498232253,0.006518242614069246,0.0070744902205576365,1.3246753246753247,1.0,0.5908734112247961,/tmp/nxf.XXXXNxCj2S/sourmash_database/gtdb-rs214-reps.k51.zip,"GCA_900755895.1 Clostridia bacterium, ERS473283_28",58318ee12a4ac30ff9128e9078d0382d,0.022572749524068535,77000,21,1001000,ERR1293062.fastq.gz,ERR1293062,9c70e503,11813000,51,DNA,1000,11813,True,0.9073582286817444,0.928361972061627,0.9178601003716857,0.928361972061627,False,102,7120,14418,d__Bacteria;p__Bacillota_A;c__Clostridia;o__Oscillospirales;f__Acutalibacteraceae;g__Acutalibacter;s__Acutalibacter sp900755895
70000,0.005925675103699314,0.02517428350116189,0.00550241259629222,0.004508253571923984,1.0,1.0,0.0,/tmp/nxf.XXXXNxCj2S/sourmash_database/gtdb-rs214-reps.k51.zip,"GCA_004000625.1 Candidatus Cibiobacter qucibialis, ASM400062v1",442a7b6ad44794daf4265d6e6158d0b9,0.027110766847405113,65000,22,936000,ERR1293062.fastq.gz,ERR1293062,9c70e503,11813000,51,DNA,1000,11813,True,0.9043326124852278,0.9317025631185637,0.9180175878018957,0.9317025631185637,False,65,7185,14418,d__Bacteria;p__Bacillota_A;c__Clostridia;o__Oscillospirales;f__Ruminococcaceae;g__Gemmiger;s__Gemmiger qucibialis
81000,0.006856852619994921,0.018541409147095178,0.005079150088885127,0.004300180330142877,1.0333333333333334,1.0,0.17950549357115012,/tmp/nxf.XXXXNxCj2S/sourmash_database/gtdb-rs214-reps.k51.zip,"GCA_025149785.1 Coprococcus comes ATCC 27758 strain=ATCC 27758, ASM2514978v1",3a055d916786f743b82f17b95fcc483f,0.025030902348578493,60000,23,876000,ERR1293062.fastq.gz,ERR1293062,9c70e503,11813000,51,DNA,1000,11813,True,0.9069243758556754,0.9302455015411188,0.9185849386983971,0.9302455015411188,False,62,7247,14418,d__Bacteria;p__Bacillota_A;c__Clostridia;o__Lachnospirales;f__Lachnospiraceae;g__Bariatricus;s__Bariatricus comes
74000,0.006264285109624989,0.015850551938862156,0.0047405400829594515,0.0039533915938410324,1.0178571428571428,1.0,0.13243211584099399,/tmp/nxf.XXXXNxCj2S/sourmash_database/gtdb-rs214-reps.k51.zip,"GCA_003573975.1 Clostridiales bacterium CCNA10 strain=CCNA10, ASM357397v1",00fa92bb3e4b24b2703f629c0d80feb8,0.020945372204924994,56000,24,820000,ERR1293062.fastq.gz,ERR1293062,9c70e503,11813000,51,DNA,1000,11813,True,0.9053185147777265,0.9270009057353424,0.9161597102565344,0.9270009057353424,False,57,7304,14418,d__Bacteria;p__Bacillota_A;c__Clostridia;o__Oscillospirales;f__Oscillospiraceae;g__Lawsonibacter;s__Lawsonibacter sp900066825
82000,0.00694150512147634,0.012313104661389622,0.0047405400829594515,0.004993757802746567,1.2857142857142858,1.0,0.880630571852711,/tmp/nxf.XXXXNxCj2S/sourmash_database/gtdb-rs214-reps.k51.zip,"GCA_025148125.1 Blautia wexlerae DSM 19850 strain=DSM 19850, ASM2514812v1",7f2073ec6218c72ec98b02ac15cb9880,0.01802990325417766,56000,25,764000,ERR1293062.fastq.gz,ERR1293062,9c70e503,11813000,51,DNA,1000,11813,True,0.907142599087469,0.9242805031424162,0.9157115511149425,0.9242805031424162,False,72,7376,14418,d__Bacteria;p__Bacillota_A;c__Clostridia;o__Lachnospirales;f__Lachnospiraceae;g__Blautia_A;s__Blautia_A wexlerae
59000,0.004994497587403708,0.018549188473004307,0.0047405400829594515,0.00409210708836177,1.0535714285714286,1.0,0.22517000380211594,/tmp/nxf.XXXXNxCj2S/sourmash_database/gtdb-rs214-reps.k51.zip,"GCA_900538475.1 uncultured Clostridium sp., UMGS34",000abcbdf8502ba0e4038ac3bb55e647,0.019542894998343822,56000,26,708000,ERR1293062.fastq.gz,ERR1293062,9c70e503,11813000,51,DNA,1000,11813,True,0.9013062619248358,0.9257420228431353,0.9135241423839855,0.9257420228431353,False,59,7435,14418,d__Bacteria;p__Bacillota_A;c__Clostridia;o__Lachnospirales;f__Lachnospiraceae;g__Ventrimonas;s__Ventrimonas sp900538475
60000,0.005079150088885127,0.018691588785046728,0.004571235079996614,0.0039533915938410324,1.0555555555555556,1.0,0.22906142364542553,/tmp/nxf.XXXXNxCj2S/sourmash_database/gtdb-rs214-reps.k51.zip,"GCF_020709055.1 Ruminococcus callidus strain=MSK.21.81, ASM2070905v1",3d36fa1fd7c6961f5ace5e67bf2b8252,0.020768431983385256,54000,27,654000,ERR1293062.fastq.gz,ERR1293062,9c70e503,11813000,51,DNA,1000,11813,True,0.9016033375589341,0.9268467167926175,0.9142250271757758,0.9268467167926175,False,57,7492,14418,d__Bacteria;p__Bacillota_A;c__Clostridia;o__Oscillospirales;f__Ruminococcaceae;g__Ruminococcus_C;s__Ruminococcus_C sp000437175
69000,0.005841022602217896,0.014572449821281275,0.004486582578515195,0.003745318352059925,1.0188679245283019,1.0,0.1360585386967543,/tmp/nxf.XXXXNxCj2S/sourmash_database/gtdb-rs214-reps.k51.zip,"GCF_015557635.1 Fusicatenibacter saccharivorans strain=D41t1_190614_C8, ASM1555763v1",d2fdc17cdae8aecf1aac02f627d3979a,0.0189716799560077,53000,28,601000,ERR1293062.fastq.gz,ERR1293062,9c70e503,11813000,51,DNA,1000,11813,True,0.9040775072083121,0.925203716036577,0.9146406116224446,0.925203716036577,False,54,7546,14418,d__Bacteria;p__Bacillota_A;c__Clostridia;o__Lachnospirales;f__Lachnospiraceae;g__Fusicatenibacter;s__Fusicatenibacter saccharivorans
