intersect_bp,f_orig_query,f_match,f_unique_to_query,f_unique_weighted,average_abund,median_abund,std_abund,filename,name,md5,f_match_orig,unique_intersect_bp,gather_result_rank,remaining_bp,query_filename,query_name,query_md5,query_bp,ksize,moltype,scaled,query_n_hashes,query_abundance,query_containment_ani,match_containment_ani,average_containment_ani,max_containment_ani,potential_false_negative,n_unique_weighted_found,sum_weighted_found,total_weighted_hashes,lineage
1185000,0.09559535333978703,0.23326771653543307,0.09559535333978703,0.11169379554586938,1.3839662447257384,1.0,0.8677510379362761,/tmp/nxf.XXXX0iYzRW/sourmash_database/gtdb-rs214-reps.k51.zip,"GCF_000012825.1 Bacteroides vulgatus ATCC 8482 strain=ATCC 8482, ASM1282v1",63b92dc09e7b5ffbd878d8e5fce5cfec,0.23326771653543307,1185000,0,6292000,ERR1293161.fastq.gz,ERR1293161,0108975c,12396000,51,DNA,1000,12396,True,0.9550114188391065,0.971862875979555,0.9634371474093307,0.971862875979555,False,1640,1640,14683,d__Bacteria;p__Bacteroidota;c__Bacteroidia;o__Bacteroidales;f__Bacteroidaceae;g__Phocaeicola;s__Phocaeicola vulgatus
1116000,0.09002904162633107,0.17276107840099164,0.0899483704420781,0.09098957978614725,1.1982062780269058,1.0,0.5316835200766754,/tmp/nxf.XXXX0iYzRW/sourmash_database/gtdb-rs214-reps.k51.zip,"GCF_001314995.1 Bacteroides ovatus strain=ATCC 8483, ASM131499v1",c28ea957513bf36bf9dc694cd077b880,0.17291602107220327,1115000,1,5177000,ERR1293161.fastq.gz,ERR1293161,0108975c,12396000,51,DNA,1000,12396,True,0.95388868794304,0.9661745483591738,0.9600316181511069,0.9661745483591738,False,1336,2976,14683,d__Bacteria;p__Bacteroidota;c__Bacteroidia;o__Bacteroidales;f__Bacteroidaceae;g__Bacteroides;s__Bacteroides ovatus
704000,0.05679251371410132,0.17447455051911875,0.05558244595030655,0.06238507117074167,1.3294629898403483,1.0,0.7088614937210695,/tmp/nxf.XXXX0iYzRW/sourmash_database/gtdb-rs214-reps.k51.zip,"GCA_025147325.1 Bacteroides stercoris ATCC 43183 strain=ATCC 43183, ASM2514732v1",457cfca025715f640ca0a2d4865521d7,0.17827298050139276,689000,2,4488000,ERR1293161.fastq.gz,ERR1293161,0108975c,12396000,51,DNA,1000,12396,True,0.9453101806826503,0.9667527195683006,0.9560314501254754,0.9667527195683006,False,916,3892,14683,d__Bacteria;p__Bacteroidota;c__Bacteroidia;o__Bacteroidales;f__Bacteroidaceae;g__Bacteroides;s__Bacteroides stercoris
739000,0.059616005162955794,0.15433499773036768,0.05485640529202969,0.05720901723081114,1.2352941176470589,1.0,0.5994518834348869,/tmp/nxf.XXXX0iYzRW/sourmash_database/gtdb-rs214-reps.k51.zip,"GCF_000382445.1 Bacteroides massiliensis B84634 = Timone 84634 = DSM 17679 = JCM 13223 strain=DSM 17679, Bact_mass_DSM_17679_V1",61edb0d0d8fa658bb8f1cd38bd81ed44,0.16772582841579664,680000,3,3808000,ERR1293161.fastq.gz,ERR1293161,0108975c,12396000,51,DNA,1000,12396,True,0.9462099427047723,0.9655973770311652,0.9559036598679688,0.9655973770311652,False,840,4732,14683,d__Bacteria;p__Bacteroidota;c__Bacteroidia;o__Bacteroidales;f__Bacteroidaceae;g__Phocaeicola;s__Phocaeicola massiliensis
556000,0.04485317844465957,0.11894369271060672,0.043965795417876735,0.041408431519444254,1.1155963302752294,1.0,0.336515962495178,/tmp/nxf.XXXX0iYzRW/sourmash_database/gtdb-rs214-reps.k51.zip,"GCA_025147485.1 Bacteroides uniformis strain=ATCC 8492, ASM2514748v1",177d80c9d0f18e5195e47e20bdf54706,0.12134439109559145,545000,4,3263000,ERR1293161.fastq.gz,ERR1293161,0108975c,12396000,51,DNA,1000,12396,True,0.9409457240317743,0.9594881205508979,0.9502169222913361,0.9594881205508979,False,608,5340,14683,d__Bacteria;p__Bacteroidota;c__Bacteroidia;o__Bacteroidales;f__Bacteroidaceae;g__Bacteroides;s__Bacteroides uniformis
260000,0.020974507905776058,0.05305867665418227,0.02057115198451113,0.019205884356058026,1.1058823529411765,1.0,0.4065212363099058,/tmp/nxf.XXXX0iYzRW/sourmash_database/gtdb-rs214-reps.k51.zip,"GCF_000012845.1 Parabacteroides distasonis ATCC 8503 strain=ATCC 8503, ASM1284v1",85c74583c59734abc0e8f1a3e909b79d,0.05409904286308781,255000,5,3008000,ERR1293161.fastq.gz,ERR1293161,0108975c,12396000,51,DNA,1000,12396,True,0.9270261726029099,0.9444100065641118,0.9357180895835109,0.9444100065641118,False,282,5622,14683,d__Bacteria;p__Bacteroidota;c__Bacteroidia;o__Bacteroidales;f__Tannerellaceae;g__Parabacteroides;s__Parabacteroides distasonis
224000,0.0180703452726686,0.08406374501992032,0.0170216198773798,0.015323843901110128,1.066350710900474,1.0,0.31601105361459053,/tmp/nxf.XXXX0iYzRW/sourmash_database/gtdb-rs214-reps.k51.zip,"GCF_000154465.1 Alistipes putredinis DSM 17216 strain=DSM 17216, ASM15446v1",2f08d0845365d89ec7bf59fbef01de57,0.08924302788844622,211000,6,2797000,ERR1293161.fastq.gz,ERR1293161,0108975c,12396000,51,DNA,1000,12396,True,0.924321109680458,0.9537246892187825,0.9390228994496203,0.9537246892187825,False,225,5847,14683,d__Bacteria;p__Bacteroidota;c__Bacteroidia;o__Bacteroidales;f__Rikenellaceae;g__Alistipes;s__Alistipes putredinis
204000,0.016456921587608905,0.07088255733148019,0.016456921587608905,0.016345433494517468,1.1764705882352942,1.0,0.42958631961189503,/tmp/nxf.XXXX0iYzRW/sourmash_database/gtdb-rs214-reps.k51.zip,"GCF_020687245.1 Faecalibacterium longum CLA-AA-H243 strain=CLA-AA-H243, ASM2068724v1",e1ff3e2f54ab82a776eb959bb6aa8673,0.07088255733148019,204000,7,2593000,ERR1293161.fastq.gz,ERR1293161,0108975c,12396000,51,DNA,1000,12396,True,0.922627601994756,0.9494269525921586,0.9360272772934572,0.9494269525921586,False,240,6087,14683,d__Bacteria;p__Bacillota_A;c__Clostridia;o__Oscillospirales;f__Ruminococcaceae;g__Faecalibacterium;s__Faecalibacterium longum
149000,0.01202000645369474,0.03366524419155998,0.011455308163923846,0.012735816931144861,1.3169014084507042,1.0,0.8750832419950411,/tmp/nxf.XXXX0iYzRW/sourmash_database/gtdb-rs214-reps.k51.zip,"GCF_000233955.1 Paraprevotella clara YIT 11840 strain=YIT 11840, ASM23395v1",a7b69f5cd84ffe9ff1895f0e06bca3c3,0.035324798482693216,142000,8,2451000,ERR1293161.fastq.gz,ERR1293161,0108975c,12396000,51,DNA,1000,12396,True,0.916961438804,0.9365500133166166,0.9267557260603083,0.9365500133166166,False,187,6274,14683,d__Bacteria;p__Bacteroidota;c__Bacteroidia;o__Bacteroidales;f__Bacteroidaceae;g__Paraprevotella;s__Paraprevotella clara
140000,0.011293965795417877,0.03449975357318876,0.011293965795417877,0.010215895934073418,1.0714285714285714,1.0,0.28392295591931127,/tmp/nxf.XXXX0iYzRW/sourmash_database/gtdb-rs214-reps.k51.zip,"GCF_024622975.1 Blautia caecimuris strain=DSM 29492, ASM2462297v1",1248931c5307393cc9ef816719d4b9e7,0.03449975357318876,140000,9,2311000,ERR1293161.fastq.gz,ERR1293161,0108975c,12396000,51,DNA,1000,12396,True,0.9158419216221919,0.9361161231407115,0.9259790223814517,0.9361161231407115,False,150,6424,14683,d__Bacteria;p__Bacillota_A;c__Clostridia;o__Lachnospirales;f__Lachnospiraceae;g__Blautia_A;s__Blautia_A caecimuris
132000,0.010648596321393998,0.06111111111111111,0.010648596321393998,0.010147789961179595,1.128787878787879,1.0,0.4671853669859572,/tmp/nxf.XXXX0iYzRW/sourmash_database/gtdb-rs214-reps.k51.zip,"GCA_000980495.1 Acinetobacter sp. N54.MGS-139, ASM98049v1",32323b38ef01fbce652a3b69a0a21c55,0.06111111111111111,132000,10,2179000,ERR1293161.fastq.gz,ERR1293161,0108975c,12396000,51,DNA,1000,12396,True,0.9147858917795634,0.9466696084500235,0.9307277501147935,0.9466696084500235,False,149,6573,14683,d__Bacteria;p__Pseudomonadota;c__Gammaproteobacteria;o__Burkholderiales;f__Burkholderiaceae_A;g__Parasutterella;s__Parasutterella gallistercoris
128000,0.010325911584382058,0.04424157303370786,0.01016456921587609,0.0092624123135599,1.0793650793650793,1.0,0.29822689250882434,/tmp/nxf.XXXX0iYzRW/sourmash_database/gtdb-rs214-reps.k51.zip,"GCA_018223375.1 Clostridiaceae bacterium Marseille-Q3526 strain=Marseille-Q3526, ASM1822337v1",0f51a2a6803681fa278dc1642b4a736d,0.0449438202247191,126000,11,2053000,ERR1293161.fastq.gz,ERR1293161,0108975c,12396000,51,DNA,1000,12396,True,0.9142341076873005,0.9409829717557522,0.9276085397215263,0.9409829717557522,False,136,6709,14683,d__Bacteria;p__Bacillota_A;c__Clostridia;o__Lachnospirales;f__Lachnospiraceae;g__Clostridium_Q;s__Clostridium_Q sp000435655
157000,0.012665375927718618,0.043617021276595745,0.009922555663117135,0.008989988421984608,1.0731707317073171,1.0,0.2604165427324711,/tmp/nxf.XXXX0iYzRW/sourmash_database/gtdb-rs214-reps.k51.zip,"GCF_023347275.1 Faecalibacterium sp. I3389 strain=I3389, ASM2334727v1",105d513d0b8d24a4f97fa1ab6cc3e404,0.055673758865248224,123000,12,1930000,ERR1293161.fastq.gz,ERR1293161,0108975c,12396000,51,DNA,1000,12396,True,0.9179022470768868,0.9449414779125768,0.9314218624947318,0.9449414779125768,False,132,6841,14683,d__Bacteria;p__Bacillota_A;c__Clostridia;o__Oscillospirales;f__Ruminococcaceae;g__Faecalibacterium;s__Faecalibacterium sp900758465
176000,0.01419812842852533,0.026058631921824105,0.0090351726363343,0.008036504801471089,1.0535714285714286,1.0,0.3229132378575914,/tmp/nxf.XXXX0iYzRW/sourmash_database/gtdb-rs214-reps.k51.zip,"GCA_025151215.1 Parabacteroides merdae ATCC 43184 strain=ATCC 43184, ASM2515121v1",04366d02afc93cbeed4bfc2d3a9aa9a9,0.04094927873429502,112000,13,1818000,ERR1293161.fastq.gz,ERR1293161,0108975c,12396000,51,DNA,1000,12396,True,0.9199606200087305,0.9392671688875361,0.9296138944481334,0.9392671688875361,False,118,6959,14683,d__Bacteria;p__Bacteroidota;c__Bacteroidia;o__Bacteroidales;f__Tannerellaceae;g__Parabacteroides;s__Parabacteroides merdae
436000,0.035172636334301385,0.017764746464298035,0.008309131978057438,0.008172716747258734,1.1650485436893203,1.0,0.37122435522922637,/tmp/nxf.XXXX0iYzRW/sourmash_database/gtdb-rs214-reps.k51.zip,"GCA_019412865.1 Bacteroides sp., ASM1941286v1",ea887218e0141cf6c988447e4d85d9a1,0.07519834425664022,103000,14,1715000,ERR1293161.fastq.gz,ERR1293161,0108975c,12396000,51,DNA,1000,12396,True,0.9364707437643484,0.9505278985834511,0.9434993211738998,0.9505278985834511,False,120,7079,14683,d__Bacteria;p__Bacteroidota;c__Bacteroidia;o__Bacteroidales;f__Bacteroidaceae;g__Bacteroides;s__Bacteroides sp019412865
855000,0.06897386253630203,0.024666498867354645,0.007905776056792513,0.008445140638834026,1.2653061224489797,1.0,0.8024327857688774,/tmp/nxf.XXXX0iYzRW/sourmash_database/gtdb-rs214-reps.k51.zip,"GCA_900760795.1 Bacteroidaceae bacterium, SRS021948_34",d1db19c7390bdd0d48d0186cf7ff78fb,0.21520261766926754,98000,15,1617000,ERR1293161.fastq.gz,ERR1293161,0108975c,12396000,51,DNA,1000,12396,True,0.9489189262811749,0.9703280351804966,0.9596234807308357,0.9703280351804966,False,124,7203,14683,d__Bacteria;p__Bacteroidota;c__Bacteroidia;o__Bacteroidales;f__Bacteroidaceae;g__Phocaeicola;s__Phocaeicola sp900760795
98000,0.007905776056792513,0.02761795166858458,0.007744433688286544,0.006538173397806987,1.0,1.0,0.0,/tmp/nxf.XXXX0iYzRW/sourmash_database/gtdb-rs214-reps.k51.zip,"GCF_008121495.1 [Ruminococcus] gnavus ATCC 29149 strain=JCM6515, ASM812149v1",c0af2b4fd1a1fb3c5fc7e5a29e4fe5d1,0.02819332566168009,96000,16,1521000,ERR1293161.fastq.gz,ERR1293161,0108975c,12396000,51,DNA,1000,12396,True,0.9094592105884233,0.9324181354502031,0.9209386730193132,0.9324181354502031,False,96,7299,14683,d__Bacteria;p__Bacillota_A;c__Clostridia;o__Lachnospirales;f__Lachnospiraceae;g__Ruminococcus_B;s__Ruminococcus_B gnavus
94000,0.0075830913197805746,0.042476276547672845,0.0075830913197805746,0.006538173397806987,1.0212765957446808,1.0,0.14430489325798443,/tmp/nxf.XXXX0iYzRW/sourmash_database/gtdb-rs214-reps.k51.zip,"GCF_000425045.1 Acidaminococcus intestini DSM 21505 strain=DSM 21505, ASM42504v1",e576d8032d9f52694db59a45e18a38d3,0.042476276547672845,94000,17,1427000,ERR1293161.fastq.gz,ERR1293161,0108975c,12396000,51,DNA,1000,12396,True,0.9087163843594479,0.9399416855330283,0.9243290349462381,0.9399416855330283,False,96,7395,14683,d__Bacteria;p__Bacillota_C;c__Negativicutes;o__Acidaminococcales;f__Acidaminococcaceae;g__Acidaminococcus;s__Acidaminococcus intestini
103000,0.008309131978057438,0.024559530165509876,0.007421748951274605,0.006401961452019342,1.0217391304347827,1.0,0.14583052027172538,/tmp/nxf.XXXX0iYzRW/sourmash_database/gtdb-rs214-reps.k51.zip,"GCF_003473545.1 Clostridium sp. AM22-11AC strain=AM22-11AC, ASM347354v1",50efc7fa47c0997c24a73c521b04bdd3,0.027495995728777364,92000,18,1335000,ERR1293161.fastq.gz,ERR1293161,0108975c,12396000,51,DNA,1000,12396,True,0.9103470174298633,0.9319603594903606,0.9211536884601119,0.9319603594903606,False,94,7489,14683,d__Bacteria;p__Bacillota_A;c__Clostridia;o__Lachnospirales;f__Lachnospiraceae;g__Enterocloster;s__Enterocloster sp000431375
88000,0.007099064214262665,0.023643202579258463,0.007099064214262665,0.0062657495062316965,1.0454545454545454,1.0,0.20829889522526548,/tmp/nxf.XXXX0iYzRW/sourmash_database/gtdb-rs214-reps.k51.zip,"GCF_000239295.1 Flavonifractor plautii ATCC 29863 strain=ATCC 29863, ASM23929v1",1ed22d796c79d0337723a67a4b313636,0.023643202579258463,88000,19,1247000,ERR1293161.fastq.gz,ERR1293161,0108975c,12396000,51,DNA,1000,12396,True,0.9075419070144843,0.9292057493909712,0.9183738282027278,0.9292057493909712,False,92,7581,14683,d__Bacteria;p__Bacillota_A;c__Clostridia;o__Oscillospirales;f__Oscillospiraceae;g__Flavonifractor;s__Flavonifractor plautii
74000,0.005969667634720878,0.015471461425883336,0.005969667634720878,0.005107947967036709,1.0135135135135136,1.0,0.11545951007185856,/tmp/nxf.XXXX0iYzRW/sourmash_database/gtdb-rs214-reps.k51.zip,"GCF_000701705.1 Bilophila wadsworthia ATCC 49260 strain=ATCC 49260, ASM70170v1",b1bd0a4998658b6084d0785f2a2c686c,0.015471461425883336,74000,20,1173000,ERR1293161.fastq.gz,ERR1293161,0108975c,12396000,51,DNA,1000,12396,True,0.9044637791498706,0.9215111925890679,0.9129874858694693,0.9215111925890679,False,75,7656,14683,d__Bacteria;p__Desulfobacterota;c__Desulfovibrionia;o__Desulfovibrionales;f__Desulfovibrionaceae;g__Bilophila;s__Bilophila wadsworthia
81000,0.006534365924491772,0.010823170731707316,0.005727654081961923,0.004903630048355241,1.0140845070422535,1.0,0.11783944035691203,/tmp/nxf.XXXX0iYzRW/sourmash_database/gtdb-rs214-reps.k51.zip,"GCF_002234575.2 Enterocloster bolteae strain=ATCC BAA-613, ASM223457v2",b5edd45c572fe04753d4848d8e14e842,0.012347560975609757,71000,21,1102000,ERR1293161.fastq.gz,ERR1293161,0108975c,12396000,51,DNA,1000,12396,True,0.906068124091063,0.9174449682816553,0.9117565461863592,0.9174449682816553,False,72,7728,14683,d__Bacteria;p__Bacillota_A;c__Clostridia;o__Lachnospirales;f__Lachnospiraceae;g__Enterocloster;s__Enterocloster bolteae
66000,0.005324298160696999,0.033066132264529056,0.005324298160696999,0.004835524075461418,1.0757575757575757,1.0,0.3167355297025284,/tmp/nxf.XXXX0iYzRW/sourmash_database/gtdb-rs214-reps.k51.zip,"GCF_001025195.1 Bifidobacterium catenulatum DSM 16992 = JCM 1194 = LMG 11043 strain=JCM 1194, ASM102519v1",9b566e78d1f78d933a35825fd06d987a,0.033066132264529056,66000,22,1036000,ERR1293161.fastq.gz,ERR1293161,0108975c,12396000,51,DNA,1000,12396,True,0.902437033367463,0.9353374037209279,0.9188872185441954,0.9353374037209279,False,71,7799,14683,d__Bacteria;p__Actinomycetota;c__Actinomycetia;o__Actinomycetales;f__Bifidobacteriaceae;g__Bifidobacterium;s__Bifidobacterium catenulatum
73000,0.005888996450467893,0.018967026553837175,0.0052436269764440145,0.004563100183886126,1.0307692307692307,1.0,0.17269187938956654,/tmp/nxf.XXXX0iYzRW/sourmash_database/gtdb-rs214-reps.k51.zip,"GCF_001517625.2 Clostridium sp. AT4 strain=AT5, Clostridium bouchedurhonense",cc83538e580742ca11ee9ed5266d8f53,0.02130142982200175,65000,23,971000,ERR1293161.fastq.gz,ERR1293161,0108975c,12396000,51,DNA,1000,12396,True,0.9042225207544922,0.9273073478679016,0.9157649343111969,0.9273073478679016,False,67,7866,14683,d__Bacteria;p__Bacillota_A;c__Clostridia;o__Lachnospirales;f__Lachnospiraceae;g__Enterocloster;s__Enterocloster sp001517625
351000,0.028315585672797676,0.02300194931773879,0.004759599870926105,0.005652795750187291,1.4067796610169492,1.0,0.6918078519307984,/tmp/nxf.XXXX0iYzRW/sourmash_database/gtdb-rs214-reps.k51.zip,"GCA_019414665.1 Bacteroides sp., ASM1941466v1",020e6e4bea30c62d0c7beb17e6beaf5f,0.1368421052631579,59000,24,912000,ERR1293161.fastq.gz,ERR1293161,0108975c,12396000,51,DNA,1000,12396,True,0.9324972501389103,0.9617520756981847,0.9471246629185475,0.9617520756981847,False,83,7949,14683,d__Bacteria;p__Bacteroidota;c__Bacteroidia;o__Bacteroidales;f__Bacteroidaceae;g__Phocaeicola;s__Phocaeicola sp019414665
81000,0.006534365924491772,0.019471947194719473,0.004759599870926105,0.004222570319417013,1.0508474576271187,1.0,0.21968612536975793,/tmp/nxf.XXXX0iYzRW/sourmash_database/gtdb-rs214-reps.k51.zip,"GCF_023347255.1 Faecalibacterium sp. I4384 strain=I4384, ASM2334725v1",1ea2dc0eabe05329a021ee2c38093f28,0.026732673267326732,59000,25,853000,ERR1293161.fastq.gz,ERR1293161,0108975c,12396000,51,DNA,1000,12396,True,0.906068124091063,0.9314460255613065,0.9187570748261847,0.9314460255613065,False,62,8011,14683,d__Bacteria;p__Bacillota_A;c__Clostridia;o__Oscillospirales;f__Ruminococcaceae;g__Faecalibacterium;s__Faecalibacterium prausnitzii_D
468000,0.0377541142303969,0.00984323733138899,0.004356243949661181,0.004494994210992304,1.2222222222222223,1.0,0.4581228472908512,/tmp/nxf.XXXX0iYzRW/sourmash_database/gtdb-rs214-reps.k51.zip,"GCF_013009555.1 Bacteroides dorei strain=DSM 17855, ASM1300955v1",92c62d3d608447418f79f40c554d2f69,0.08530805687203792,54000,26,799000,ERR1293161.fastq.gz,ERR1293161,0108975c,12396000,51,DNA,1000,12396,True,0.9377721673488024,0.9528817749051495,0.945326971126976,0.9528817749051495,False,66,8077,14683,d__Bacteria;p__Bacteroidota;c__Bacteroidia;o__Bacteroidales;f__Bacteroidaceae;g__Phocaeicola;s__Phocaeicola dorei
56000,0.00451758631816715,0.014984450098953916,0.004275572765408196,0.0037458285091602535,1.0377358490566038,1.0,0.1905566969502279,/tmp/nxf.XXXX0iYzRW/sourmash_database/gtdb-rs214-reps.k51.zip,"GCF_900104635.1 Coprococcus phoceensis strain=Marseille-P3062, PRJEB16356",3c1093b123c8877409b70557b1c6bbf4,0.01583262651964942,53000,27,746000,ERR1293161.fastq.gz,ERR1293161,0108975c,12396000,51,DNA,1000,12396,True,0.899534394662633,0.9219282373542974,0.9107313160084651,0.9219282373542974,False,55,8132,14683,d__Bacteria;p__Bacillota_A;c__Clostridia;o__Lachnospirales;f__Lachnospiraceae;g__Faecalimonas;s__Faecalimonas phoceensis
52000,0.004194901581155212,0.01859799713876967,0.004194901581155212,0.003541510590478785,1.0,1.0,0.0,/tmp/nxf.XXXX0iYzRW/sourmash_database/gtdb-rs214-reps.k51.zip,"GCA_000436535.1 Eubacterium sp. CAG:252, MGS252",2d5ecc2ee51dd5961462d43a4110e7a8,0.01859799713876967,52000,28,694000,ERR1293161.fastq.gz,ERR1293161,0108975c,12396000,51,DNA,1000,12396,True,0.8982282327088519,0.9248428944788833,0.9115355635938676,0.9248428944788833,False,52,8184,14683,d__Bacteria;p__Bacillota_A;c__Clostridia;o__Lachnospirales;f__Lachnospiraceae;g__Lachnospira;s__Lachnospira sp000436535
