intersect_bp,f_orig_query,f_match,f_unique_to_query,f_unique_weighted,average_abund,median_abund,std_abund,filename,name,md5,f_match_orig,unique_intersect_bp,gather_result_rank,remaining_bp,query_filename,query_name,query_md5,query_bp,ksize,moltype,scaled,query_n_hashes,query_abundance,query_containment_ani,match_containment_ani,average_containment_ani,max_containment_ani,potential_false_negative,n_unique_weighted_found,sum_weighted_found,total_weighted_hashes,lineage
1332000,0.08403255315122074,0.29070274989087735,0.08403255315122074,0.10767924428169612,1.5232732732732732,1.0,0.9268591933841717,/tmp/nxf.XXXX5judri/sourmash_database/gtdb-rs214-reps.k51.zip,"GCA_025147485.1 Bacteroides uniformis strain=ATCC 8492, ASM2514748v1",177d80c9d0f18e5195e47e20bdf54706,0.29070274989087735,1332000,0,6075000,ERR1293266.fastq.gz,ERR1293266,4581be34,15851000,51,DNA,1000,15851,True,0.9526003493555919,0.9760664718652339,0.9643334106104129,0.9760664718652339,False,2029,2029,18843,d__Bacteria;p__Bacteroidota;c__Bacteroidia;o__Bacteroidales;f__Bacteroidaceae;g__Bacteroides;s__Bacteroides uniformis
1037000,0.06542173995331525,0.20334645669291337,0.06516938994385213,0.06936262803162978,1.2652468538238142,1.0,0.8239648450500127,/tmp/nxf.XXXX5judri/sourmash_database/gtdb-rs214-reps.k51.zip,"GCF_000012825.1 Bacteroides vulgatus ATCC 8482 strain=ATCC 8482, ASM1282v1",63b92dc09e7b5ffbd878d8e5fce5cfec,0.20413385826771654,1033000,1,5042000,ERR1293266.fastq.gz,ERR1293266,4581be34,15851000,51,DNA,1000,15851,True,0.9479356674179231,0.9693239032197883,0.9586297853188557,0.9693239032197883,False,1307,3336,18843,d__Bacteria;p__Bacteroidota;c__Bacteroidia;o__Bacteroidales;f__Bacteroidaceae;g__Phocaeicola;s__Phocaeicola vulgatus
515000,0.03249006371837739,0.08685930512555899,0.03185918869471958,0.030621450936687365,1.1425742574257425,1.0,0.3716025063204721,/tmp/nxf.XXXX5judri/sourmash_database/gtdb-rs214-reps.k51.zip,"GCF_000210075.1 Bacteroides xylanisolvens XB1A strain=XB1A, ASM21007v1",6bf3ff1d807c2ab1988e6b3c386a7cec,0.08857929136566907,505000,2,4537000,ERR1293266.fastq.gz,ERR1293266,4581be34,15851000,51,DNA,1000,15851,True,0.9350151300033305,0.9535850965782039,0.9443001132907671,0.9535850965782039,False,577,3913,18843,d__Bacteria;p__Bacteroidota;c__Bacteroidia;o__Bacteroidales;f__Bacteroidaceae;g__Bacteroides;s__Bacteroides xylanisolvens
258000,0.016276575610371585,0.06511862695608278,0.016276575610371585,0.015496470837976967,1.1317829457364341,1.0,0.4291662181601988,/tmp/nxf.XXXX5judri/sourmash_database/gtdb-rs214-reps.k51.zip,"GCA_003584705.1 Lachnospiraceae bacterium GAM79 strain=GAM79, ASM358470v1",70a12b75803f82aa8bff2c80aad9821b,0.06511862695608278,258000,3,4279000,ERR1293266.fastq.gz,ERR1293266,4581be34,15851000,51,DNA,1000,15851,True,0.9224282788213226,0.947849353779988,0.9351388163006553,0.947849353779988,False,292,4205,18843,d__Bacteria;p__Bacillota_A;c__Clostridia;o__Lachnospirales;f__Lachnospiraceae;g__Acetatifactor;s__Acetatifactor sp900066565
240000,0.015141000567787522,0.09402390438247012,0.014888650558324395,0.013585947036034602,1.0847457627118644,1.0,0.2933231915233353,/tmp/nxf.XXXX5judri/sourmash_database/gtdb-rs214-reps.k51.zip,"GCF_000154465.1 Alistipes putredinis DSM 17216 strain=DSM 17216, ASM15446v1",2f08d0845365d89ec7bf59fbef01de57,0.09561752988047809,236000,4,4043000,ERR1293266.fastq.gz,ERR1293266,4581be34,15851000,51,DNA,1000,15851,True,0.9211211543867888,0.9550157624011073,0.938068458393948,0.9550157624011073,False,256,4461,18843,d__Bacteria;p__Bacteroidota;c__Bacteroidia;o__Bacteroidales;f__Rikenellaceae;g__Alistipes;s__Alistipes putredinis
226000,0.014257775534666582,0.12176724137931035,0.014257775534666582,0.014435068725786765,1.2035398230088497,1.0,0.5006065707515381,/tmp/nxf.XXXX5judri/sourmash_database/gtdb-rs214-reps.k51.zip,"GCA_000432435.1 Eubacterium sp. CAG:180, MGS180",6aaa52329b08c80e1697031516b7eac0,0.12176724137931035,226000,5,3817000,ERR1293266.fastq.gz,ERR1293266,4581be34,15851000,51,DNA,1000,15851,True,0.9200362448601533,0.9595535684270465,0.9397949066436,0.9595535684270465,False,272,4733,18843,d__Bacteria;p__Bacillota_A;c__Clostridia;o__Oscillospirales;f__Acutalibacteraceae;g__Fimenecus;s__Fimenecus sp000432435
198000,0.012491325468424705,0.04078235538909696,0.012365150463693143,0.011091652072387624,1.066326530612245,1.0,0.2685729018010583,/tmp/nxf.XXXX5judri/sourmash_database/gtdb-rs214-reps.k51.zip,"GCF_000012845.1 Parabacteroides distasonis ATCC 8503 strain=ATCC 8503, ASM1284v1",85c74583c59734abc0e8f1a3e909b79d,0.04119850187265917,196000,6,3621000,ERR1293266.fastq.gz,ERR1293266,4581be34,15851000,51,DNA,1000,15851,True,0.9176532319412297,0.9393789243231081,0.9285160781321689,0.9393789243231081,False,209,4942,18843,d__Bacteria;p__Bacteroidota;c__Bacteroidia;o__Bacteroidales;f__Tannerellaceae;g__Parabacteroides;s__Parabacteroides distasonis
203000,0.012806762980253612,0.05359116022099448,0.01223897545896158,0.010932441755559094,1.0618556701030928,1.0,0.29825724003070997,/tmp/nxf.XXXX5judri/sourmash_database/gtdb-rs214-reps.k51.zip,"GCF_000265365.1 Alistipes finegoldii DSM 17242 strain=DSM 17242, ASM26536v1",32e9ec95ec567198d44d9d52c769243b,0.05607734806629834,194000,7,3427000,ERR1293266.fastq.gz,ERR1293266,4581be34,15851000,51,DNA,1000,15851,True,0.9181020731747611,0.9450753176507639,0.9315886954127626,0.9450753176507639,False,206,5148,18843,d__Bacteria;p__Bacteroidota;c__Bacteroidia;o__Bacteroidales;f__Rikenellaceae;g__Alistipes;s__Alistipes finegoldii
190000,0.011986625449498455,0.11793916821849783,0.011986625449498455,0.011622353128482726,1.1526315789473685,1.0,0.40114103183771,/tmp/nxf.XXXX5judri/sourmash_database/gtdb-rs214-reps.k51.zip,"GCA_002338885.1 Ruminococcus sp. UBA1828, ASM233888v1",ba20bc1a301f87d075e21dd1a4e3a2f3,0.11793916821849783,190000,8,3237000,ERR1293266.fastq.gz,ERR1293266,4581be34,15851000,51,DNA,1000,15851,True,0.9169114390928764,0.9589527675553053,0.9379321033240908,0.9589527675553053,False,219,5367,18843,d__Bacteria;p__Bacillota_A;c__Clostridia;o__Oscillospirales;f__Ruminococcaceae;g__Faeciplasma;s__Faeciplasma gallinarum
338000,0.021323575799634092,0.028819336845367215,0.011734275440035328,0.011303932494825664,1.1451612903225807,1.0,0.5240487806712903,/tmp/nxf.XXXX5judri/sourmash_database/gtdb-rs214-reps.k51.zip,"GCF_001314995.1 Bacteroides ovatus strain=ATCC 8483, ASM131499v1",c28ea957513bf36bf9dc694cd077b880,0.05237062286953827,186000,9,3051000,ERR1293266.fastq.gz,ERR1293266,4581be34,15851000,51,DNA,1000,15851,True,0.927326241627785,0.943808910754948,0.9355675761913664,0.943808910754948,False,213,5580,18843,d__Bacteria;p__Bacteroidota;c__Bacteroidia;o__Bacteroidales;f__Bacteroidaceae;g__Bacteroides;s__Bacteroides ovatus
185000,0.011671187937669547,0.044384303112313936,0.010346350387988139,0.009499548904102319,1.0914634146341464,1.0,0.3459526329879093,/tmp/nxf.XXXX5judri/sourmash_database/gtdb-rs214-reps.k51.zip,"GCA_025145845.1 Alistipes shahii WAL 8301 strain=WAL 8301, ASM2514584v1",ce3fdcea4344bf5e1303cba1f2181070,0.05006765899864682,164000,10,2887000,ERR1293266.fastq.gz,ERR1293266,4581be34,15851000,51,DNA,1000,15851,True,0.9164321051957046,0.942977050349195,0.9297045777724497,0.942977050349195,False,179,5759,18843,d__Bacteria;p__Bacteroidota;c__Bacteroidia;o__Bacteroidales;f__Rikenellaceae;g__Alistipes;s__Alistipes shahii
157000,0.00990473787142767,0.0504950495049505,0.009652387861964545,0.009234198376054768,1.1372549019607843,1.0,0.42869041390344015,/tmp/nxf.XXXX5judri/sourmash_database/gtdb-rs214-reps.k51.zip,"GCF_023347255.1 Faecalibacterium sp. I4384 strain=I4384, ASM2334725v1",1ea2dc0eabe05329a021ee2c38093f28,0.051815181518151815,153000,11,2734000,ERR1293266.fastq.gz,ERR1293266,4581be34,15851000,51,DNA,1000,15851,True,0.9134879096015466,0.943611608400022,0.9285497590007843,0.943611608400022,False,174,5933,18843,d__Bacteria;p__Bacillota_A;c__Clostridia;o__Oscillospirales;f__Ruminococcaceae;g__Faecalibacterium;s__Faecalibacterium prausnitzii_D
151000,0.009526212857232982,0.027729967489003634,0.009147687843038294,0.007960515841426525,1.0344827586206897,1.0,0.18246560765962697,/tmp/nxf.XXXX5judri/sourmash_database/gtdb-rs214-reps.k51.zip,"GCF_000025985.1 Bacteroides fragilis NCTC 9343, ASM2598v1",5ed7bd7e8a301425ed2ad891c3e399f5,0.028877414419583095,145000,12,2589000,ERR1293266.fastq.gz,ERR1293266,4581be34,15851000,51,DNA,1000,15851,True,0.9127902361378378,0.9328565574756128,0.9228233968067253,0.9328565574756128,False,150,6083,18843,d__Bacteria;p__Bacteroidota;c__Bacteroidia;o__Bacteroidales;f__Bacteroidaceae;g__Bacteroides;s__Bacteroides fragilis
141000,0.008895337833575169,0.0421216848673947,0.00851681281938048,0.007376744679721913,1.0296296296296297,1.0,0.20872596746082028,/tmp/nxf.XXXX5judri/sourmash_database/gtdb-rs214-reps.k51.zip,"GCA_000020605.1 [Eubacterium] rectale ATCC 33656 strain=ATCC 33656, ASM2060v1",bb4d1c2199066ffc1226ec8433ce5698,0.043993759750390014,135000,13,2454000,ERR1293266.fastq.gz,ERR1293266,4581be34,15851000,51,DNA,1000,15851,True,0.911564700023094,0.9405888475757876,0.9260767737994409,0.9405888475757876,False,139,6222,18843,d__Bacteria;p__Bacillota_A;c__Clostridia;o__Lachnospirales;f__Lachnospiraceae;g__Agathobacter;s__Agathobacter rectalis
137000,0.008642987824112044,0.03480475382003396,0.007759762790991105,0.006899113729236321,1.056910569105691,1.0,0.23167165607764234,/tmp/nxf.XXXX5judri/sourmash_database/gtdb-rs214-reps.k51.zip,"GCF_005121165.3 Dysosmobacter welbionis strain=J115, ASM512116v3",09a34dca3e142e3d9e58ce200e89b31c,0.03876627051499717,123000,14,2331000,ERR1293266.fastq.gz,ERR1293266,4581be34,15851000,51,DNA,1000,15851,True,0.9110504551647836,0.9382587600261081,0.9246546075954458,0.9382587600261081,False,130,6352,18843,d__Bacteria;p__Bacillota_A;c__Clostridia;o__Oscillospirales;f__Oscillospiraceae;g__Dysosmobacter;s__Dysosmobacter welbionis
121000,0.007633587786259542,0.06164034640855833,0.007633587786259542,0.006952183834845831,1.0826446280991735,1.0,0.30388060017934276,/tmp/nxf.XXXX5judri/sourmash_database/gtdb-rs214-reps.k51.zip,"GCA_000435975.1 Oscillibacter sp. CAG:241, MGS241",69562c3cd3eb99b63b3b579067a35f6c,0.06164034640855833,121000,15,2210000,ERR1293266.fastq.gz,ERR1293266,4581be34,15851000,51,DNA,1000,15851,True,0.908834650149845,0.9468296820841928,0.9278321661170189,0.9468296820841928,False,131,6483,18843,d__Bacteria;p__Bacillota_A;c__Clostridia;o__Oscillospirales;f__Oscillospiraceae;g__Vescimonas;s__Vescimonas sp000435975
111000,0.007002712762601729,0.04294003868471954,0.007002712762601729,0.006315342567531709,1.072072072072072,1.0,0.2586072089082401,/tmp/nxf.XXXX5judri/sourmash_database/gtdb-rs214-reps.k51.zip,"GCF_000020225.1 Akkermansia muciniphila ATCC BAA-835 strain=ATCC BAA-835, ASM2022v1",43f3b48e59443092850964d355a20ac0,0.04294003868471954,111000,16,2099000,ERR1293266.fastq.gz,ERR1293266,4581be34,15851000,51,DNA,1000,15851,True,0.9072987652838216,0.9401418401856746,0.923720302734748,0.9401418401856746,False,119,6602,18843,d__Bacteria;p__Verrucomicrobiota;c__Verrucomicrobiae;o__Verrucomicrobiales;f__Akkermansiaceae;g__Akkermansia;s__Akkermansia muciniphila
95000,0.005993312724749227,0.024986566362170875,0.005867137720017664,0.005147800244122486,1.043010752688172,1.0,0.20288131466788398,/tmp/nxf.XXXX5judri/sourmash_database/gtdb-rs214-reps.k51.zip,"GCF_000239295.1 Flavonifractor plautii ATCC 29863 strain=ATCC 29863, ASM23929v1",1ed22d796c79d0337723a67a4b313636,0.025523911875335842,93000,17,2006000,ERR1293266.fastq.gz,ERR1293266,4581be34,15851000,51,DNA,1000,15851,True,0.9045338875373244,0.9306013351847706,0.9175676113610476,0.9306013351847706,False,97,6699,18843,d__Bacteria;p__Bacillota_A;c__Clostridia;o__Oscillospirales;f__Oscillospiraceae;g__Flavonifractor;s__Flavonifractor plautii
94000,0.005930225222383446,0.03276955602536998,0.005867137720017664,0.0053070105609510166,1.075268817204301,1.0,0.26382460529860857,/tmp/nxf.XXXX5judri/sourmash_database/gtdb-rs214-reps.k51.zip,"GCF_000723465.1 Ruminococcus bicirculans strain=80/3, Rb803",70a947f02b8a53314791d97d0ad7467e,0.03312191684284708,93000,18,1913000,ERR1293266.fastq.gz,ERR1293266,4581be34,15851000,51,DNA,1000,15851,True,0.904346223154692,0.935368318772516,0.919857270963604,0.935368318772516,False,100,6799,18843,d__Bacteria;p__Bacillota_A;c__Clostridia;o__Oscillospirales;f__Ruminococcaceae;g__Ruminococcus_D;s__Ruminococcus_D bicirculans
469000,0.029588038609551448,0.018089430894308943,0.005614787710554539,0.00647455288436024,1.3707865168539326,1.0,0.624985797086444,/tmp/nxf.XXXX5judri/sourmash_database/gtdb-rs214-reps.k51.zip,"GCF_000614125.1 Bacteroides rodentium JCM 16496 strain=JCM 16496, ASM61412v1",d114cb268bdc0e58bd5266fb76f6ef04,0.09532520325203252,89000,19,1824000,ERR1293266.fastq.gz,ERR1293266,4581be34,15851000,51,DNA,1000,15851,True,0.9333013323613765,0.9549584269934864,0.9441298796774314,0.9549584269934864,False,122,6921,18843,d__Bacteria;p__Bacteroidota;c__Bacteroidia;o__Bacteroidales;f__Bacteroidaceae;g__Bacteroides;s__Bacteroides rodentium
102000,0.006434925241309696,0.01868953386103782,0.0053624377010914135,0.005519290983389057,1.223529411764706,1.0,0.6924206573911605,/tmp/nxf.XXXX5judri/sourmash_database/gtdb-rs214-reps.k51.zip,"GCA_025148125.1 Blautia wexlerae DSM 19850 strain=DSM 19850, ASM2514812v1",7f2073ec6218c72ec98b02ac15cb9880,0.022427440633245383,85000,20,1739000,ERR1293266.fastq.gz,ERR1293266,4581be34,15851000,51,DNA,1000,15851,True,0.9057957211769265,0.9282444203348895,0.917020070755908,0.9282444203348895,False,104,7025,18843,d__Bacteria;p__Bacillota_A;c__Clostridia;o__Lachnospirales;f__Lachnospiraceae;g__Blautia_A;s__Blautia_A wexlerae
79000,0.004983912686896725,0.027289719626168225,0.004605387672702038,0.004139468237541793,1.0684931506849316,1.0,0.25259025910391475,/tmp/nxf.XXXX5judri/sourmash_database/gtdb-rs214-reps.k51.zip,"GCF_000765235.1 Oscillibacter sp. ER4 strain=ER4, ASM76523v1",b86d494b379656b1b7a7b4d8bf763e29,0.029532710280373832,73000,21,1666000,ERR1293266.fastq.gz,ERR1293266,4581be34,15851000,51,DNA,1000,15851,True,0.901268769048326,0.9332670807118425,0.9172679248800842,0.9332670807118425,False,78,7103,18843,d__Bacteria;p__Bacillota_A;c__Clostridia;o__Oscillospirales;f__Oscillospiraceae;g__ER4;s__ER4 sp000765235
80000,0.005047000189262507,0.024088323854131816,0.004542300170336256,0.004139468237541793,1.0833333333333333,1.0,0.27638539919628335,/tmp/nxf.XXXX5judri/sourmash_database/gtdb-rs214-reps.k51.zip,"GCF_009680455.1 Lachnospira eligens strain=BIOML-A1, ASM968045v1",93a7d0e658bdfb8b86a54dc8bf8c1937,0.026764804282368684,72000,22,1594000,ERR1293266.fastq.gz,ERR1293266,4581be34,15851000,51,DNA,1000,15851,True,0.9014910879061391,0.9314679644093734,0.9164795261577563,0.9314679644093734,False,78,7181,18843,d__Bacteria;p__Bacillota_A;c__Clostridia;o__Lachnospirales;f__Lachnospiraceae;g__Lachnospira;s__Lachnospira eligens_A
104000,0.006561100246041259,0.01552157041771285,0.004289950160873131,0.0041925383431513025,1.161764705882353,1.0,0.44093130442838085,/tmp/nxf.XXXX5judri/sourmash_database/gtdb-rs214-reps.k51.zip,"GCA_019417795.1 Clostridiales bacterium, ASM1941779v1",5a199efdf60fbe8e0dc767e0c79a1bc4,0.02373887240356083,68000,23,1526000,ERR1293266.fastq.gz,ERR1293266,4581be34,15851000,51,DNA,1000,15851,True,0.9061406656465529,0.9292793277999803,0.9177099967232667,0.9292793277999803,False,79,7260,18843,d__Bacteria;p__Bacillota_A;c__Clostridia;o__Oscillospirales;f__Oscillospiraceae;g__Dysosmobacter;s__Dysosmobacter sp019417795
64000,0.004037600151410006,0.03349031920460492,0.004037600151410006,0.003608767181446691,1.0625,1.0,0.24206145913796356,/tmp/nxf.XXXX5judri/sourmash_database/gtdb-rs214-reps.k51.zip,"GCA_900752275.1 uncultured Collinsella sp., ERS235574_4",1bcf95483cc8c435f5fb857ea59b023c,0.03349031920460492,64000,24,1462000,ERR1293266.fastq.gz,ERR1293266,4581be34,15851000,51,DNA,1000,15851,True,0.8975553528929314,0.9355712095910302,0.9165632812419808,0.9355712095910302,False,68,7328,18843,d__Bacteria;p__Actinomycetota;c__Coriobacteriia;o__Coriobacteriales;f__Coriobacteriaceae;g__Collinsella;s__Collinsella sp900752275
73000,0.004605387672702038,0.018839258584017016,0.003911425146678443,0.0037149073926657115,1.1290322580645162,1.0,0.38031697169521284,/tmp/nxf.XXXX5judri/sourmash_database/gtdb-rs214-reps.k51.zip,"GCA_902363045.1 Clostridiales bacterium, MGYG-HGUT-00086",a282ad36db26e663e16711b78eb2ca9a,0.02218170768763294,62000,25,1400000,ERR1293266.fastq.gz,ERR1293266,4581be34,15851000,51,DNA,1000,15851,True,0.8998739712524897,0.9280439181514988,0.9139589447019942,0.9280439181514988,False,70,7398,18843,d__Bacteria;p__Bacillota_A;c__Clostridia;o__Oscillospirales;f__Oscillospiraceae;g__Lawsonibacter;s__Lawsonibacter sp902363045
62000,0.003911425146678443,0.012962575789253606,0.003911425146678443,0.00329034654778963,1.0,1.0,0.0,/tmp/nxf.XXXX5judri/sourmash_database/gtdb-rs214-reps.k51.zip,"GCF_000701705.1 Bilophila wadsworthia ATCC 49260 strain=ATCC 49260, ASM70170v1",b1bd0a4998658b6084d0785f2a2c686c,0.012962575789253606,62000,26,1338000,ERR1293266.fastq.gz,ERR1293266,4581be34,15851000,51,DNA,1000,15851,True,0.8969967774776673,0.9183197977505665,0.9076582876141168,0.9183197977505665,False,62,7460,18843,d__Bacteria;p__Desulfobacterota;c__Desulfovibrionia;o__Desulfovibrionales;f__Desulfovibrionaceae;g__Bilophila;s__Bilophila wadsworthia
59000,0.003722162639581099,0.020951704545454544,0.003722162639581099,0.00329034654778963,1.0508474576271187,1.0,0.3872427002981648,/tmp/nxf.XXXX5judri/sourmash_database/gtdb-rs214-reps.k51.zip,"GCA_900544295.1 uncultured Clostridiales bacterium, UMGS658",e2d7220049ba5951ceac0426a574bc97,0.020951704545454544,59000,27,1279000,ERR1293266.fastq.gz,ERR1293266,4581be34,15851000,51,DNA,1000,15851,True,0.8961248819640387,0.9270064001547509,0.9115656410593949,0.9270064001547509,False,62,7522,18843,d__Bacteria;p__Bacillota_A;c__Clostridia;o__Oscillospirales;f__Oscillospiraceae;g__Scatomorpha;s__Scatomorpha intestinigallinarum
71000,0.004479212667970475,0.015727766657134688,0.0034698126301179735,0.0031842063365706097,1.0909090909090908,1.0,0.2874797872880344,/tmp/nxf.XXXX5judri/sourmash_database/gtdb-rs214-reps.k51.zip,"GCA_003481005.1 Firmicutes bacterium TM09-10 strain=TM09-10, ASM348100v1",c0d07a387323e9090cb0e8551aca2a08,0.02030311695739205,55000,28,1224000,ERR1293266.fastq.gz,ERR1293266,4581be34,15851000,51,DNA,1000,15851,True,0.8993839457680266,0.9264350026019631,0.9129094741849948,0.9264350026019631,False,60,7582,18843,d__Bacteria;p__Bacillota_A;c__Clostridia;o__Lachnospirales;f__Lachnospiraceae;g__Eisenbergiella;s__Eisenbergiella sp900066775
83000,0.005236262696359851,0.0074430823117338,0.003217462620654848,0.007960515841426525,2.9411764705882355,2.0,2.966557156202286,/tmp/nxf.XXXX5judri/sourmash_database/gtdb-rs214-reps.k51.zip,"GCF_000315485.1 Bacteroides oleiciplenus YIT 12058 strain=YIT 12058, Bact_olei_YIT_12058_V1",daa6fdb5046faa5b7b0f03cbf867aa34,0.012113251605370695,51000,29,1173000,ERR1293266.fastq.gz,ERR1293266,4581be34,15851000,51,DNA,1000,15851,True,0.9021420575066816,0.917100388070619,0.9096212227886503,0.917100388070619,False,150,7732,18843,d__Bacteria;p__Bacteroidota;c__Bacteroidia;o__Bacteroidales;f__Bacteroidaceae;g__Bacteroides;s__Bacteroides oleiciplenus
64000,0.004037600151410006,0.014022546054440473,0.003217462620654848,0.0028127155973040386,1.0392156862745099,1.0,0.1941077438551307,/tmp/nxf.XXXX5judri/sourmash_database/gtdb-rs214-reps.k51.zip,"GCF_015557635.1 Fusicatenibacter saccharivorans strain=D41t1_190614_C8, ASM1555763v1",d2fdc17cdae8aecf1aac02f627d3979a,0.017596920538905693,51000,30,1122000,ERR1293266.fastq.gz,ERR1293266,4581be34,15851000,51,DNA,1000,15851,True,0.8975553528929314,0.9238400751074449,0.9106977140001882,0.9238400751074449,False,53,7785,18843,d__Bacteria;p__Bacillota_A;c__Clostridia;o__Lachnospirales;f__Lachnospiraceae;g__Fusicatenibacter;s__Fusicatenibacter saccharivorans
