intersect_bp,f_orig_query,f_match,f_unique_to_query,f_unique_weighted,average_abund,median_abund,std_abund,filename,name,md5,f_match_orig,unique_intersect_bp,gather_result_rank,remaining_bp,query_filename,query_name,query_md5,query_bp,ksize,moltype,scaled,query_n_hashes,query_abundance,query_containment_ani,match_containment_ani,average_containment_ani,max_containment_ani,potential_false_negative,n_unique_weighted_found,sum_weighted_found,total_weighted_hashes,lineage
4299000,0.006398759245008923,0.6323918799646955,0.006398759245008923,0.006210562556073709,3.1093277506396837,2.0,7.318409012951918,/tmp/nxf.XXXXpgkODl/sourmash_database/gtdb-rs214-reps.k51.zip,"GCA_025149285.1 Hungatella hathewayi strain=DSM 13479, ASM2514928v1",b55d263853c99ee47710856fc84fd988,0.6323918799646955,4299000,0,230713000,ERR1018281_2.fastq.gz,ERR1018281,44e562bc,671849000,51,DNA,1000,671849,True,0.9056956252715077,0.9910550304656811,0.9483753278685945,0.9910550304656811,False,13367,13367,2152301,d__Bacteria;p__Bacillota_A;c__Clostridia;o__Lachnospirales;f__Lachnospiraceae;g__Hungatella;s__Hungatella hathewayi
4091000,0.0060891658691164235,0.8053149606299213,0.0060891658691164235,0.023957150974701028,12.604008799804449,12.0,9.888235051615723,/tmp/nxf.XXXXpgkODl/sourmash_database/gtdb-rs214-reps.k51.zip,"GCF_000012825.1 Bacteroides vulgatus ATCC 8482 strain=ATCC 8482, ASM1282v1",63b92dc09e7b5ffbd878d8e5fce5cfec,0.8053149606299213,4091000,1,226622000,ERR1018281_2.fastq.gz,ERR1018281,44e562bc,671849000,51,DNA,1000,671849,True,0.9048153442828488,0.9957634735706682,0.9502894089267585,0.9957634735706682,False,51563,64930,2152301,d__Bacteria;p__Bacteroidota;c__Bacteroidia;o__Bacteroidales;f__Bacteroidaceae;g__Phocaeicola;s__Phocaeicola vulgatus
3816000,0.005679847703873936,0.6046548700781126,0.005645613820962746,0.006401056357823557,3.632217242288426,2.0,9.4035397726879,/tmp/nxf.XXXXpgkODl/sourmash_database/gtdb-rs214-reps.k51.zip,"GCF_000011065.1 Bacteroides thetaiotaomicron VPI-5482 strain=VPI-5482, ASM1106v1",36e5cf9f0e4c0a0411f3300c5364f87f,0.6083213773314203,3793000,2,222829000,ERR1018281_2.fastq.gz,ERR1018281,44e562bc,671849000,51,DNA,1000,671849,True,0.9035816155502124,0.9903012227041708,0.9469414191271917,0.9903012227041708,False,13777,78707,2152301,d__Bacteria;p__Bacteroidota;c__Bacteroidia;o__Bacteroidales;f__Bacteroidaceae;g__Bacteroides;s__Bacteroides thetaiotaomicron
3669000,0.005461048539180679,0.698603939567795,0.0054372336641120254,0.02083584034017547,12.276211333150835,12.0,5.070710048997024,/tmp/nxf.XXXXpgkODl/sourmash_database/gtdb-rs214-reps.k51.zip,"GCF_000025985.1 Bacteroides fragilis NCTC 9343, ASM2598v1",5ed7bd7e8a301425ed2ad891c3e399f5,0.7016637980493402,3653000,3,219176000,ERR1018281_2.fastq.gz,ERR1018281,44e562bc,671849000,51,DNA,1000,671849,True,0.9028858845892699,0.9930769984907867,0.9479814415400283,0.9930769984907867,False,44845,123552,2152301,d__Bacteria;p__Bacteroidota;c__Bacteroidia;o__Bacteroidales;f__Bacteroidaceae;g__Bacteroides;s__Bacteroides fragilis
3503000,0.005213969210343395,0.514714537963508,0.005206527061884441,0.006179433081153612,3.8021726700971983,2.0,26.546307337256078,/tmp/nxf.XXXXpgkODl/sourmash_database/gtdb-rs214-reps.k51.zip,"GCF_000158035.1 Bacteroides cellulosilyticus DSM 14838 strain=DSM 14838, ASM15803v1",a202750eddf2c7f9735c9117362a41a6,0.5154502648616833,3498000,4,215678000,ERR1018281_2.fastq.gz,ERR1018281,44e562bc,671849000,51,DNA,1000,671849,True,0.9020665883845883,0.9870896615534908,0.9445781249690395,0.9870896615534908,False,13300,136852,2152301,d__Bacteria;p__Bacteroidota;c__Bacteroidia;o__Bacteroidales;f__Bacteroidaceae;g__Bacteroides;s__Bacteroides cellulosilyticus
3473000,0.00516931631958967,0.5576429030186255,0.00516931631958967,0.004936577179493017,3.059314713504175,3.0,4.379880352914942,/tmp/nxf.XXXXpgkODl/sourmash_database/gtdb-rs214-reps.k51.zip,"GCF_000969835.1 Parabacteroides goldsteinii DSM 19448 = WAL 12034 strain=DSM 19448, Para_gold_DSM_19448_V1",b624a865a09dcae6634cbf2470711f17,0.5576429030186255,3473000,5,212205000,ERR1018281_2.fastq.gz,ERR1018281,44e562bc,671849000,51,DNA,1000,671849,True,0.9019144708576051,0.9886136253932095,0.9452640481254073,0.9886136253932095,False,10625,147477,2152301,d__Bacteria;p__Bacteroidota;c__Bacteroidia;o__Bacteroidales;f__Tannerellaceae;g__Parabacteroides;s__Parabacteroides goldsteinii
3436000,0.005114244420993408,0.7252291575731121,0.00494605186582104,0.015089432193731267,9.773397532350286,9.0,8.130488023026967,/tmp/nxf.XXXXpgkODl/sourmash_database/gtdb-rs214-reps.k51.zip,"GCA_025147485.1 Bacteroides uniformis strain=ATCC 8492, ASM2514748v1",177d80c9d0f18e5195e47e20bdf54706,0.749890877346137,3323000,6,208882000,ERR1018281_2.fastq.gz,ERR1018281,44e562bc,671849000,51,DNA,1000,671849,True,0.9017250750966328,0.9943722175961203,0.9480486463463765,0.9943722175961203,False,32477,179954,2152301,d__Bacteria;p__Bacteroidota;c__Bacteroidia;o__Bacteroidales;f__Bacteroidaceae;g__Bacteroides;s__Bacteroides uniformis
3270000,0.004867165092156124,0.614569536423841,0.004834419638936725,0.004595546812457923,3.0452586206896552,2.0,10.950998489334701,/tmp/nxf.XXXXpgkODl/sourmash_database/gtdb-rs214-reps.k51.zip,"GCF_000381365.1 Bacteroides salyersiae WAL 10018 = DSM 18765 = JCM 12988 strain=DSM 18765, Bact_saly_DSM_18765_V1",86c1416b511bf39fc6191780dbee693a,0.618732261116367,3248000,7,205634000,ERR1018281_2.fastq.gz,ERR1018281,44e562bc,671849000,51,DNA,1000,671849,True,0.9008499776546482,0.9906307822236758,0.945740379939162,0.9906307822236758,False,9891,189845,2152301,d__Bacteria;p__Bacteroidota;c__Bacteroidia;o__Bacteroidales;f__Bacteroidaceae;g__Bacteroides;s__Bacteroides salyersiae
3259000,0.004850792365546425,0.6733250104036621,0.004816558482635235,0.008848204781766119,5.88504326328801,6.0,3.3681796485970676,/tmp/nxf.XXXXpgkODl/sourmash_database/gtdb-rs214-reps.k51.zip,"GCF_000012845.1 Parabacteroides distasonis ATCC 8503 strain=ATCC 8503, ASM1284v1",85c74583c59734abc0e8f1a3e909b79d,0.6781106949646275,3236000,8,202398000,ERR1018281_2.fastq.gz,ERR1018281,44e562bc,671849000,51,DNA,1000,671849,True,0.9007904601969092,0.9924123690379822,0.9466014146174457,0.9924123690379822,False,19044,208889,2152301,d__Bacteria;p__Bacteroidota;c__Bacteroidia;o__Bacteroidales;f__Tannerellaceae;g__Parabacteroides;s__Parabacteroides distasonis
3123000,0.004648365927462868,0.6590621039290241,0.004643900638387495,0.00447706896015009,3.0884615384615386,3.0,2.8177314374597366,/tmp/nxf.XXXXpgkODl/sourmash_database/gtdb-rs214-reps.k51.zip,"GCA_025148635.1 Butyricimonas virosa strain=DSM 23226, ASM2514863v1",f1e48f4468897441260545c7b17e1afc,0.6596958174904943,3120000,9,199278000,ERR1018281_2.fastq.gz,ERR1018281,44e562bc,671849000,51,DNA,1000,671849,True,0.9000378848671798,0.9918767725402391,0.9459573287037095,0.9918767725402391,False,9636,218525,2152301,d__Bacteria;p__Bacteroidota;c__Bacteroidia;o__Bacteroidales;f__Marinifilaceae;g__Butyricimonas;s__Butyricimonas virosa
3126000,0.00465283121653824,0.42352773013150374,0.004410217176776329,0.007327042081939282,5.322308471144111,5.0,7.827692031586489,/tmp/nxf.XXXXpgkODl/sourmash_database/gtdb-rs214-reps.k51.zip,"GCA_900557355.1 uncultured Bacteroides sp., UMGS2042",26cd6f99620cbd40a9534fcb50c2c063,0.4468267581475129,2963000,10,196315000,ERR1018281_2.fastq.gz,ERR1018281,44e562bc,671849000,51,DNA,1000,671849,True,0.9000548296287204,0.9843283278386178,0.9421915787336691,0.9843283278386178,False,15770,234295,2152301,d__Bacteria;p__Bacteroidota;c__Bacteroidia;o__Bacteroidales;f__Bacteroidaceae;g__Bacteroides;s__Bacteroides sp900557355
2912000,0.004334307262494995,0.6205174761688607,0.0040693667773562215,0.0045026230067262895,3.5446232626188734,3.0,3.0264655570633696,/tmp/nxf.XXXXpgkODl/sourmash_database/gtdb-rs214-reps.k51.zip,"GCF_000382445.1 Bacteroides massiliensis B84634 = Timone 84634 = DSM 17679 = JCM 13223 strain=DSM 17679, Bact_mass_DSM_17679_V1",61edb0d0d8fa658bb8f1cd38bd81ed44,0.660916931457104,2734000,11,193581000,ERR1018281_2.fastq.gz,ERR1018281,44e562bc,671849000,51,DNA,1000,671849,True,0.8988041977522937,0.9919127397088259,0.9453584687305598,0.9919127397088259,False,9691,243986,2152301,d__Bacteria;p__Bacteroidota;c__Bacteroidia;o__Bacteroidales;f__Bacteroidaceae;g__Phocaeicola;s__Phocaeicola massiliensis
2741000,0.004079785785198757,0.6746778989098117,0.004052994050746522,0.0085541009366255,6.761292691883951,6.0,5.466246719176181,/tmp/nxf.XXXXpgkODl/sourmash_database/gtdb-rs214-reps.k51.zip,"GCF_000949455.1 Ruthenibacterium lactatiformans strain=585-1, ASM94945v1",1562c71162861a5c6e3bb1e6d2a266f2,0.6791377601585729,2723000,12,190858000,ERR1018281_2.fastq.gz,ERR1018281,44e562bc,671849000,51,DNA,1000,671849,True,0.8977382966570039,0.9924418198430172,0.9450900582500106,0.9924418198430172,False,18411,262397,2152301,d__Bacteria;p__Bacillota_A;c__Clostridia;o__Oscillospirales;f__Ruminococcaceae;g__Ruthenibacterium;s__Ruthenibacterium lactatiformans
2762000,0.004111042808726366,0.6128431828757561,0.003920523808177135,0.0056539489597412255,4.619969627942293,3.0,12.912981784096376,/tmp/nxf.XXXXpgkODl/sourmash_database/gtdb-rs214-reps.k51.zip,"GCA_025151215.1 Parabacteroides merdae ATCC 43184 strain=ATCC 43184, ASM2515121v1",04366d02afc93cbeed4bfc2d3a9aa9a9,0.642624476500698,2634000,13,188224000,ERR1018281_2.fastq.gz,ERR1018281,44e562bc,671849000,51,DNA,1000,671849,True,0.8978726547894779,0.9913669950928123,0.944619824941145,0.9913669950928123,False,12169,274566,2152301,d__Bacteria;p__Bacteroidota;c__Bacteroidia;o__Bacteroidales;f__Tannerellaceae;g__Parabacteroides;s__Parabacteroides merdae
2505000,0.0037285163779361137,0.5271727637978431,0.003710655221634623,0.0029995804490171216,2.589651022864019,1.0,9.15699003520094,/tmp/nxf.XXXXpgkODl/sourmash_database/gtdb-rs214-reps.k51.zip,"GCA_003481775.1 Clostridiaceae bacterium OM02-2AC strain=OM02-2AC, ASM348177v1",f565d31783b7a21f11bdf733e6a0eca8,0.5297102981602876,2493000,14,185731000,ERR1018281_2.fastq.gz,ERR1018281,44e562bc,671849000,51,DNA,1000,671849,True,0.8961548507531534,0.9876179816087823,0.9418864161809679,0.9876179816087823,False,6456,281022,2152301,d__Bacteria;p__Bacillota;c__Bacilli;o__Erysipelotrichales;f__Erysipelotrichaceae;g__Clostridium_AQ;s__Clostridium_AQ sp003481775
2392000,0.003560323822763746,0.6737629459148446,0.003485902338174203,0.0038791042702670305,3.5649017933390263,3.0,2.466481963014085,/tmp/nxf.XXXXpgkODl/sourmash_database/gtdb-rs214-reps.k51.zip,"GCF_000296465.1 Barnesiella intestinihominis YIT 11860 strain=YIT 11860, Barn_inte_YIT_11860_V1",d196529161357ff3df29b07d59ecfd62,0.6881472957422324,2342000,15,183389000,ERR1018281_2.fastq.gz,ERR1018281,44e562bc,671849000,51,DNA,1000,671849,True,0.8953441290488964,0.9926983099471046,0.9440212194980004,0.9926983099471046,False,8349,289371,2152301,d__Bacteria;p__Bacteroidota;c__Bacteroidia;o__Bacteroidales;f__Barnesiellaceae;g__Barnesiella;s__Barnesiella intestinihominis
2258000,0.0033608742440637703,0.8644913627639156,0.0033519436659130253,0.013429348404335639,12.8348134991119,12.0,11.248811869797242,/tmp/nxf.XXXXpgkODl/sourmash_database/gtdb-rs214-reps.k51.zip,"GCF_000153925.1 [Ruminococcus] torques ATCC 27756 strain=ATCC 27756, ASM15392v1",4abf9d69f1e69e10e84c4f7510c75164,0.8667946257197697,2252000,16,181137000,ERR1018281_2.fastq.gz,ERR1018281,44e562bc,671849000,51,DNA,1000,671849,True,0.8943326043869122,0.9972009206407193,0.9457667625138158,0.9972009206407193,False,28904,318275,2152301,d__Bacteria;p__Bacillota_A;c__Clostridia;o__Lachnospirales;f__Lachnospiraceae;g__Mediterraneibacter;s__Mediterraneibacter torques
2268000,0.003375758540981679,0.5028058361391695,0.0033340825096115348,0.0015276673662280508,1.4678571428571427,1.0,0.7587835995989951,/tmp/nxf.XXXXpgkODl/sourmash_database/gtdb-rs214-reps.k51.zip,"GCF_003438995.1 Bacteroides sp. OM05-12 strain=OM05-12, ASM343899v1",9cd1a7c63e50370438d3317cf036351d,0.509090909090909,2240000,17,178897000,ERR1018281_2.fastq.gz,ERR1018281,44e562bc,671849000,51,DNA,1000,671849,True,0.89441009763341,0.9868494173876508,0.9406297575105304,0.9868494173876508,False,3288,321563,2152301,d__Bacteria;p__Bacteroidota;c__Bacteroidia;o__Bacteroidales;f__Bacteroidaceae;g__OM05-12;s__OM05-12 sp003438995
2186000,0.003253707306254828,0.5807848443843031,0.0031941701185831937,0.005624677960935761,5.641192917054986,3.0,13.36863040526055,/tmp/nxf.XXXXpgkODl/sourmash_database/gtdb-rs214-reps.k51.zip,"GCA_025145845.1 Alistipes shahii WAL 8301 strain=WAL 8301, ASM2514584v1",ce3fdcea4344bf5e1303cba1f2181070,0.5916102841677943,2146000,18,176751000,ERR1018281_2.fastq.gz,ERR1018281,44e562bc,671849000,51,DNA,1000,671849,True,0.8937645141014274,0.9897604871000478,0.9417625006007376,0.9897604871000478,False,12106,333669,2152301,d__Bacteria;p__Bacteroidota;c__Bacteroidia;o__Bacteroidales;f__Rikenellaceae;g__Alistipes;s__Alistipes shahii
2162000,0.0032179849936518476,0.4923327137546468,0.00315398251690484,0.0018673038761771704,1.8966493629070316,1.0,3.4608554763063264,/tmp/nxf.XXXXpgkODl/sourmash_database/gtdb-rs214-reps.k51.zip,"GCF_000190535.1 Odoribacter splanchnicus DSM 20712 strain=DSM 220712, ASM19053v1",903d4323f292a4facda7c7138f35e12d,0.5023234200743495,2119000,19,174632000,ERR1018281_2.fastq.gz,ERR1018281,44e562bc,671849000,51,DNA,1000,671849,True,0.8935710670830072,0.9865905015187252,0.9400807843008662,0.9865905015187252,False,4019,337688,2152301,d__Bacteria;p__Bacteroidota;c__Bacteroidia;o__Bacteroidales;f__Marinifilaceae;g__Odoribacter;s__Odoribacter splanchnicus
2179000,0.0032432882984122923,0.2773868012216173,0.003109329626151114,0.002383030997987735,2.4552417424605073,1.0,5.4504190686932805,/tmp/nxf.XXXXpgkODl/sourmash_database/gtdb-rs214-reps.k51.zip,"GCF_001881565.1 Eisenbergiella tayi strain=DSM 26961, ASM188156v1",9baf6a48dca37589fb064628236b2af5,0.28933740539105035,2089000,20,172543000,ERR1018281_2.fastq.gz,ERR1018281,44e562bc,671849000,51,DNA,1000,671849,True,0.8937083080035599,0.9759763761459055,0.9348423420747327,0.9759763761459055,False,5129,342817,2152301,d__Bacteria;p__Bacillota_A;c__Clostridia;o__Lachnospirales;f__Lachnospiraceae;g__Eisenbergiella;s__Eisenbergiella tayi
2132000,0.0031733321028981215,0.8231075697211155,0.0030750957432399244,0.009300279096650516,9.688770571151984,9.0,11.608840963573682,/tmp/nxf.XXXXpgkODl/sourmash_database/gtdb-rs214-reps.k51.zip,"GCF_000154465.1 Alistipes putredinis DSM 17216 strain=DSM 17216, ASM15446v1",2f08d0845365d89ec7bf59fbef01de57,0.8494023904382471,2066000,21,170477000,ERR1018281_2.fastq.gz,ERR1018281,44e562bc,671849000,51,DNA,1000,671849,True,0.8933262759372007,0.996804679724226,0.9450654778307134,0.996804679724226,False,20017,362834,2152301,d__Bacteria;p__Bacteroidota;c__Bacteroidia;o__Bacteroidales;f__Rikenellaceae;g__Alistipes;s__Alistipes putredinis
2082000,0.0030989106183085782,0.4934163275077807,0.00306765359478097,0.0033392169589662414,3.487142163998059,2.0,11.137770500253856,/tmp/nxf.XXXXpgkODl/sourmash_database/gtdb-rs214-reps.k51.zip,"GCF_003461245.1 Blautia sp. AF19-10LB strain=AF19-10LB, ASM346124v1",1010f41a1cf51346c99c112643c1110b,0.49844385922911183,2061000,22,168416000,ERR1018281_2.fastq.gz,ERR1018281,44e562bc,671849000,51,DNA,1000,671849,True,0.8929106862685127,0.9864405277227345,0.9396756069956236,0.9864405277227345,False,7187,370021,2152301,d__Bacteria;p__Bacillota_A;c__Clostridia;o__Lachnospirales;f__Lachnospiraceae;g__Blautia_A;s__Blautia_A sp000436615
2095000,0.0031182602043018596,0.3233574131406949,0.002798247820566824,0.0014677315115311474,1.6803191489361702,1.0,1.2404682987773674,/tmp/nxf.XXXXpgkODl/sourmash_database/gtdb-rs214-reps.k51.zip,"GCF_000210075.1 Bacteroides xylanisolvens XB1A strain=XB1A, ASM21007v1",6bf3ff1d807c2ab1988e6b3c386a7cec,0.36033711730306156,1880000,23,166536000,ERR1018281_2.fastq.gz,ERR1018281,44e562bc,671849000,51,DNA,1000,671849,True,0.8930196732495428,0.9801849266210296,0.9366022999352862,0.9801849266210296,False,3159,373180,2152301,d__Bacteria;p__Bacteroidota;c__Bacteroidia;o__Bacteroidales;f__Bacteroidaceae;g__Bacteroides;s__Bacteroides xylanisolvens
1823000,0.0027134073281347443,0.5243025596778832,0.0027134073281347443,0.0019922863948862173,2.352166758091059,2.0,5.850294962408137,/tmp/nxf.XXXXpgkODl/sourmash_database/gtdb-rs214-reps.k51.zip,"GCF_008801935.1 Comamonas kerstersii strain=CCUG 15333, ASM880193v1",63cdda817af0b785ab0b7826837070b4,0.5243025596778832,1823000,24,164713000,ERR1018281_2.fastq.gz,ERR1018281,44e562bc,671849000,51,DNA,1000,671849,True,0.8905878472980218,0.987419290377457,0.9390035688377394,0.987419290377457,False,4288,377468,2152301,d__Bacteria;p__Pseudomonadota;c__Gammaproteobacteria;o__Burkholderiales;f__Burkholderiaceae_B;g__Comamonas;s__Comamonas kerstersii
1952000,0.002905414758375766,0.3979659518019014,0.0026791734452235546,0.0025911803228265934,3.098333333333333,1.0,7.117099713600571,/tmp/nxf.XXXXpgkODl/sourmash_database/gtdb-rs214-reps.k51.zip,"GCF_013618865.1 Bacteroides sp. AGMB03916 strain=AGMB03916, ASM1361886v1",fe979dbbbadcf261df8f1ac6ac188067,0.4315719655096175,1800000,25,162913000,ERR1018281_2.fastq.gz,ERR1018281,44e562bc,671849000,51,DNA,1000,671849,True,0.8917825768694458,0.9836581189407385,0.9377203479050922,0.9836581189407385,False,5577,383045,2152301,d__Bacteria;p__Bacteroidota;c__Bacteroidia;o__Bacteroidales;f__Bacteroidaceae;g__Phocaeicola;s__Phocaeicola faecicola
1785000,0.0026568469998466916,0.7832382623957876,0.0026568469998466916,0.004261021111824043,5.137815126050421,5.0,3.0878906417944223,/tmp/nxf.XXXXpgkODl/sourmash_database/gtdb-rs214-reps.k51.zip,"GCF_003269275.1 Phascolarctobacterium faecium DSM 14760 strain=DSM 14760, ASM326927v1",7c43b2da8075c4100917842aa30c8367,0.7832382623957876,1785000,26,161128000,ERR1018281_2.fastq.gz,ERR1018281,44e562bc,671849000,51,DNA,1000,671849,True,0.8902200741448408,0.9952209008210728,0.9427204874829569,0.9952209008210728,False,9171,392216,2152301,d__Bacteria;p__Bacillota_C;c__Negativicutes;o__Acidaminococcales;f__Acidaminococcaceae;g__Phascolarctobacterium;s__Phascolarctobacterium faecium
1784000,0.0026553585701549007,0.36188349908666534,0.00265387014046311,0.017440869097770248,21.053280987100393,21.0,9.914212459732001,/tmp/nxf.XXXXpgkODl/sourmash_database/gtdb-rs214-reps.k51.zip,"GCF_003697165.2 Escherichia coli DSM 30083 = JCM 1649 = ATCC 11775 strain=ATCC 11775, ASM369716v2",84efa859553c7c5d22f6f6377fa345fd,0.3620864623503146,1783000,27,159345000,ERR1018281_2.fastq.gz,ERR1018281,44e562bc,671849000,51,DNA,1000,671849,True,0.8902102925813046,0.9802780101576787,0.9352441513694916,0.9802780101576787,False,37538,429754,2152301,d__Bacteria;p__Pseudomonadota;c__Gammaproteobacteria;o__Enterobacterales;f__Enterobacteriaceae;g__Escherichia;s__Escherichia coli
1995000,0.002969417235122773,0.4510002532286655,0.0026508932810795282,0.0027087289370771096,3.2734418865805726,3.0,2.522201675541212,/tmp/nxf.XXXXpgkODl/sourmash_database/gtdb-rs214-reps.k51.zip,"GCA_025147325.1 Bacteroides stercoris ATCC 43183 strain=ATCC 43183, ASM2514732v1",457cfca025715f640ca0a2d4865521d7,0.5051911876424411,1781000,28,157564000,ERR1018281_2.fastq.gz,ERR1018281,44e562bc,671849000,51,DNA,1000,671849,True,0.8921636690985235,0.9867006338312704,0.9394321514648969,0.9867006338312704,False,5830,435584,2152301,d__Bacteria;p__Bacteroidota;c__Bacteroidia;o__Bacteroidales;f__Bacteroidaceae;g__Bacteroides;s__Bacteroides stercoris
1748000,0.0026017751012504297,0.6044260027662517,0.0026017751012504297,0.0017423213574681237,2.145308924485126,2.0,1.3850070700900878,/tmp/nxf.XXXXpgkODl/sourmash_database/gtdb-rs214-reps.k51.zip,"GCA_025144995.1 Alistipes indistinctus YIT 12060 strain=YIT 12060, ASM2514499v1",040ef9348f9c00963288441e25c354ad,0.6044260027662517,1748000,29,155816000,ERR1018281_2.fastq.gz,ERR1018281,44e562bc,671849000,51,DNA,1000,671849,True,0.8898545281865711,0.9901764900523804,0.9400155091194757,0.9901764900523804,False,3750,439334,2152301,d__Bacteria;p__Bacteroidota;c__Bacteroidia;o__Bacteroidales;f__Rikenellaceae;g__Alistipes_A;s__Alistipes_A indistinctus
1842000,0.002741687492278771,0.38104661389621813,0.0025794486558735666,0.0026232390358040068,3.257934218118869,2.0,6.7845290643227285,/tmp/nxf.XXXXpgkODl/sourmash_database/gtdb-rs214-reps.k51.zip,"GCA_025148125.1 Blautia wexlerae DSM 19850 strain=DSM 19850, ASM2514812v1",7f2073ec6218c72ec98b02ac15cb9880,0.4050131926121372,1733000,30,154083000,ERR1018281_2.fastq.gz,ERR1018281,44e562bc,671849000,51,DNA,1000,671849,True,0.8907689246955847,0.9824338483660131,0.9366013865307989,0.9824338483660131,False,5646,444980,2152301,d__Bacteria;p__Bacillota_A;c__Clostridia;o__Lachnospirales;f__Lachnospiraceae;g__Blautia_A;s__Blautia_A wexlerae
1736000,0.0025839139449489396,0.6416142169566827,0.0025794486558735666,0.001662406884538919,2.0646278130409694,2.0,1.2240996278833192,/tmp/nxf.XXXXpgkODl/sourmash_database/gtdb-rs214-reps.k51.zip,"GCA_934647945.1 uncultured Eubacteriales bacterium, ERR7738665_bin.322",474f06cb895a7161e6c2be4b599e20f6,0.6427249166975194,1733000,31,152350000,ERR1018281_2.fastq.gz,ERR1018281,44e562bc,671849000,51,DNA,1000,671849,True,0.889734342064813,0.9913700330475584,0.9405521875561857,0.9913700330475584,False,3578,448558,2152301,d__Bacteria;p__Bacillota_A;c__Clostridia;o__Oscillospirales;f__Acutalibacteraceae;g__UMGS1623;s__UMGS1623 sp934647945
1729000,0.0025734949371064033,0.36148860547773365,0.0025734949371064033,0.001304185613443473,1.6234817813765183,1.0,0.9169967072252501,/tmp/nxf.XXXXpgkODl/sourmash_database/gtdb-rs214-reps.k51.zip,"GCF_000701705.1 Bilophila wadsworthia ATCC 49260 strain=ATCC 49260, ASM70170v1",b1bd0a4998658b6084d0785f2a2c686c,0.36148860547773365,1729000,32,150621000,ERR1018281_2.fastq.gz,ERR1018281,44e562bc,671849000,51,DNA,1000,671849,True,0.8896638567957047,0.980246247577459,0.9349550521865819,0.980246247577459,False,2807,451365,2152301,d__Bacteria;p__Desulfobacterota;c__Desulfovibrionia;o__Desulfovibrionales;f__Desulfovibrionaceae;g__Bilophila;s__Bilophila wadsworthia
1757000,0.0026151709684765477,0.37209302325581395,0.0025243767572773047,0.0012200895692563447,1.5483490566037736,1.0,1.6343229256573801,/tmp/nxf.XXXXpgkODl/sourmash_database/gtdb-rs214-reps.k51.zip,"GCF_002222615.2 Bacteroides caccae strain=ATCC 43185, ASM222261v2",d7e7663bc3ede65000c2f57952616ae4,0.3854760860026327,1696000,33,148925000,ERR1018281_2.fastq.gz,ERR1018281,44e562bc,671849000,51,DNA,1000,671849,True,0.8899441381174155,0.9814819176057854,0.9357130278616004,0.9814819176057854,False,2626,453991,2152301,d__Bacteria;p__Bacteroidota;c__Bacteroidia;o__Bacteroidales;f__Bacteroidaceae;g__Bacteroides;s__Bacteroides caccae
1934000,0.0028786230239235306,0.4323279195668987,0.0024960965931332783,0.01897039494011293,24.347048300536674,25.0,16.68845358142058,/tmp/nxf.XXXXpgkODl/sourmash_database/gtdb-rs214-reps.k51.zip,"GCA_025145285.1 Alistipes onderdonkii strain=DSM 19147, ASM2514528v1",2de6e539bf1bbcefae850f4a041e233c,0.4985821087909255,1677000,34,147248000,ERR1018281_2.fastq.gz,ERR1018281,44e562bc,671849000,51,DNA,1000,671849,True,0.8916206003086032,0.9864458917281,0.9390332460183517,0.9864458917281,False,40830,494821,2152301,d__Bacteria;p__Bacteroidota;c__Bacteroidia;o__Bacteroidales;f__Rikenellaceae;g__Alistipes;s__Alistipes onderdonkii
1836000,0.0027327569141280257,0.40077821011673154,0.0024529321320713436,0.008785016593868608,11.473300970873787,2.0,55.90479741972494,/tmp/nxf.XXXXpgkODl/sourmash_database/gtdb-rs214-reps.k51.zip,"GCF_000154845.1 Bacteroides coprocola DSM 17136 strain=DSM 17136, ASM15484v1",6c4a84c6881f2933a9b05588fca9caee,0.4464980544747082,1648000,35,145600000,ERR1018281_2.fastq.gz,ERR1018281,44e562bc,671849000,51,DNA,1000,671849,True,0.8907119409625663,0.9843141244539411,0.9375130327082537,0.9843141244539411,False,18908,513729,2152301,d__Bacteria;p__Bacteroidota;c__Bacteroidia;o__Bacteroidales;f__Bacteroidaceae;g__Phocaeicola;s__Phocaeicola coprocola
1654000,0.0024618627102220886,0.5347769028871391,0.002426140397619108,0.0021748816731488765,2.8717791411042946,2.0,2.6266918988700305,/tmp/nxf.XXXXpgkODl/sourmash_database/gtdb-rs214-reps.k51.zip,"GCF_009557455.1 Alistipes sp. dk3624 strain=dk3624, ASM955745v1",45e0b7879ab717fa12f717dd8813a4e6,0.5426509186351706,1630000,36,143970000,ERR1018281_2.fastq.gz,ERR1018281,44e562bc,671849000,51,DNA,1000,671849,True,0.888890593503756,0.9880854870414029,0.9384880402725795,0.9880854870414029,False,4681,518410,2152301,d__Bacteria;p__Bacteroidota;c__Bacteroidia;o__Bacteroidales;f__Rikenellaceae;g__Alistipes_A;s__Alistipes_A pullistercoris
1658000,0.002467816428989252,0.4578381437464629,0.0024082792413176175,0.002721738269879538,3.620519159456119,1.0,14.672295874617838,/tmp/nxf.XXXXpgkODl/sourmash_database/gtdb-rs214-reps.k51.zip,"GCF_005121165.3 Dysosmobacter welbionis strain=J115, ASM512116v3",09a34dca3e142e3d9e58ce200e89b31c,0.46915676287492925,1618000,37,142352000,ERR1018281_2.fastq.gz,ERR1018281,44e562bc,671849000,51,DNA,1000,671849,True,0.8889326941041079,0.9852699890141505,0.9371013415591292,0.9852699890141505,False,5858,524268,2152301,d__Bacteria;p__Bacillota_A;c__Clostridia;o__Oscillospirales;f__Oscillospiraceae;g__Dysosmobacter;s__Dysosmobacter welbionis
1726000,0.0025690296480310308,0.23612786489746682,0.0023308808973444926,0.0013362443264208863,1.8365261813537677,1.0,4.8816223450100855,/tmp/nxf.XXXXpgkODl/sourmash_database/gtdb-rs214-reps.k51.zip,"GCF_000969825.1 Parabacteroides gordonii MS-1 = DSM 23371 strain=MS-1, Para_gord_MS-1_V1",b7af59dd8a44a8db4a88a3c62ffef562,0.2602533172496984,1566000,38,140786000,ERR1018281_2.fastq.gz,ERR1018281,44e562bc,671849000,51,DNA,1000,671849,True,0.889633563140015,0.973951165955666,0.9317923645478405,0.973951165955666,False,2876,527144,2152301,d__Bacteria;p__Bacteroidota;c__Bacteroidia;o__Bacteroidales;f__Tannerellaceae;g__Parabacteroides;s__Parabacteroides gordonii
1498000,0.0022296676783027138,0.5451541850220264,0.0022103180923094324,0.007255955370554583,10.516498316498316,10.0,4.7269444570281145,/tmp/nxf.XXXXpgkODl/sourmash_database/gtdb-rs214-reps.k51.zip,"GCA_025144665.1 Alistipes ihumii AP11 strain=AP11, ASM2514466v1",94470386a10a8c80e63e8cc398fee2ec,0.5499265785609398,1485000,39,139301000,ERR1018281_2.fastq.gz,ERR1018281,44e562bc,671849000,51,DNA,1000,671849,True,0.8871656305803102,0.9883435570927716,0.9377545938365408,0.9883435570927716,False,15617,542761,2152301,d__Bacteria;p__Bacteroidota;c__Bacteroidia;o__Bacteroidales;f__Rikenellaceae;g__Alistipes_A;s__Alistipes_A ihumii
1436000,0.0021373850374116804,0.588283490372798,0.0021373850374116804,0.003982714313657801,5.969359331476323,5.0,4.7661652661671825,/tmp/nxf.XXXXpgkODl/sourmash_database/gtdb-rs214-reps.k51.zip,"GCA_000434635.1 Firmicutes bacterium CAG:110, MGS110",24ca5025e478d7aaf5f9c760ee979c70,0.588283490372798,1436000,40,137865000,ERR1018281_2.fastq.gz,ERR1018281,44e562bc,671849000,51,DNA,1000,671849,True,0.8864306416426657,0.9896510536615158,0.9380408476520907,0.9896510536615158,False,8572,551333,2152301,d__Bacteria;p__Bacillota_A;c__Clostridia;o__Oscillospirales;f__Oscillospiraceae;g__Faecousia;s__Faecousia sp000434635
1443000,0.0021478040452542163,0.4691067830758899,0.002079336279431837,0.0015258088901134181,2.35075161059413,2.0,3.4471292207535944,/tmp/nxf.XXXXpgkODl/sourmash_database/gtdb-rs214-reps.k51.zip,"GCF_014337155.1 Wujia chipingensis strain=NSJ-4, ASM1433715v1",d14d6293643dd7ff1e991aef550ff44d,0.4845533915379449,1397000,41,136468000,ERR1018281_2.fastq.gz,ERR1018281,44e562bc,671849000,51,DNA,1000,671849,True,0.8865151661242124,0.9858940104821505,0.9362045883031815,0.9858940104821505,False,3284,554617,2152301,d__Bacteria;p__Bacillota_A;c__Clostridia;o__Lachnospirales;f__Lachnospiraceae;g__Wujia;s__Wujia chipingensis
1506000,0.002241575115837041,0.24940962761126248,0.002043613966828856,0.0009320257714882816,1.4610342316096139,1.0,1.7236551660307933,/tmp/nxf.XXXXpgkODl/sourmash_database/gtdb-rs214-reps.k51.zip,"GCA_000613465.1 Bacteroides nordii WAL 11050 = JCM 12987 strain=JCM 12987, ASM61346v1",2622449679f676b2a7b48fe066bdf236,0.2735694822888283,1373000,42,135095000,ERR1018281_2.fastq.gz,ERR1018281,44e562bc,671849000,51,DNA,1000,671849,True,0.887258287592473,0.9749045802036562,0.9310814338980646,0.9749045802036562,False,2006,556623,2152301,d__Bacteria;p__Bacteroidota;c__Bacteroidia;o__Bacteroidales;f__Bacteroidaceae;g__Bacteroides;s__Bacteroides nordii
1349000,0.0020078916542258752,0.38746766312158665,0.0020064032245340844,0.0013427489928221005,2.1439169139465877,2.0,1.3426578336935315,/tmp/nxf.XXXXpgkODl/sourmash_database/gtdb-rs214-reps.k51.zip,"GCF_001701045.1 Cloacibacillus porcorum strain=CL-84 (T), ASM170104v1",b9143d93be6dbc285050abdb88750b70,0.3877551020408163,1348000,43,133747000,ERR1018281_2.fastq.gz,ERR1018281,44e562bc,671849000,51,DNA,1000,671849,True,0.8853450315123438,0.98159536812756,0.9334701998199519,0.98159536812756,False,2890,559513,2152301,d__Bacteria;p__Synergistota;c__Synergistia;o__Synergistales;f__Synergistaceae;g__Cloacibacillus;s__Cloacibacillus porcorum
1343000,0.00199896107607513,0.3831855876465542,0.0019944957869997572,0.0009408535330327868,1.5111940298507462,1.0,1.0165907648842474,/tmp/nxf.XXXXpgkODl/sourmash_database/gtdb-rs214-reps.k51.zip,"GCF_000024265.1 Eggerthella lenta DSM 2243 strain=DSM 2243, ASM2426v1",9c03bee3a8ea07d1dca079c2919284a2,0.3840434658278524,1340000,44,132407000,ERR1018281_2.fastq.gz,ERR1018281,44e562bc,671849000,51,DNA,1000,671849,True,0.8852676512303072,0.9814102639794448,0.933338957604876,0.9814102639794448,False,2025,561538,2152301,d__Bacteria;p__Actinomycetota;c__Coriobacteriia;o__Coriobacteriales;f__Eggerthellaceae;g__Eggerthella;s__Eggerthella lenta
1329000,0.001978123060390058,0.499059089198344,0.0019736577713146855,0.0010518974808820885,1.707390648567119,1.0,0.9483126125885925,/tmp/nxf.XXXXpgkODl/sourmash_database/gtdb-rs214-reps.k51.zip,"GCF_004309735.1 Desulfovibrio legallii strain=H1T, ASM430973v1",7054a3c9b1e9082606c8a94158d3015c,0.5001881821603312,1326000,45,131081000,ERR1018281_2.fastq.gz,ERR1018281,44e562bc,671849000,51,DNA,1000,671849,True,0.8850857710595297,0.9865080998258646,0.9357969354426972,0.9865080998258646,False,2264,563802,2152301,d__Bacteria;p__Desulfobacterota;c__Desulfovibrionia;o__Desulfovibrionales;f__Desulfovibrionaceae;g__Desulfovibrio;s__Desulfovibrio legallii
1528000,0.00227432056905644,0.33434496712190187,0.0019677040525475217,0.0014175526564360653,2.3078668683812404,2.0,4.068038793477906,/tmp/nxf.XXXXpgkODl/sourmash_database/gtdb-rs214-reps.k51.zip,"GCA_025145645.1 Alistipes senegalensis JC50 strain=JC50, ASM2514564v1",1d5da3f1e9ad6d1851e5a9a0f8524f39,0.38644410723318157,1322000,46,129759000,ERR1018281_2.fastq.gz,ERR1018281,44e562bc,671849000,51,DNA,1000,671849,True,0.8875106277388725,0.9815301862954304,0.9345204070171514,0.9815301862954304,False,3051,566853,2152301,d__Bacteria;p__Bacteroidota;c__Bacteroidia;o__Bacteroidales;f__Rikenellaceae;g__Alistipes;s__Alistipes senegalensis
1375000,0.0020465908262124375,0.355776999730676,0.001966215622855731,0.0027733109820605945,4.518546555639667,2.0,10.560083513987818,/tmp/nxf.XXXXpgkODl/sourmash_database/gtdb-rs214-reps.k51.zip,"GCF_014297285.1 Dysosmobacter sp. BX15 strain=BX15, ASM1429728v1",bad233d475eff3d0c10d83777dbf9d1c,0.37032049555615404,1321000,47,128438000,ERR1018281_2.fastq.gz,ERR1018281,44e562bc,671849000,51,DNA,1000,671849,True,0.8856764930128938,0.9807103082053464,0.93319340060912,0.9807103082053464,False,5969,572822,2152301,d__Bacteria;p__Bacillota_A;c__Clostridia;o__Oscillospirales;f__Oscillospiraceae;g__Dysosmobacter;s__Dysosmobacter sp001916835
1355000,0.0020168222323766203,0.3933620159803319,0.0019051900054923056,0.0013506475163092896,2.27109375,2.0,1.7063599938790577,/tmp/nxf.XXXXpgkODl/sourmash_database/gtdb-rs214-reps.k51.zip,"GCF_006542665.1 Alistipes communis strain=5CBH24, Acom_1.0",58355aca6226d242555a2554083bad09,0.4164105716041795,1280000,48,127158000,ERR1018281_2.fastq.gz,ERR1018281,44e562bc,671849000,51,DNA,1000,671849,True,0.8854220751083992,0.9829685935769039,0.9341953343426516,0.9829685935769039,False,2907,575729,2152301,d__Bacteria;p__Bacteroidota;c__Bacteroidia;o__Bacteroidales;f__Rikenellaceae;g__Alistipes;s__Alistipes communis
1493000,0.0022222255298437596,0.27367055771725035,0.0018843519898072334,0.000888351582794414,1.5102685624012637,1.0,2.09535077554618,/tmp/nxf.XXXXpgkODl/sourmash_database/gtdb-rs214-reps.k51.zip,"GCF_012317185.1 [Clostridium] innocuum strain=ATCC 14501, ASM1231718v1",91693cab416177f5c43d8f522dba510f,0.3227410289667099,1266000,49,125892000,ERR1018281_2.fastq.gz,ERR1018281,44e562bc,671849000,51,DNA,1000,671849,True,0.8871074732732266,0.9780694406772354,0.932588456975231,0.9780694406772354,False,1912,577641,2152301,d__Bacteria;p__Bacillota;c__Bacilli;o__Erysipelotrichales;f__Erysipelotrichaceae;g__Clostridium_AQ;s__Clostridium_AQ innocuum
1370000,0.0020391486777534833,0.38638454461821525,0.0018754214116564884,0.0010625837185412263,1.815079365079365,1.0,2.038501140167228,/tmp/nxf.XXXXpgkODl/sourmash_database/gtdb-rs214-reps.k51.zip,"GCF_900120195.1 Blautia sp. Marseille-P3087 strain=Marseille-P3087, PRJEB18016",009805ab0814e78c3885bd504bd5f720,0.42011652867218646,1260000,50,124632000,ERR1018281_2.fastq.gz,ERR1018281,44e562bc,671849000,51,DNA,1000,671849,True,0.8856132303363141,0.9831393827744599,0.934376306555387,0.9831393827744599,False,2287,579928,2152301,d__Bacteria;p__Bacillota_A;c__Clostridia;o__Lachnospirales;f__Lachnospiraceae;g__Blautia_A;s__Blautia_A sp900120195
1257000,0.0018709561225811156,0.4892871055707051,0.0018694676928893248,0.0013292750409910137,2.2778662420382165,2.0,1.8674262495197587,/tmp/nxf.XXXXpgkODl/sourmash_database/gtdb-rs214-reps.k51.zip,"GCA_000432135.1 Firmicutes bacterium CAG:124, MGS124",6b915c74416fbc7426b7dfb5b1f7e785,0.48967666536813403,1256000,51,123376000,ERR1018281_2.fastq.gz,ERR1018281,44e562bc,671849000,51,DNA,1000,671849,True,0.8841196661704095,0.9860973514463769,0.9351085088083932,0.9860973514463769,False,2861,582789,2152301,d__Bacteria;p__Bacillota_A;c__Clostridia;o__Oscillospirales;f__Oscillospiraceae;g__CAG-170;s__CAG-170 sp000432135
1206000,0.0017950462082997817,0.491148620831618,0.0017756966223065004,0.0045885775270280505,8.278290025146688,7.0,6.725712737599654,/tmp/nxf.XXXXpgkODl/sourmash_database/gtdb-rs214-reps.k51.zip,"GCF_024460475.1 Holdemanella sp. MSK.7.32 strain=MSK.7.32, ASM2446047v1",f20c91495e0ad07069e30a2b3f8e0b69,0.4965006175380815,1193000,52,122183000,ERR1018281_2.fastq.gz,ERR1018281,44e562bc,671849000,51,DNA,1000,671849,True,0.8834019340629499,0.9863649763045782,0.934883455183764,0.9863649763045782,False,9876,592665,2152301,d__Bacteria;p__Bacillota;c__Bacilli;o__Erysipelotrichales;f__Erysipelotrichaceae;g__Holdemanella;s__Holdemanella sp900556915
1174000,0.001747416458162474,0.4541586073500967,0.001747416458162474,0.013994325143183968,25.655877342419082,25.0,9.43167731673967,/tmp/nxf.XXXXpgkODl/sourmash_database/gtdb-rs214-reps.k51.zip,"GCF_000020225.1 Akkermansia muciniphila ATCC BAA-835 strain=ATCC BAA-835, ASM2022v1",43f3b48e59443092850964d355a20ac0,0.4541586073500967,1174000,53,121009000,ERR1018281_2.fastq.gz,ERR1018281,44e562bc,671849000,51,DNA,1000,671849,True,0.8829362376830948,0.9846425049025752,0.933789371292835,0.9846425049025752,False,30120,622785,2152301,d__Bacteria;p__Verrucomicrobiota;c__Verrucomicrobiae;o__Verrucomicrobiales;f__Akkermansiaceae;g__Akkermansia;s__Akkermansia muciniphila
1145000,0.001704251997100539,0.4434546862896979,0.001704251997100539,0.0011016117169485122,2.0707423580786024,2.0,2.609232828908662,/tmp/nxf.XXXXpgkODl/sourmash_database/gtdb-rs214-reps.k51.zip,"GCA_004000625.1 Candidatus Cibiobacter qucibialis, ASM400062v1",442a7b6ad44794daf4265d6e6158d0b9,0.4434546862896979,1145000,54,119864000,ERR1018281_2.fastq.gz,ERR1018281,44e562bc,671849000,51,DNA,1000,671849,True,0.8825033227575728,0.9841821306149123,0.9333427266862426,0.9841821306149123,False,2371,625156,2152301,d__Bacteria;p__Bacillota_A;c__Clostridia;o__Oscillospirales;f__Ruminococcaceae;g__Gemmiger;s__Gemmiger qucibialis
1117000,0.0016625759657303949,0.5015730337078652,0.0016610875360386038,0.0015824924116097144,3.0519713261648747,3.0,2.4027660402833857,/tmp/nxf.XXXXpgkODl/sourmash_database/gtdb-rs214-reps.k51.zip,"GCA_900542395.1 uncultured Clostridiales bacterium, UMGS459",121f0eb6dd3fcc998b78e6f785cff0ad,0.5020224719101124,1116000,55,118748000,ERR1018281_2.fastq.gz,ERR1018281,44e562bc,671849000,51,DNA,1000,671849,True,0.8820750126018685,0.9865789083381145,0.9343269604699915,0.9865789083381145,False,3406,628562,2152301,d__Bacteria;p__Bacillota_A;c__Clostridia;o__Christensenellales;f__CAG-74;g__Ventricola;s__Ventricola sp900542395
1227000,0.0018263032318273898,0.34097243728708576,0.001638761090661741,0.0010904608602607163,2.131698455949137,1.0,3.965324694255132,/tmp/nxf.XXXXpgkODl/sourmash_database/gtdb-rs214-reps.k51.zip,"GCA_025150245.1 Dorea formicigenerans strain=ATCC 27755, ASM2515024v1",7b7bf80b0639b07bda378c4de7e251f0,0.3799938061319294,1101000,56,117647000,ERR1018281_2.fastq.gz,ERR1018281,44e562bc,671849000,51,DNA,1000,671849,True,0.88370100873898,0.9812062906749947,0.9324536497069873,0.9812062906749947,False,2347,630909,2152301,d__Bacteria;p__Bacillota_A;c__Clostridia;o__Lachnospirales;f__Lachnospiraceae;g__Dorea;s__Dorea formicigenerans
1133000,0.0016863908407990485,0.29225445834442376,0.0016342958015863683,0.0008553636317596842,1.6766848816029143,1.0,2.840351823587504,/tmp/nxf.XXXXpgkODl/sourmash_database/gtdb-rs214-reps.k51.zip,"GCF_000327285.1 Holdemania massiliensis AP2 strain=AP2, ASM32728v1",7542785f6d8cc6fe92e6cf536f73c15b,0.3015704019164227,1098000,57,116549000,ERR1018281_2.fastq.gz,ERR1018281,44e562bc,671849000,51,DNA,1000,671849,True,0.8823210327535618,0.9767691523946354,0.9295450925740986,0.9767691523946354,False,1841,632750,2152301,d__Bacteria;p__Bacillota;c__Bacilli;o__Erysipelotrichales;f__Erysipelotrichaceae;g__Holdemania;s__Holdemania massiliensis
1107000,0.001647691668812486,0.4472176759410802,0.001626853653127414,0.001374343086770856,2.706312900274474,2.0,1.730393087937372,/tmp/nxf.XXXXpgkODl/sourmash_database/gtdb-rs214-reps.k51.zip,"GCA_000436735.1 Firmicutes bacterium CAG:170, MGS170",65e08327ef3024c48b718a83d2d2221b,0.45294599018003273,1093000,58,115456000,ERR1018281_2.fastq.gz,ERR1018281,44e562bc,671849000,51,DNA,1000,671849,True,0.8819194893981808,0.9845908878003928,0.9332551885992868,0.9845908878003928,False,2958,635708,2152301,d__Bacteria;p__Bacillota_A;c__Clostridia;o__Oscillospirales;f__Oscillospiraceae;g__CAG-170;s__CAG-170 sp000436735
1458000,0.0021701304906310793,0.26500732064421667,0.001616434645284878,0.0012567944725203398,2.490791896869245,1.0,5.353387244524933,/tmp/nxf.XXXXpgkODl/sourmash_database/gtdb-rs214-reps.k51.zip,"GCF_003471165.1 Ruminococcus sp. AM22-13 strain=AM22-13, ASM347116v1",eb25a624fa651d73118847d8c54261dd,0.3557833089311859,1086000,59,114370000,ERR1018281_2.fastq.gz,ERR1018281,44e562bc,671849000,51,DNA,1000,671849,True,0.8866949444873831,0.979940522664241,0.933317733575812,0.979940522664241,False,2705,638413,2152301,d__Bacteria;p__Bacillota_A;c__Clostridia;o__Lachnospirales;f__Lachnospiraceae;g__Blautia_A;s__Blautia_A sp003471165
1194000,0.0017771850519982912,0.43413654618473896,0.0016089924968259238,0.0014403189888403155,2.8677150786308974,2.0,3.0654415313147867,/tmp/nxf.XXXXpgkODl/sourmash_database/gtdb-rs214-reps.k51.zip,"GCF_003865035.1 Anaerotignum faecicola strain=KCTC 15736, ASM386503v1",d775a586ddd3ad1c0d4170f8396a304f,0.4795180722891566,1081000,60,113289000,ERR1018281_2.fastq.gz,ERR1018281,44e562bc,671849000,51,DNA,1000,671849,True,0.8832287335350988,0.9856920960772155,0.9344604148061572,0.9856920960772155,False,3100,641513,2152301,d__Bacteria;p__Bacillota_A;c__Clostridia;o__Lachnospirales;f__Anaerotignaceae;g__Anaerotignum;s__Anaerotignum faecicola
1076000,0.0016015503483669694,0.39500734214390604,0.0016015503483669694,0.0009389950569181541,1.8782527881040891,2.0,1.6442563983103182,/tmp/nxf.XXXXpgkODl/sourmash_database/gtdb-rs214-reps.k51.zip,"GCA_900548145.1 uncultured Clostridiales bacterium, UMGS1048",e50d7bce13697cc2c033011595340409,0.39500734214390604,1076000,61,112213000,ERR1018281_2.fastq.gz,ERR1018281,44e562bc,671849000,51,DNA,1000,671849,True,0.8814284628380579,0.9819520867984293,0.9316902748182436,0.9819520867984293,False,2021,643534,2152301,d__Bacteria;p__Bacillota_A;c__Clostridia;o__Christensenellales;f__CAG-74;g__Limiplasma;s__Limiplasma sp900548145
1076000,0.0016015503483669694,0.34289356277884003,0.0016015503483669694,0.0007777722539737704,1.5557620817843867,1.0,0.870656652528394,/tmp/nxf.XXXXpgkODl/sourmash_database/gtdb-rs214-reps.k51.zip,"GCF_900199635.1 Anaerotruncus massiliensis strain=AT3, PRJEB19460",f859cef73919b3b280a34b2d2c2886fe,0.34289356277884003,1076000,62,111137000,ERR1018281_2.fastq.gz,ERR1018281,44e562bc,671849000,51,DNA,1000,671849,True,0.8814284628380579,0.9792317292024992,0.9303300960202785,0.9792317292024992,False,1674,645208,2152301,d__Bacteria;p__Bacillota_A;c__Clostridia;o__Oscillospirales;f__Ruminococcaceae;g__Anaerotruncus;s__Anaerotruncus massiliensis
1076000,0.0016015503483669694,0.4422918384171476,0.0015970850592915968,0.0011248426683814206,2.256290773532153,2.0,2.8166261862293838,/tmp/nxf.XXXXpgkODl/sourmash_database/gtdb-rs214-reps.k51.zip,"GCA_900539695.1 uncultured Ruminococcaceae bacterium, UMGS168",647cc15ec7adb7648c056fd8c58d5d73,0.44352844187963725,1073000,63,110064000,ERR1018281_2.fastq.gz,ERR1018281,44e562bc,671849000,51,DNA,1000,671849,True,0.8814284628380579,0.9841853399538575,0.9328069013959577,0.9841853399538575,False,2421,647629,2152301,d__Bacteria;p__Bacillota_A;c__Clostridia;o__Oscillospirales;f__Ruminococcaceae;g__Gemmiger;s__Gemmiger sp900539695
1088000,0.0016194115046684597,0.3472733355637337,0.0015449900200789166,0.0010570082901973283,2.1917148362235066,2.0,1.4692902444182043,/tmp/nxf.XXXXpgkODl/sourmash_database/gtdb-rs214-reps.k51.zip,"GCF_009680455.1 Lachnospira eligens strain=BIOML-A1, ASM968045v1",93a7d0e658bdfb8b86a54dc8bf8c1937,0.36400133824021413,1038000,64,109026000,ERR1018281_2.fastq.gz,ERR1018281,44e562bc,671849000,51,DNA,1000,671849,True,0.8816201630327544,0.9803793975693245,0.9309997803010395,0.9803793975693245,False,2275,649904,2152301,d__Bacteria;p__Bacillota_A;c__Clostridia;o__Lachnospirales;f__Lachnospiraceae;g__Lachnospira;s__Lachnospira eligens_A
1040000,0.0015479668794624983,0.36268495128112593,0.001495871840249818,0.000994284721328476,2.129353233830846,1.0,8.184512985848603,/tmp/nxf.XXXXpgkODl/sourmash_database/gtdb-rs214-reps.k51.zip,"GCF_003024685.1 Faecalibacillus intestinalis strain=SNUG30099, ASM302468v1",4a3ada76144d96da9058de1efa570bf0,0.3753157704799711,1005000,65,108021000,ERR1018281_2.fastq.gz,ERR1018281,44e562bc,671849000,51,DNA,1000,671849,True,0.8808405258929305,0.9809679975615148,0.9309042617272226,0.9809679975615148,False,2140,652044,2152301,d__Bacteria;p__Bacillota;c__Bacilli;o__Erysipelotrichales;f__Coprobacillaceae;g__Faecalibacillus;s__Faecalibacillus intestinalis
1011000,0.0015048024184005633,0.404985696771557,0.0014750338245647459,0.0012911762806410443,2.8042381432896066,2.0,2.145565957809732,/tmp/nxf.XXXXpgkODl/sourmash_database/gtdb-rs214-reps.k51.zip,"GCA_025148445.1 Butyrivibrio crossotus strain=DSM 2876, ASM2514844v1",07840e8519e9862dc1ebd1e67b67e5b7,0.4131589701675521,991000,66,107030000,ERR1018281_2.fastq.gz,ERR1018281,44e562bc,671849000,51,DNA,1000,671849,True,0.8803522132361591,0.9828175115451275,0.9315848623906433,0.9828175115451275,False,2779,654823,2152301,d__Bacteria;p__Bacillota_A;c__Clostridia;o__Lachnospirales;f__Lachnospiraceae;g__Butyrivibrio_A;s__Butyrivibrio_A crossotus
995000,0.0014809875433319094,0.3515625,0.001473545394872955,0.0008391019657566483,1.8242424242424242,1.0,1.0859144923357593,/tmp/nxf.XXXXpgkODl/sourmash_database/gtdb-rs214-reps.k51.zip,"GCF_000478885.1 Adlercreutzia equolifaciens DSM 19450 strain=DSM 19450, ASM47888v1",55116c7145cfee625af89ea26d55a509,0.3533380681818182,990000,67,106040000,ERR1018281_2.fastq.gz,ERR1018281,44e562bc,671849000,51,DNA,1000,671849,True,0.8800768876178109,0.979808017458428,0.9299424525381195,0.979808017458428,False,1806,656629,2152301,d__Bacteria;p__Actinomycetota;c__Coriobacteriia;o__Coriobacteriales;f__Eggerthellaceae;g__Adlercreutzia;s__Adlercreutzia equolifaciens
1046000,0.0015568974576132435,0.4212095400340716,0.0014720569651811642,0.015830034925412385,34.44994944388271,34.0,13.938430717153853,/tmp/nxf.XXXXpgkODl/sourmash_database/gtdb-rs214-reps.k51.zip,"GCF_002834235.1 Ruminococcus bromii strain=5AMG, ASM283423v1",c788aae2c6f3cc3e1e9802e6b555f644,0.4454855195911414,989000,68,105051000,ERR1018281_2.fastq.gz,ERR1018281,44e562bc,671849000,51,DNA,1000,671849,True,0.8809398877603003,0.9842703080033351,0.9326050978818177,0.9842703080033351,False,34071,690700,2152301,d__Bacteria;p__Bacillota_A;c__Clostridia;o__Oscillospirales;f__Acutalibacteraceae;g__Ruminococcus_E;s__Ruminococcus_E bromii_B
1274000,0.0018962594273415603,0.2683923705722071,0.0014661032464140008,0.0007471073980823314,1.6324873096446701,1.0,1.9050987973078797,/tmp/nxf.XXXXpgkODl/sourmash_database/gtdb-rs214-reps.k51.zip,"GCA_025147765.1 Blautia obeum ATCC 29174 strain=ATCC 29174, ASM2514776v1",aa800a95b7aa246d998085e9b2fb3124,0.3471389645776567,985000,69,104066000,ERR1018281_2.fastq.gz,ERR1018281,44e562bc,671849000,51,DNA,1000,671849,True,0.8843525779087205,0.97946802304587,0.9319103004772953,0.97946802304587,False,1608,692308,2152301,d__Bacteria;p__Bacillota_A;c__Clostridia;o__Lachnospirales;f__Lachnospiraceae;g__Blautia_A;s__Blautia_A obeum
2573000,0.0038297295969778925,0.16142384105960264,0.0014512189494960922,0.0032244560588876744,7.1179487179487175,5.0,15.423306901966322,/tmp/nxf.XXXXpgkODl/sourmash_database/gtdb-rs214-reps.k51.zip,"GCF_000172175.1 Bacteroides intestinalis DSM 17393 strain=DSM 17393, ASM17217v1",88d0574f8547abcdfff80042523ef059,0.42599337748344374,975000,70,103091000,ERR1018281_2.fastq.gz,ERR1018281,44e562bc,671849000,51,DNA,1000,671849,True,0.8966256102628599,0.983407212505186,0.940016411384023,0.983407212505186,False,6940,699248,2152301,d__Bacteria;p__Bacteroidota;c__Bacteroidia;o__Bacteroidales;f__Bacteroidaceae;g__Bacteroides;s__Bacteroides intestinalis
1019000,0.0015167098559348902,0.3644859813084112,0.0014512189494960922,0.0015295258423426836,3.3764102564102565,2.0,6.631460173809225,/tmp/nxf.XXXXpgkODl/sourmash_database/gtdb-rs214-reps.k51.zip,"GCF_000765235.1 Oscillibacter sp. ER4 strain=ER4, ASM76523v1",b86d494b379656b1b7a7b4d8bf763e29,0.38093457943925235,975000,71,102116000,ERR1018281_2.fastq.gz,ERR1018281,44e562bc,671849000,51,DNA,1000,671849,True,0.8804882781142475,0.98125386494076,0.9308710715275037,0.98125386494076,False,3292,702540,2152301,d__Bacteria;p__Bacillota_A;c__Clostridia;o__Oscillospirales;f__Oscillospiraceae;g__ER4;s__ER4 sp000765235
1042000,0.00155094373884608,0.30015600624024963,0.0014318693635028109,0.001505830271881117,3.369022869022869,2.0,8.999653312882433,/tmp/nxf.XXXXpgkODl/sourmash_database/gtdb-rs214-reps.k51.zip,"GCA_000020605.1 [Eubacterium] rectale ATCC 33656 strain=ATCC 33656, ASM2060v1",bb4d1c2199066ffc1226ec8433ce5698,0.3251170046801872,962000,72,101154000,ERR1018281_2.fastq.gz,ERR1018281,44e562bc,671849000,51,DNA,1000,671849,True,0.8808737088199124,0.978210118240095,0.9295419135300037,0.978210118240095,False,3241,705781,2152301,d__Bacteria;p__Bacillota_A;c__Clostridia;o__Lachnospirales;f__Lachnospiraceae;g__Agathobacter;s__Agathobacter rectalis
960000,0.0014288925041192292,0.3610897927858787,0.0014006123399752028,0.002098219533420279,4.799149840595112,3.0,13.903074198838109,/tmp/nxf.XXXXpgkODl/sourmash_database/gtdb-rs214-reps.k51.zip,"GCF_018918025.1 Oscillibacter sp. MSJ-31 strain=MSJ-31, ASM1891802v1",b4b9b3d4ee70eb2a856753f090684864,0.3683806600153492,941000,73,100213000,ERR1018281_2.fastq.gz,ERR1018281,44e562bc,671849000,51,DNA,1000,671849,True,0.8794591619281467,0.9806093189128158,0.9300342404204812,0.9806093189128158,False,4516,710297,2152301,d__Bacteria;p__Bacillota_A;c__Clostridia;o__Oscillospirales;f__Oscillospiraceae;g__ER4;s__ER4 sp900317525
940000,0.001399123910283412,0.3022121014964216,0.0013827511836737123,0.001091854717346691,2.5296017222820235,1.0,7.763140251101659,/tmp/nxf.XXXXpgkODl/sourmash_database/gtdb-rs214-reps.k51.zip,"GCF_003628755.1 Christensenella minuta strain=DSM 22607, ASM362875v1",2aaf2657aeca9ce8c4e19e4773bb06f3,0.30579050097592714,929000,74,99284000,ERR1018281_2.fastq.gz,ERR1018281,44e562bc,671849000,51,DNA,1000,671849,True,0.8790961856065496,0.9770353436156642,0.9280657646111069,0.9770353436156642,False,2350,712647,2152301,d__Bacteria;p__Bacillota_A;c__Clostridia;o__Christensenellales;f__Christensenellaceae;g__Christensenella;s__Christensenella minuta
1000000,0.0014884296917908636,0.33011789924973206,0.001375309035214758,0.007097520281782148,16.532467532467532,14.0,17.052187085165173,/tmp/nxf.XXXXpgkODl/sourmash_database/gtdb-rs214-reps.k51.zip,"GCA_018228685.1 Clostridiaceae bacterium Marseille-Q4149 strain=Marseille-Q4149, ASM1822868v1",1bba9d7c75b903b81673df1b6344def2,0.35727045373347627,924000,75,98360000,ERR1018281_2.fastq.gz,ERR1018281,44e562bc,671849000,51,DNA,1000,671849,True,0.8801633903433566,0.9800206736574106,0.9300920320003836,0.9800206736574106,False,15276,727923,2152301,d__Bacteria;p__Bacillota_A;c__Clostridia;o__Oscillospirales;f__Oscillospiraceae;g__Vescimonas;s__Vescimonas sp001916855
914000,0.0013604247382968495,0.47232281427832384,0.0013589363086050586,0.002123773579996478,5.0065717415115,5.0,2.869173808889914,/tmp/nxf.XXXXpgkODl/sourmash_database/gtdb-rs214-reps.k51.zip,"GCA_003150355.1 Clostridiales bacterium, ASM315035v1",d7b193d3ba3a1005ec330bd77871fa8f,0.47284014485256076,913000,76,97447000,ERR1018281_2.fastq.gz,ERR1018281,44e562bc,671849000,51,DNA,1000,671849,True,0.8786128276371467,0.9854210832397907,0.9320169554384687,0.9854210832397907,False,4571,732494,2152301,d__Bacteria;p__Bacillota_A;c__Clostridia;o__Oscillospirales;f__Oscillospiraceae;g__Limivicinus;s__Limivicinus sp003150355
921000,0.0013708437461393856,0.1412153652392947,0.0013351214335364048,0.0005733398813641772,1.3756967670011149,1.0,3.6270368036372855,/tmp/nxf.XXXXpgkODl/sourmash_database/gtdb-rs214-reps.k51.zip,"GCA_025149125.1 [Clostridium] asparagiforme DSM 15981 strain=DSM 15981, ASM2514912v1",e521dfe7385306788110be8c24c20c64,0.14499370277078086,897000,77,96550000,ERR1018281_2.fastq.gz,ERR1018281,44e562bc,671849000,51,DNA,1000,671849,True,0.8787442756188854,0.9628438605046574,0.9207940680617714,0.9628438605046574,False,1234,733728,2152301,d__Bacteria;p__Bacillota_A;c__Clostridia;o__Lachnospirales;f__Lachnospiraceae;g__Enterocloster;s__Enterocloster asparagiformis
983000,0.0014631263870304191,0.17427627744317079,0.0013351214335364048,0.0006504666401214328,1.560758082497213,1.0,3.830136132318154,/tmp/nxf.XXXXpgkODl/sourmash_database/gtdb-rs214-reps.k51.zip,"GCF_900184685.1 Butyricimonas sp. Marseille-P3923 strain=Marseille-P3923, PRJEB20857",68e7e95303678386d3583fca0dec41ca,0.19098503982902662,897000,78,95653000,ERR1018281_2.fastq.gz,ERR1018281,44e562bc,671849000,51,DNA,1000,671849,True,0.8798675298587684,0.9680592699391336,0.9239633998989509,0.9680592699391336,False,1400,735128,2152301,d__Bacteria;p__Bacteroidota;c__Bacteroidia;o__Bacteroidales;f__Marinifilaceae;g__Butyricimonas;s__Butyricimonas sp900184685
892000,0.0013276792850774504,0.46460409019402205,0.0013187487069267053,0.00740881503098312,17.997742663656886,18.0,10.709903197841774,/tmp/nxf.XXXXpgkODl/sourmash_database/gtdb-rs214-reps.k51.zip,"GCA_003487665.1 Oscillibacter sp., ASM348766v1",fbc7cc41914a065f9ad036c61fbbb0f1,0.46775039328788676,886000,79,94767000,ERR1018281_2.fastq.gz,ERR1018281,44e562bc,671849000,51,DNA,1000,671849,True,0.8781931845794575,0.9852119920143722,0.9317025882969148,0.9852119920143722,False,15946,751074,2152301,d__Bacteria;p__Bacillota_A;c__Clostridia;o__Oscillospirales;f__Oscillospiraceae;g__Vescimonas;s__Vescimonas sp003487665
881000,0.001311306558467751,0.32545931758530183,0.0012919569724744698,0.0009027547726828171,2.238479262672811,1.0,4.4589312321946535,/tmp/nxf.XXXXpgkODl/sourmash_database/gtdb-rs214-reps.k51.zip,"GCA_900540635.1 uncultured Clostridiales bacterium, UMGS273",6e6679255b77c3b6ae1144f67dc9e9c4,0.3303337082864642,868000,80,93899000,ERR1018281_2.fastq.gz,ERR1018281,44e562bc,671849000,51,DNA,1000,671849,True,0.8779795426103836,0.9785154873063792,0.9282475149583813,0.9785154873063792,False,1943,753017,2152301,d__Bacteria;p__Bacillota_A;c__Clostridia;o__Oscillospirales;f__Oscillospiraceae;g__Faecousia;s__Faecousia sp900540635
877000,0.0013053528397005876,0.3277310924369748,0.001277072675556561,0.0016851732169431693,4.2272727272727275,4.0,3.1822427289192907,/tmp/nxf.XXXXpgkODl/sourmash_database/gtdb-rs214-reps.k51.zip,"GCA_900540595.1 uncultured Ruminococcaceae bacterium, UMGS262",fb276673410c3357d6562d9053bfcbc0,0.3349885408708938,858000,81,93041000,ERR1018281_2.fastq.gz,ERR1018281,44e562bc,671849000,51,DNA,1000,671849,True,0.8779012056509511,0.9787840008578234,0.9283426032543872,0.9787840008578234,False,3627,756644,2152301,d__Bacteria;p__Bacillota_A;c__Clostridia;o__Oscillospirales;f__Ruminococcaceae;g__Gemmiger;s__Gemmiger sp900540595
1021000,0.001519686715318472,0.2387312186978297,0.001277072675556561,0.0009575798180644808,2.402097902097902,1.0,7.098234803368265,/tmp/nxf.XXXXpgkODl/sourmash_database/gtdb-rs214-reps.k51.zip,"GCF_019734885.1 Coprococcus catus strain=VPIC661, ASM1973488v1",57838a900e5f5bd01c74a147da155323,0.2840845854201447,858000,82,92183000,ERR1018281_2.fastq.gz,ERR1018281,44e562bc,671849000,51,DNA,1000,671849,True,0.8805221306896568,0.9756258249612181,0.9280739778254374,0.9756258249612181,False,2061,758705,2152301,d__Bacteria;p__Bacillota_A;c__Clostridia;o__Lachnospirales;f__Lachnospiraceae;g__Coprococcus_A;s__Coprococcus_A catus
847000,0.0012606999489468615,0.3141263940520446,0.0012577230895632798,0.0006221248793732846,1.5846153846153845,1.0,0.8574076795749399,/tmp/nxf.XXXXpgkODl/sourmash_database/gtdb-rs214-reps.k51.zip,"GCA_900553265.1 uncultured Clostridiales bacterium, UMGS1603",4239d4948a2dfc7f256d16eefe37ab60,0.3148698884758364,845000,83,91338000,ERR1018281_2.fastq.gz,ERR1018281,44e562bc,671849000,51,DNA,1000,671849,True,0.8773022631791447,0.9775960405528417,0.9274491518659932,0.9775960405528417,False,1339,760044,2152301,d__Bacteria;p__Bacillota_A;c__Clostridia;o__Christensenellales;f__CAG-74;g__Faecivicinus;s__Faecivicinus sp900553265
1023000,0.0015226635747020536,0.2508971291866029,0.0012487925114125346,0.0009027547726828171,2.3158522050059593,1.0,4.21887737436967,/tmp/nxf.XXXXpgkODl/sourmash_database/gtdb-rs214-reps.k51.zip,"GCA_001312505.1 [Ruminococcus] faecis JCM 15917 strain=JCM 15917, ASM131250v1",74084a0ba33e0aad9e3ea50a89ace6e7,0.3059210526315789,839000,84,90499000,ERR1018281_2.fastq.gz,ERR1018281,44e562bc,671849000,51,DNA,1000,671849,True,0.8805559183150513,0.9770435208721236,0.9287997195935875,0.9770435208721236,False,1943,761987,2152301,d__Bacteria;p__Bacillota_A;c__Clostridia;o__Lachnospirales;f__Lachnospiraceae;g__Mediterraneibacter;s__Mediterraneibacter faecis
1076000,0.0016015503483669694,0.22341568206229862,0.0012383735035699987,0.0008669791074761384,2.2427884615384617,2.0,2.276805267141274,/tmp/nxf.XXXXpgkODl/sourmash_database/gtdb-rs214-reps.k51.zip,"GCF_001487165.1 Blautia massiliensis strain=GD9, Blautia massiliensis1",26a084514a434ed691fd39a9b849e9f4,0.2889366272824919,832000,85,89667000,ERR1018281_2.fastq.gz,ERR1018281,44e562bc,671849000,51,DNA,1000,671849,True,0.8814284628380579,0.9759498506450278,0.9286891567415428,0.9759498506450278,False,1866,763853,2152301,d__Bacteria;p__Bacillota_A;c__Clostridia;o__Lachnospirales;f__Lachnospiraceae;g__Blautia_A;s__Blautia_A massiliensis
833000,0.0012398619332617896,0.3020183486238532,0.001224977636343881,0.0006379219263476624,1.6682867557715675,1.0,2.5248322693289955,/tmp/nxf.XXXXpgkODl/sourmash_database/gtdb-rs214-reps.k51.zip,"GCA_900545515.1 uncultured Clostridiales bacterium, UMGS777",e465be7ce69408f6ff459aef1130232c,0.3056880733944954,823000,86,88844000,ERR1018281_2.fastq.gz,ERR1018281,44e562bc,671849000,51,DNA,1000,671849,True,0.8770156032997711,0.9770289255472053,0.9270222644234882,0.9770289255472053,False,1373,765226,2152301,d__Bacteria;p__Bacillota_A;c__Clostridia;o__Oscillospirales;f__Oscillospiraceae;g__Faecousia;s__Faecousia sp000435995
1552000,0.0023100428816594204,0.12736287573597768,0.0012234892066520899,0.0005584720724471159,1.4622871046228711,1.0,0.8935636983567861,/tmp/nxf.XXXXpgkODl/sourmash_database/gtdb-rs214-reps.k51.zip,"GCF_001314995.1 Bacteroides ovatus strain=ATCC 8483, ASM131499v1",c28ea957513bf36bf9dc694cd077b880,0.24047102572048343,822000,87,88022000,ERR1018281_2.fastq.gz,ERR1018281,44e562bc,671849000,51,DNA,1000,671849,True,0.8877818773070273,0.9724425995211157,0.9301122384140714,0.9724425995211157,False,1202,766428,2152301,d__Bacteria;p__Bacteroidota;c__Bacteroidia;o__Bacteroidales;f__Bacteroidaceae;g__Bacteroides;s__Bacteroides ovatus
867000,0.0012904685427826787,0.2809719370294319,0.001222000776960299,0.0018213065923400119,4.774665042630938,2.0,12.320887913141378,/tmp/nxf.XXXXpgkODl/sourmash_database/gtdb-rs214-reps.k51.zip,"GCF_900148495.1 Negativibacillus massiliensis strain=Marseille-P3213, PRJEB16359",14a3469a43c6145dca551886754a026f,0.29671457905544146,821000,88,87201000,ERR1018281_2.fastq.gz,ERR1018281,44e562bc,671849000,51,DNA,1000,671849,True,0.8777038203007006,0.976458305228699,0.9270810627646998,0.976458305228699,False,3920,770348,2152301,d__Bacteria;p__Bacillota_A;c__Clostridia;o__Oscillospirales;f__Ruminococcaceae;g__Negativibacillus;s__Negativibacillus massiliensis
811000,0.0012071164800423904,0.3334703947368421,0.0012071164800423904,0.0005152625027819064,1.3674475955610357,1.0,0.6555281532531884,/tmp/nxf.XXXXpgkODl/sourmash_database/gtdb-rs214-reps.k51.zip,"GCA_900544375.1 uncultured Ruminococcaceae bacterium, UMGS668",10109c779a5baf5bc4fa694e8a809e35,0.3334703947368421,811000,89,86390000,ERR1018281_2.fastq.gz,ERR1018281,44e562bc,671849000,51,DNA,1000,671849,True,0.8765554527171537,0.9786968308804583,0.9276261417988061,0.9786968308804583,False,1109,771457,2152301,d__Bacteria;p__Bacillota_A;c__Clostridia;o__Oscillospirales;f__Acutalibacteraceae;g__Fimivicinus;s__Fimivicinus sp900544375
977000,0.0014541958088796739,0.36054421768707484,0.0011833016049737366,0.0013111548988733453,3.549685534591195,3.0,2.5996582797652,/tmp/nxf.XXXXpgkODl/sourmash_database/gtdb-rs214-reps.k51.zip,"GCA_900546075.1 uncultured Clostridiales bacterium, UMGS838",7f4284af1da5d8d2e35ee124e9686eba,0.44308390022675737,795000,90,85595000,ERR1018281_2.fastq.gz,ERR1018281,44e562bc,671849000,51,DNA,1000,671849,True,0.8797619095146002,0.9841659886084293,0.9319639490615148,0.9841659886084293,False,2822,774279,2152301,d__Bacteria;p__Bacillota_A;c__Clostridia;o__Oscillospirales;f__Oscillospiraceae;g__Faecousia;s__Faecousia sp900546075
799000,0.0011892553237409001,0.38850346878097125,0.0011669288783640371,0.0012447143777752276,3.417091836734694,2.0,6.592610559677101,/tmp/nxf.XXXXpgkODl/sourmash_database/gtdb-rs214-reps.k51.zip,"GCA_003539495.1 Oscillibacter sp., ASM353949v1",07713368d0f46721ed59b7b6c91589bc,0.3959365708622398,784000,91,84811000,ERR1018281_2.fastq.gz,ERR1018281,44e562bc,671849000,51,DNA,1000,671849,True,0.8762992762938241,0.9819973283256029,0.9291483023097136,0.9819973283256029,False,2679,776958,2152301,d__Bacteria;p__Bacillota_A;c__Clostridia;o__Oscillospirales;f__Oscillospiraceae;g__Vescimonas;s__Vescimonas sp003539495
791000,0.0011773478862065732,0.3074191002367798,0.001159486729905083,0.0006119032607428051,1.6906290115532734,1.0,2.400909538764496,/tmp/nxf.XXXXpgkODl/sourmash_database/gtdb-rs214-reps.k51.zip,"GCA_900756495.1 uncultured Oscillospiraceae bacterium, ERS537207_19",a18daaa6d7dd48cd7e00603c492ef18c,0.31215469613259667,779000,92,84032000,ERR1018281_2.fastq.gz,ERR1018281,44e562bc,671849000,51,DNA,1000,671849,True,0.876126387854164,0.9774300432144363,0.9267782155343001,0.9774300432144363,False,1317,778275,2152301,d__Bacteria;p__Bacillota_A;c__Clostridia;o__Oscillospirales;f__Oscillospiraceae;g__HGM12998;s__HGM12998 sp900756495
844000,0.001256234659871489,0.289395070948469,0.0011535330111379194,0.0006188725461726775,1.7187096774193549,1.0,2.876529878433258,/tmp/nxf.XXXXpgkODl/sourmash_database/gtdb-rs214-reps.k51.zip,"GCA_025152405.1 [Ruminococcus] lactaris ATCC 29176 strain=ATCC 29176, ASM2515240v1",5ce8603892234499b54852ec8c952d29,0.31516056758775207,775000,93,83257000,ERR1018281_2.fastq.gz,ERR1018281,44e562bc,671849000,51,DNA,1000,671849,True,0.877241229146641,0.9776137284210558,0.9274274787838483,0.9776137284210558,False,1332,779607,2152301,d__Bacteria;p__Bacillota_A;c__Clostridia;o__Lachnospirales;f__Lachnospiraceae;g__Mediterraneibacter;s__Mediterraneibacter lactaris
781000,0.0011624635892886646,0.3543956043956044,0.0011520445814461285,0.0006774145437836065,1.8837209302325582,2.0,1.1122612879921963,/tmp/nxf.XXXXpgkODl/sourmash_database/gtdb-rs214-reps.k51.zip,"GCA_900551415.1 uncultured Clostridiales bacterium, UMGS1400",ed9df1e7caca07ca18f24614919fea40,0.3576007326007326,774000,94,82483000,ERR1018281_2.fastq.gz,ERR1018281,44e562bc,671849000,51,DNA,1000,671849,True,0.875907850476691,0.9800384299386767,0.9279731402076838,0.9800384299386767,False,1458,781065,2152301,d__Bacteria;p__Bacillota_A;c__Clostridia;o__Peptostreptococcales;f__Anaerovoracaceae;g__CAG-238;s__CAG-238 sp900551415
850000,0.0012651652380222343,0.2723749119097956,0.0011505561517543377,0.0007940339199768062,2.2108667529107375,2.0,2.383814742946197,/tmp/nxf.XXXXpgkODl/sourmash_database/gtdb-rs214-reps.k51.zip,"GCF_023347295.1 Faecalibacterium sp. I3333 strain=I3333, ASM2334729v1",3b6cf553b824e515e9cd45240064d4e7,0.29950669485553205,773000,95,81710000,ERR1018281_2.fastq.gz,ERR1018281,44e562bc,671849000,51,DNA,1000,671849,True,0.8773630856400972,0.976637647446324,0.9270003665432106,0.976637647446324,False,1709,782774,2152301,d__Bacteria;p__Bacillota_A;c__Clostridia;o__Oscillospirales;f__Ruminococcaceae;g__Faecalibacterium;s__Faecalibacterium sp003449675
825000,0.0012279544957274626,0.3786746387643249,0.0011312065657610563,0.001313477994016636,3.719736842105263,3.0,5.6238804672303715,/tmp/nxf.XXXXpgkODl/sourmash_database/gtdb-rs214-reps.k51.zip,"GCA_003522105.1 Oscillibacter sp., ASM352210v1",3a0c55ad38bb72b6562163e2580de420,0.4110612855007474,760000,96,80950000,ERR1018281_2.fastq.gz,ERR1018281,44e562bc,671849000,51,DNA,1000,671849,True,0.8768496694906821,0.9827194251234584,0.9297845473070703,0.9827194251234584,False,2827,785601,2152301,d__Bacteria;p__Bacillota_A;c__Clostridia;o__Oscillospirales;f__Oscillospiraceae;g__ER4;s__ER4 sp003522105
974000,0.0014497305198043014,0.1797337278106509,0.0010850652453155397,0.0007675506353432908,2.2661179698216736,1.0,4.445427840873709,/tmp/nxf.XXXXpgkODl/sourmash_database/gtdb-rs214-reps.k51.zip,"GCF_000174195.1 Roseburia inulinivorans DSM 16841 strain=DSM 16841, ASM17419v1",e3692c21f5a57009b8f3ea43032066c2,0.240138067061144,729000,97,80221000,ERR1018281_2.fastq.gz,ERR1018281,44e562bc,671849000,51,DNA,1000,671849,True,0.8797088606360058,0.9724161805258957,0.9260625205809507,0.9724161805258957,False,1652,787253,2152301,d__Bacteria;p__Bacillota_A;c__Clostridia;o__Lachnospirales;f__Lachnospiraceae;g__Roseburia;s__Roseburia inulinivorans
717000,0.0010672040890140494,0.28797083839611176,0.0010582735108633041,0.0004841330278618093,1.4655414908579465,1.0,1.1256539068645428,/tmp/nxf.XXXXpgkODl/sourmash_database/gtdb-rs214-reps.k51.zip,"GCA_900547295.1 uncultured Clostridiales bacterium, UMGS973",78c07356843dad2a5e7a2962b7ae7190,0.29040097205346294,711000,98,79510000,ERR1018281_2.fastq.gz,ERR1018281,44e562bc,671849000,51,DNA,1000,671849,True,0.8744406587764918,0.9760465940561034,0.9252436264162975,0.9760465940561034,False,1042,788295,2152301,d__Bacteria;p__Bacillota_A;c__Clostridia;o__Peptostreptococcales;f__Anaerovoracaceae;g__UMGS973;s__UMGS973 sp900547295
753000,0.0011207875579185205,0.3366477272727273,0.0010582735108633041,0.0007838123013463265,2.3727144866385372,1.0,4.9648880598977,/tmp/nxf.XXXXpgkODl/sourmash_database/gtdb-rs214-reps.k51.zip,"GCA_900548615.1 uncultured Clostridiales bacterium, UMGS1099",3ebf54e6924e9f70834c5cfeab07ee71,0.3565340909090909,711000,99,78799000,ERR1018281_2.fastq.gz,ERR1018281,44e562bc,671849000,51,DNA,1000,671849,True,0.8752810292340961,0.9799810276943139,0.9276310284642051,0.9799810276943139,False,1687,789982,2152301,d__Bacteria;p__Bacillota_A;c__Clostridia;o__Oscillospirales;f__Oscillospiraceae;g__Vescimonas;s__Vescimonas sp900548615
1406000,0.0020927321466579544,0.15955261355854827,0.0010404123545618138,0.0032602317240943528,10.03862660944206,3.0,27.246765031735933,/tmp/nxf.XXXXpgkODl/sourmash_database/gtdb-rs214-reps.k51.zip,"GCA_019417795.1 Clostridiales bacterium, ASM1941779v1",5a199efdf60fbe8e0dc767e0c79a1bc4,0.3209312942250628,699000,100,78100000,ERR1018281_2.fastq.gz,ERR1018281,44e562bc,671849000,51,DNA,1000,671849,True,0.8860637582932853,0.9779616064079641,0.9320126823506247,0.9779616064079641,False,7017,796999,2152301,d__Bacteria;p__Bacillota_A;c__Clostridia;o__Oscillospirales;f__Oscillospiraceae;g__Dysosmobacter;s__Dysosmobacter sp019417795
827000,0.0012309313551110443,0.10301768990634755,0.0010314817764110686,0.00038702765087225254,1.202020202020202,1.0,0.57071026317921,/tmp/nxf.XXXXpgkODl/sourmash_database/gtdb-rs214-reps.k51.zip,"GCF_014647375.1 Parabacteroides faecis strain=JCM 18682, ASM1464737v1",19487fc6cbf524d33bf3e787f005d872,0.12293741638174521,693000,101,77407000,ERR1018281_2.fastq.gz,ERR1018281,44e562bc,671849000,51,DNA,1000,671849,True,0.8768913003558563,0.9597335307778772,0.9183124155668667,0.9597335307778772,False,833,797832,2152301,d__Bacteria;p__Bacteroidota;c__Bacteroidia;o__Bacteroidales;f__Tannerellaceae;g__Parabacteroides;s__Parabacteroides faecis
866000,0.001288980113090888,0.21375,0.0010180859091849508,0.000689959257557377,2.1710526315789473,1.0,3.564154477233106,/tmp/nxf.XXXXpgkODl/sourmash_database/gtdb-rs214-reps.k51.zip,"GCA_900545925.1 uncultured Clostridiales bacterium, UMGS830",4b857dddb16cfeb2fb707c915e51ee8b,0.270625,684000,102,76723000,ERR1018281_2.fastq.gz,ERR1018281,44e562bc,671849000,51,DNA,1000,671849,True,0.8776839591512239,0.9746977400242546,0.9261908495877392,0.9746977400242546,False,1485,799317,2152301,d__Bacteria;p__Bacillota_A;c__Clostridia;o__Oscillospirales;f__Oscillospiraceae;g__CAG-170;s__CAG-170 sp900545925
688000,0.0010240396279521142,0.3320350535540409,0.0010151090498013691,0.0004841330278618093,1.5278592375366569,1.0,0.7715341331414646,/tmp/nxf.XXXXpgkODl/sourmash_database/gtdb-rs214-reps.k51.zip,"GCA_900552305.1 uncultured Clostridiales bacterium, UMGS1494",20e22a934f72dec3ae2fbaa0c9eba56c,0.3349561830574489,682000,103,76041000,ERR1018281_2.fastq.gz,ERR1018281,44e562bc,671849000,51,DNA,1000,671849,True,0.873733042616407,0.978782146957134,0.9262575947867705,0.978782146957134,False,1042,800359,2152301,d__Bacteria;p__Bacillota_A;c__Clostridia;o__Monoglobales;f__Monoglobaceae;g__UMGS1494;s__UMGS1494 sp900552305
694000,0.0010329702061028594,0.3861442362294151,0.0010121321904177872,0.0008154063952950819,2.5808823529411766,2.0,1.688869910441436,/tmp/nxf.XXXXpgkODl/sourmash_database/gtdb-rs214-reps.k51.zip,"GCA_003522945.1 Clostridiales bacterium, ASM352294v1",7a9402ba51cf2c0082e2c3a63dbec322,0.3940942646223736,680000,104,75361000,ERR1018281_2.fastq.gz,ERR1018281,44e562bc,671849000,51,DNA,1000,671849,True,0.8738818147142575,0.9819075298765403,0.9278946722953989,0.9819075298765403,False,1755,802114,2152301,d__Bacteria;p__Bacillota_A;c__Clostridia;o__Oscillospirales;f__Oscillospiraceae;g__UBA738;s__UBA738 sp003522945
700000,0.0010419007842536047,0.32567049808429116,0.0010121321904177872,0.0005268779784983606,1.6676470588235295,1.0,0.9555474526448468,/tmp/nxf.XXXXpgkODl/sourmash_database/gtdb-rs214-reps.k51.zip,"GCF_014306095.1 Lentihominibacter faecis strain=BX16, ASM1430609v1",1d72c7af763f7276ed2a8b2028393fcf,0.33524904214559387,680000,105,74681000,ERR1018281_2.fastq.gz,ERR1018281,44e562bc,671849000,51,DNA,1000,671849,True,0.874029331123712,0.9787989195615344,0.9264141253426232,0.9787989195615344,False,1134,803248,2152301,d__Bacteria;p__Bacillota_A;c__Clostridia;o__Peptostreptococcales;f__Anaerovoracaceae;g__Lentihominibacter;s__Lentihominibacter faecis
715000,0.0010642272296304675,0.43139757498404596,0.0010061784716506239,0.005571246772640072,17.738165680473372,17.0,7.896768806418067,/tmp/nxf.XXXXpgkODl/sourmash_database/gtdb-rs214-reps.k51.zip,"GCA_000435555.1 Firmicutes bacterium CAG:176, MGS176",f75e49f303593e98e86fc7d7e28e127f,0.4562858966177409,676000,106,74005000,ERR1018281_2.fastq.gz,ERR1018281,44e562bc,671849000,51,DNA,1000,671849,True,0.8743927664946991,0.9847327309966419,0.9295627487456706,0.9847327309966419,False,11991,815239,2152301,d__Bacteria;p__Bacillota_A;c__Clostridia;o__Oscillospirales;f__Oscillospiraceae;g__Vescimonas;s__Vescimonas sp000435555
858000,0.001277072675556561,0.16935890964159517,0.0009987363231916695,0.0007136548280189434,2.2891207153502235,1.0,7.176704176250815,/tmp/nxf.XXXXpgkODl/sourmash_database/gtdb-rs214-reps.k51.zip,"GCA_003584705.1 Lachnospiraceae bacterium GAM79 strain=GAM79, ASM358470v1",70a12b75803f82aa8bff2c80aad9821b,0.2165572942958102,671000,107,73334000,ERR1018281_2.fastq.gz,ERR1018281,44e562bc,671849000,51,DNA,1000,671849,True,0.877524255697469,0.9704474339534868,0.9239858448254779,0.9704474339534868,False,1536,816775,2152301,d__Bacteria;p__Bacillota_A;c__Clostridia;o__Lachnospirales;f__Lachnospiraceae;g__Acetatifactor;s__Acetatifactor sp900066565
1277000,0.001900724716416933,0.19114285714285714,0.0009957594638080878,0.0004715883140880388,1.5171898355754858,1.0,1.0651794917349275,/tmp/nxf.XXXXpgkODl/sourmash_database/gtdb-rs214-reps.k51.zip,"GCF_014297355.1 Blautia sp. 2744 strain=2744, ASM1429735v1",15614b32ae19bd5242014b1b5b1a5660,0.3648571428571429,669000,108,72665000,ERR1018281_2.fastq.gz,ERR1018281,44e562bc,671849000,51,DNA,1000,671849,True,0.8843933634543297,0.9804245411088591,0.9324089522815944,0.9804245411088591,False,1015,817790,2152301,d__Bacteria;p__Bacillota_A;c__Clostridia;o__Lachnospirales;f__Lachnospiraceae;g__Blautia_A;s__Blautia_A intestinalis
668000,0.000994271034116297,0.3236151603498542,0.0009912941747327153,0.0004028246978466302,1.3018018018018018,1.0,0.6418089088133546,/tmp/nxf.XXXXpgkODl/sourmash_database/gtdb-rs214-reps.k51.zip,"GCA_900547165.1 uncultured Clostridiales bacterium, UMGS964",07725266553dfd31e329ca29d84a2393,0.32458697764820216,666000,109,71999000,ERR1018281_2.fastq.gz,ERR1018281,44e562bc,671849000,51,DNA,1000,671849,True,0.8732277827773176,0.9781788237693914,0.9257033032733545,0.9781788237693914,False,867,818657,2152301,d__Bacteria;p__Bacillota_A;c__Clostridia;o__Oscillospirales;f__UBA644;g__UBA644;s__UBA644 sp900547165
903000,0.00134405201168715,0.20395550061804696,0.00098236359658197,0.000527807216555677,1.7212121212121212,1.0,2.6653509150689967,/tmp/nxf.XXXXpgkODl/sourmash_database/gtdb-rs214-reps.k51.zip,"GCA_025149785.1 Coprococcus comes ATCC 27758 strain=ATCC 27758, ASM2514978v1",3a055d916786f743b82f17b95fcc483f,0.27904820766378247,660000,110,71339000,ERR1018281_2.fastq.gz,ERR1018281,44e562bc,671849000,51,DNA,1000,671849,True,0.8784042590638382,0.975283699018902,0.9268439790413701,0.975283699018902,False,1136,819793,2152301,d__Bacteria;p__Bacillota_A;c__Clostridia;o__Lachnospirales;f__Lachnospiraceae;g__Bariatricus;s__Bariatricus comes
647000,0.0009630140105886889,0.38882211538461536,0.0009630140105886889,0.0006058632133702489,2.015455950540958,2.0,1.159495067111648,/tmp/nxf.XXXXpgkODl/sourmash_database/gtdb-rs214-reps.k51.zip,"GCA_000434995.1 Firmicutes bacterium CAG:341, MGS341",3691c6842bf8545adfee04f081e0abed,0.38882211538461536,647000,111,70692000,ERR1018281_2.fastq.gz,ERR1018281,44e562bc,671849000,51,DNA,1000,671849,True,0.8726810415356444,0.9816482600678398,0.9271646508017422,0.9816482600678398,False,1304,821097,2152301,d__Bacteria;p__Bacillota_A;c__Clostridia;o__Oscillospirales;f__Acutalibacteraceae;g__Eubacterium_R;s__Eubacterium_R sp000434995
639000,0.000951106573054362,0.4863013698630137,0.000951106573054362,0.0005691583101062538,1.9170579029733958,2.0,1.1249093643598127,/tmp/nxf.XXXXpgkODl/sourmash_database/gtdb-rs214-reps.k51.zip,"GCA_000431795.1 Clostridium sp. CAG:302, MGS302",9b3dcb12a4dd5604865d1d6cd3ac77bd,0.4863013698630137,639000,112,70053000,ERR1018281_2.fastq.gz,ERR1018281,44e562bc,671849000,51,DNA,1000,671849,True,0.8724681702868481,0.9859636230456786,0.9292158966662634,0.9859636230456786,False,1225,822322,2152301,d__Bacteria;p__Bacillota;c__Bacilli;o__RF39;f__UBA660;g__CAG-302;s__CAG-302 sp000431795
1187000,0.0017667660441557551,0.14534617148097204,0.0009436644245954076,0.0005812384048513661,1.973186119873817,1.0,3.797837705412485,/tmp/nxf.XXXXpgkODl/sourmash_database/gtdb-rs214-reps.k51.zip,"GCF_003477525.1 Ruminococcus sp. AF41-9 strain=AF41-9, ASM347752v1",56651f1a74d2fe01cb7edb358cd92d0c,0.27212287941311325,634000,113,69419000,ERR1018281_2.fastq.gz,ERR1018281,44e562bc,671849000,51,DNA,1000,671849,True,0.883126910070622,0.9748032353213358,0.9289650726959789,0.9748032353213358,False,1251,823573,2152301,d__Bacteria;p__Bacillota_A;c__Clostridia;o__Lachnospirales;f__Lachnospiraceae;g__Blautia_A;s__Blautia_A sp003477525
630000,0.0009377107058282442,0.3112781954887218,0.0009243148386021264,0.0009008962965681845,3.1223832528180355,3.0,2.923253121585544,/tmp/nxf.XXXXpgkODl/sourmash_database/gtdb-rs214-reps.k51.zip,"GCA_900543625.1 uncultured Clostridiales bacterium, UMGS596",230628a283f5731e4baeb5b079cd6331,0.3157894736842105,621000,114,68798000,ERR1018281_2.fastq.gz,ERR1018281,44e562bc,671849000,51,DNA,1000,671849,True,0.8722255443715966,0.9776519427796548,0.9249387435756258,0.9776519427796548,False,1939,825512,2152301,d__Bacteria;p__Bacillota_A;c__Clostridia;o__Oscillospirales;f__Oscillospiraceae;g__CAG-103;s__CAG-103 sp900543625
636000,0.0009466412839789893,0.22329376854599406,0.0008960346744580999,0.0003726244609838494,1.3322259136212624,1.0,0.7443640034022617,/tmp/nxf.XXXXpgkODl/sourmash_database/gtdb-rs214-reps.k51.zip,"GCF_000332875.2 Anaerostipes hadrus DSM 3319 strain=DSM 3319, ASM33287v2",11a8e5e9f5fa6b11c020b08a3ba744de,0.23590504451038577,602000,115,68196000,ERR1018281_2.fastq.gz,ERR1018281,44e562bc,671849000,51,DNA,1000,671849,True,0.8723876692922282,0.9720771396831815,0.9222324044877048,0.9720771396831815,False,802,826314,2152301,d__Bacteria;p__Bacillota_A;c__Clostridia;o__Lachnospirales;f__Lachnospiraceae;g__Anaerostipes;s__Anaerostipes hadrus
637000,0.0009481297136707802,0.16093498119290703,0.0008915693853827274,0.00042698488733685486,1.5342237061769617,1.0,2.905595434919435,/tmp/nxf.XXXXpgkODl/sourmash_database/gtdb-rs214-reps.k51.zip,"GCF_000239295.1 Flavonifractor plautii ATCC 29863 strain=ATCC 29863, ASM23929v1",1ed22d796c79d0337723a67a4b313636,0.17114454594304138,599000,116,67597000,ERR1018281_2.fastq.gz,ERR1018281,44e562bc,671849000,51,DNA,1000,671849,True,0.8724145442452078,0.9659794850603006,0.9191970146527542,0.9659794850603006,False,919,827233,2152301,d__Bacteria;p__Bacillota_A;c__Clostridia;o__Oscillospirales;f__Oscillospiraceae;g__Flavonifractor;s__Flavonifractor plautii
758000,0.0011282297063774746,0.18759886111989876,0.0008826388072319821,0.0014375312746683665,5.217537942664419,1.0,13.200294953357785,/tmp/nxf.XXXXpgkODl/sourmash_database/gtdb-rs214-reps.k51.zip,"GCA_916988195.3 Oscillospiraceae bacterium, POC01_20211130",19587ccd3c5994ce7f71257b0384cd82,0.23979753242644733,593000,117,67004000,ERR1018281_2.fastq.gz,ERR1018281,44e562bc,671849000,51,DNA,1000,671849,True,0.8753946198984165,0.9723891232324949,0.9238918715654557,0.9723891232324949,False,3094,830327,2152301,d__Bacteria;p__Bacillota_A;c__Clostridia;o__Oscillospirales;f__Oscillospiraceae;g__CAG-170;s__CAG-170 sp900549635
590000,0.0008781735181566096,0.25891677675033026,0.0008751966587730278,0.0007169071612195506,2.6241496598639458,2.0,1.7823478147387413,/tmp/nxf.XXXXpgkODl/sourmash_database/gtdb-rs214-reps.k51.zip,"GCF_003436275.1 Collinsella sp. TM09-10AT strain=TM09-10AT, ASM343627v1",4d2a1d91c3333c2c99918a94dc1887d3,0.25979744605900484,588000,118,66416000,ERR1018281_2.fastq.gz,ERR1018281,44e562bc,671849000,51,DNA,1000,671849,True,0.8711043905437452,0.9739176859088065,0.9225110382262758,0.9739176859088065,False,1543,831870,2152301,d__Bacteria;p__Actinomycetota;c__Coriobacteriia;o__Coriobacteriales;f__Coriobacteriaceae;g__Collinsella;s__Collinsella sp003436275
730000,0.0010865536750073305,0.17171420170538076,0.0008692429400058644,0.00045486202905634484,1.6763698630136987,1.0,2.9970973126606206,/tmp/nxf.XXXXpgkODl/sourmash_database/gtdb-rs214-reps.k51.zip,"GCF_000469345.1 Eubacterium ramulus ATCC 29099 strain=ATCC 29099, ASM46934v1",8221e40b6dea7608c75d90b7e6d6d600,0.21464275213172596,584000,119,65832000,ERR1018281_2.fastq.gz,ERR1018281,44e562bc,671849000,51,DNA,1000,671849,True,0.8747488023946386,0.9702784742974684,0.9225136383460535,0.9702784742974684,False,979,832849,2152301,d__Bacteria;p__Bacillota_A;c__Clostridia;o__Lachnospirales;f__Lachnospiraceae;g__Eubacterium_I;s__Eubacterium_I ramulus
687000,0.0010225511982603233,0.0946372239747634,0.0008484049243207923,0.000460902076428901,1.7403508771929825,1.0,3.6686370933221553,/tmp/nxf.XXXXpgkODl/sourmash_database/gtdb-rs214-reps.k51.zip,"GCF_009696275.1 Eisenbergiella tayi strain=WCA-389-WT-23B, ASM969627v1",4e7fad02eba6485d3812b6d5d0b4a220,0.11406275942221485,570000,120,65262000,ERR1018281_2.fastq.gz,ERR1018281,44e562bc,671849000,51,DNA,1000,671849,True,0.8737081236649026,0.9583245744798602,0.9160163490723814,0.9583245744798602,False,992,833841,2152301,d__Bacteria;p__Bacillota_A;c__Clostridia;o__Lachnospirales;f__Lachnospiraceae;g__Eisenbergiella;s__Eisenbergiella porci
566000,0.0008424512055536288,0.38424983027834353,0.0008424512055536288,0.0004372065059673345,1.6625441696113075,1.0,0.9626835435071616,/tmp/nxf.XXXXpgkODl/sourmash_database/gtdb-rs214-reps.k51.zip,"GCA_905213875.1 uncultured Clostridium sp., SRR5580185-mag-bin.36",ea62ee5af9436d2e45446b2abcab3f81,0.38424983027834353,566000,121,64696000,ERR1018281_2.fastq.gz,ERR1018281,44e562bc,671849000,51,DNA,1000,671849,True,0.8703953533262229,0.9814206015992251,0.9259079774627239,0.9814206015992251,False,941,834782,2152301,d__Bacteria;p__Bacillota_A;c__Clostridia;o__TANB77;f__CAG-508;g__CAG-269;s__CAG-269 sp905213875
624000,0.0009287801276774989,0.14289399019860716,0.0008245900492521385,0.00037727065127043106,1.4657039711191335,1.0,2.6361306479826316,/tmp/nxf.XXXXpgkODl/sourmash_database/gtdb-rs214-reps.k51.zip,"GCA_003112755.1 Lawsonibacter asaccharolyticus strain=3BBH22, ASM311275v1",361208864dd572270a6b0d29d09d6bd1,0.16094918751612072,554000,122,64142000,ERR1018281_2.fastq.gz,ERR1018281,44e562bc,671849000,51,DNA,1000,671849,True,0.872061898555967,0.9648168469581796,0.9184393727570733,0.9648168469581796,False,812,835594,2152301,d__Bacteria;p__Bacillota_A;c__Clostridia;o__Oscillospirales;f__Oscillospiraceae;g__Lawsonibacter;s__Lawsonibacter asaccharolyticus
540000,0.0008037520335670664,0.2798941798941799,0.0007873793069573669,0.0005319887878136004,2.164461247637051,2.0,1.4186789772738388,/tmp/nxf.XXXXpgkODl/sourmash_database/gtdb-rs214-reps.k51.zip,"GCA_004556345.1 Clostridiales bacterium, ASM455634v1",e029e15155b95cb431e253280068638d,0.2857142857142857,529000,123,63613000,ERR1018281_2.fastq.gz,ERR1018281,44e562bc,671849000,51,DNA,1000,671849,True,0.8695931685449809,0.9757352595995199,0.9226642140722504,0.9757352595995199,False,1145,836739,2152301,d__Bacteria;p__Bacillota_A;c__Clostridia;o__Oscillospirales;f__Oscillospiraceae;g__Evtepia;s__Evtepia sp004556345
668000,0.000994271034116297,0.15485948477751757,0.0007873793069573669,0.0003777352702990892,1.5368620037807184,1.0,1.7158943343313169,/tmp/nxf.XXXXpgkODl/sourmash_database/gtdb-rs214-reps.k51.zip,"GCF_900209925.1 Anaerobutyricum hallii, EH1",84b0ba7d93d1acab2a2022439c432f48,0.1955503512880562,529000,124,63084000,ERR1018281_2.fastq.gz,ERR1018281,44e562bc,671849000,51,DNA,1000,671849,True,0.8732277827773176,0.9685077712280366,0.9208677770026771,0.9685077712280366,False,813,837552,2152301,d__Bacteria;p__Bacillota_A;c__Clostridia;o__Lachnospirales;f__Lachnospiraceae;g__Anaerobutyricum;s__Anaerobutyricum soehngenii
576000,0.0008573355024715376,0.17035110533159947,0.0007799371584984126,0.00033638417674851243,1.381679389312977,1.0,0.9076268465777303,/tmp/nxf.XXXXpgkODl/sourmash_database/gtdb-rs214-reps.k51.zip,"GCA_000508865.1 Clostridiales bacterium VE202-01 strain=VE202-01, ASM50886v1",e7efb751d92c8341bd74e2d90dc5cc6f,0.18725617685305593,524000,125,62560000,ERR1018281_2.fastq.gz,ERR1018281,44e562bc,671849000,51,DNA,1000,671849,True,0.8706943015320846,0.9676850736638103,0.9191896875979475,0.9676850736638103,False,724,838276,2152301,d__Bacteria;p__Bacillota;c__Bacilli;o__Erysipelotrichales;f__Coprobacillaceae;g__Thomasclavelia;s__Thomasclavelia sp000508865
603000,0.0008975231041498909,0.07942073170731707,0.00077547186942304,0.00026854979856442014,1.109404990403071,1.0,0.4173858770248211,/tmp/nxf.XXXXpgkODl/sourmash_database/gtdb-rs214-reps.k51.zip,"GCF_002234575.2 Enterocloster bolteae strain=ATCC BAA-613, ASM223457v2",b5edd45c572fe04753d4848d8e14e842,0.09192073170731707,521000,126,62039000,ERR1018281_2.fastq.gz,ERR1018281,44e562bc,671849000,51,DNA,1000,671849,True,0.8714767333107855,0.9542776974143847,0.912877215362585,0.9542776974143847,False,578,838854,2152301,d__Bacteria;p__Bacillota_A;c__Clostridia;o__Lachnospirales;f__Lachnospiraceae;g__Enterocloster;s__Enterocloster bolteae
519000,0.0007724950100394583,0.30578512396694213,0.0007710065803476674,0.0003763414132131147,1.5637065637065637,1.0,0.8580728198050511,/tmp/nxf.XXXXpgkODl/sourmash_database/gtdb-rs214-reps.k51.zip,"GCF_900637905.1 Parvimonas micra strain=NCTC11808, 52756_G01",f3f9bb008f4a7185152f44adbf392080,0.30637544273907913,518000,127,61521000,ERR1018281_2.fastq.gz,ERR1018281,44e562bc,671849000,51,DNA,1000,671849,True,0.8689171052873693,0.9770719554785928,0.9229945303829811,0.9770719554785928,False,810,839664,2152301,d__Bacteria;p__Bacillota_A;c__Clostridia;o__Tissierellales;f__Peptoniphilaceae;g__Parvimonas;s__Parvimonas micra
639000,0.000951106573054362,0.17316164012199253,0.0007605875725051314,0.000485991503976442,2.0469667318982387,1.0,4.164633690235471,/tmp/nxf.XXXXpgkODl/sourmash_database/gtdb-rs214-reps.k51.zip,"GCF_019967995.1 Faecalibacterium prausnitzii strain=Fp77, ASM1996799v1",264221f02d0ea5438188a28327519ed3,0.21653676719756015,511000,128,61010000,ERR1018281_2.fastq.gz,ERR1018281,44e562bc,671849000,51,DNA,1000,671849,True,0.8724681702868481,0.9704456302017408,0.9214569002442945,0.9704456302017408,False,1046,840710,2152301,d__Bacteria;p__Bacillota_A;c__Clostridia;o__Oscillospirales;f__Ruminococcaceae;g__Faecalibacterium;s__Faecalibacterium prausnitzii_E
655000,0.0009749214481230157,0.1797872340425532,0.0007546338537379679,0.00035264584275154824,1.4970414201183433,1.0,2.702451791369257,/tmp/nxf.XXXXpgkODl/sourmash_database/gtdb-rs214-reps.k51.zip,"GCF_024168045.1 Dorea longicatena strain=NB2A-3-NA, ASM2416804v1",5fba9226860b39ee4f11395602a350d1,0.2322695035460993,507000,129,60503000,ERR1018281_2.fastq.gz,ERR1018281,44e562bc,671849000,51,DNA,1000,671849,True,0.8728913477732344,0.9717811582998318,0.9223362530365331,0.9717811582998318,False,759,841469,2152301,d__Bacteria;p__Bacillota_A;c__Clostridia;o__Lachnospirales;f__Lachnospiraceae;g__Dorea_A;s__Dorea_A longicatena_B
491000,0.000730818978669314,0.22121896162528218,0.0007293305489775232,0.00027087289370771094,1.189795918367347,1.0,0.46367867918889766,/tmp/nxf.XXXXpgkODl/sourmash_database/gtdb-rs214-reps.k51.zip,"GCA_905206455.1 uncultured Clostridiales bacterium, ERR1600730-mag-bin.21",c482c7dfa5d0e391a64547845a7b6f69,0.2216704288939052,490000,130,60013000,ERR1018281_2.fastq.gz,ERR1018281,44e562bc,671849000,51,DNA,1000,671849,True,0.8679727182753181,0.9708915927700653,0.9194321555226916,0.9708915927700653,False,583,842052,2152301,d__Bacteria;p__Bacillota_A;c__Clostridia;o__Peptostreptococcales;f__Anaerovoracaceae;g__Alangreenwoodia;s__Alangreenwoodia sp905206455
559000,0.0008320321977110929,0.2182628062360802,0.0007293305489775232,0.001176415380562477,5.16734693877551,2.0,9.60508767725713,/tmp/nxf.XXXXpgkODl/sourmash_database/gtdb-rs214-reps.k51.zip,"GCA_934591815.1 uncultured Oscillospiraceae bacterium, ERR7745625_bin.181",be0c4f75541d4f3bd44c858f638263cd,0.2489977728285078,490000,131,59523000,ERR1018281_2.fastq.gz,ERR1018281,44e562bc,671849000,51,DNA,1000,671849,True,0.8701829924442533,0.9731072211508452,0.9216451067975493,0.9731072211508452,False,2532,844584,2152301,d__Bacteria;p__Bacillota_A;c__Clostridia;o__Oscillospirales;f__Oscillospiraceae;g__Vescimonas;s__Vescimonas sp934591815
614000,0.0009138958307595903,0.14794685990338163,0.0007293305489775232,0.0004265202683081967,1.873469387755102,1.0,4.178212463712208,/tmp/nxf.XXXXpgkODl/sourmash_database/gtdb-rs214-reps.k51.zip,"GCF_001406815.1 Roseburia faecis strain=M72, M72",a0f3a6070b93943510064cfd96143d45,0.18538647342995168,490000,132,59033000,ERR1018281_2.fastq.gz,ERR1018281,44e562bc,671849000,51,DNA,1000,671849,True,0.8717856963467451,0.9674946876927161,0.9196401920197306,0.9674946876927161,False,918,845502,2152301,d__Bacteria;p__Bacillota_A;c__Clostridia;o__Lachnospirales;f__Lachnospiraceae;g__Agathobacter;s__Agathobacter faecis
639000,0.000951106573054362,0.16548463356973994,0.0007293305489775232,0.0002982854163985428,1.310204081632653,1.0,1.4191467539937848,/tmp/nxf.XXXXpgkODl/sourmash_database/gtdb-rs214-reps.k51.zip,"GCF_003435815.1 Dorea sp. AM10-31 strain=AM10-31, ASM343581v1",a5cf9665566fa295528780ebc8c4aa14,0.21580547112462006,490000,133,58543000,ERR1018281_2.fastq.gz,ERR1018281,44e562bc,671849000,51,DNA,1000,671849,True,0.8724681702868481,0.970381260334512,0.92142471531068,0.970381260334512,False,642,846144,2152301,d__Bacteria;p__Bacillota_A;c__Clostridia;o__Lachnospirales;f__Lachnospiraceae;g__CAG-317;s__CAG-317 sp000433215
833000,0.0012398619332617896,0.10414429890487438,0.0007218884005185689,0.00049156693232034,2.181443298969072,1.0,4.95755863380452,/tmp/nxf.XXXXpgkODl/sourmash_database/gtdb-rs214-reps.k51.zip,"GCF_003460605.1 Ruminococcus sp. AF31-8BH strain=AF31-8BH, ASM346060v1",dfa72f929418f30ec9c2e12209ca3076,0.1788705175005368,485000,134,58058000,ERR1018281_2.fastq.gz,ERR1018281,44e562bc,671849000,51,DNA,1000,671849,True,0.8770156032997711,0.9668161520829635,0.9219158776913673,0.9668161520829635,False,1058,847202,2152301,d__Bacteria;p__Bacillota_A;c__Clostridia;o__Lachnospirales;f__Lachnospiraceae;g__Blautia_A;s__Blautia_A sp900066145
494000,0.0007352842677446867,0.17411679884643114,0.0007189115411349872,0.00029317460708330295,1.3064182194616978,1.0,0.7374205273805529,/tmp/nxf.XXXXpgkODl/sourmash_database/gtdb-rs214-reps.k51.zip,"GCA_900549885.1 uncultured Clostridiales bacterium, UMGS1232",010a68d649531b57874841da05181f85,0.1780821917808219,483000,135,57575000,ERR1018281_2.fastq.gz,ERR1018281,44e562bc,671849000,51,DNA,1000,671849,True,0.8680763942668671,0.9667324221719046,0.9174044082193858,0.9667324221719046,False,631,847833,2152301,d__Bacteria;p__Bacillota_A;c__Clostridia;o__Oscillospirales;f__Oscillospiraceae;g__Enterenecus;s__Enterenecus sp900549885
484000,0.0007203999708267781,0.241,0.0007174231114431963,0.00031222398725828774,1.3941908713692945,1.0,0.7072589459880686,/tmp/nxf.XXXXpgkODl/sourmash_database/gtdb-rs214-reps.k51.zip,"GCA_900545285.1 uncultured Ruminococcus sp., UMGS761",196fbc2a962eb9a2444405aac11287a2,0.242,482000,136,57093000,ERR1018281_2.fastq.gz,ERR1018281,44e562bc,671849000,51,DNA,1000,671849,True,0.8677283720447653,0.9725634591282115,0.9201459155864884,0.9725634591282115,False,672,848505,2152301,d__Bacteria;p__Bacillota_A;c__Clostridia;o__Oscillospirales;f__Ruminococcaceae;g__Ruminococcus_C;s__Ruminococcus_C sp900545285
541000,0.0008052404632588573,0.15641361256544503,0.0007114693926760329,0.00035264584275154824,1.5878661087866108,1.0,1.964011789280547,/tmp/nxf.XXXXpgkODl/sourmash_database/gtdb-rs214-reps.k51.zip,"GCF_001244995.1 Intestinimonas massiliensis strain=GD2, Intestinimonas massiliensis",28e4f470ebd97e14ad1addd5f21664e4,0.1770287958115183,478000,137,56615000,ERR1018281_2.fastq.gz,ERR1018281,44e562bc,671849000,51,DNA,1000,671849,True,0.8696247155580956,0.9666199695309345,0.9181223425445151,0.9666199695309345,False,759,849264,2152301,d__Bacteria;p__Bacillota_A;c__Clostridia;o__Oscillospirales;f__Oscillospiraceae;g__Intestinimonas;s__Intestinimonas massiliensis
513000,0.000763564431888713,0.08471553415373641,0.0007070041036006603,0.00024113727587358832,1.0926315789473684,1.0,0.3668477685887697,/tmp/nxf.XXXXpgkODl/sourmash_database/gtdb-rs214-reps.k51.zip,"GCF_019042275.1 Diplocloster agilis strain=ASD5720, ASM1904227v1",63522a6aaf09bd10e594a99eb8e7f486,0.09149277688603531,475000,138,56140000,ERR1018281_2.fastq.gz,ERR1018281,44e562bc,671849000,51,DNA,1000,671849,True,0.8687190141233432,0.9541903837696686,0.9114546989465059,0.9541903837696686,False,519,849783,2152301,d__Bacteria;p__Bacillota_A;c__Clostridia;o__Lachnospirales;f__Lachnospiraceae;g__Diplocloster;s__Diplocloster agilis
480000,0.0007144462520596146,0.1498103666245259,0.0007055156739088694,0.0002824883694241651,1.2827004219409284,1.0,1.242800484902578,/tmp/nxf.XXXXpgkODl/sourmash_database/gtdb-rs214-reps.k51.zip,"GCA_900757485.1 Ruminococcaceae bacterium, ERS537327_19",ee5d4b0184334f969cd0245b8a424396,0.15170670037926676,474000,139,55666000,ERR1018281_2.fastq.gz,ERR1018281,44e562bc,671849000,51,DNA,1000,671849,True,0.8675871853624082,0.9636986927207497,0.915642939041579,0.9636986927207497,False,608,850391,2152301,d__Bacteria;p__Bacillota_A;c__Clostridia;o__Oscillospirales;f__Ruminococcaceae;g__HGM13222;s__HGM13222 sp900757485
504000,0.0007501685646625953,0.1978902953586498,0.000698073525449915,0.0002829529884528233,1.2985074626865671,1.0,0.5808033463486668,/tmp/nxf.XXXXpgkODl/sourmash_database/gtdb-rs214-reps.k51.zip,"GCA_905216215.1 uncultured bacterium, SRR7721880-mag-bin.41",c7c57dfac33a7cef3841693226db8869,0.21265822784810126,469000,140,55197000,ERR1018281_2.fastq.gz,ERR1018281,44e562bc,671849000,51,DNA,1000,671849,True,0.8684175770378643,0.9701017719501763,0.9192596744940202,0.9701017719501763,False,609,851000,2152301,d__Bacteria;p__Bacillota_A;c__Clostridia;o__Lachnospirales;f__Lachnospiraceae;g__Bariatricus;s__Bariatricus sp905216215
708000,0.0010538082217879316,0.15188616810059563,0.0006831892285320064,0.0006193371652013357,2.9041394335511983,1.0,9.623159036239993,/tmp/nxf.XXXXpgkODl/sourmash_database/gtdb-rs214-reps.k51.zip,"GCF_010509575.1 Faecalibacterium prausnitzii A2-165 strain=JCM 31915, ASM1050957v1",5136f6c0a3924e615495681fbaf7095d,0.2342819324950364,459000,141,54738000,ERR1018281_2.fastq.gz,ERR1018281,44e562bc,671849000,51,DNA,1000,671849,True,0.8742241029864827,0.9719455533529446,0.9230848281697137,0.9719455533529446,False,1333,852333,2152301,d__Bacteria;p__Bacillota_A;c__Clostridia;o__Oscillospirales;f__Ruminococcaceae;g__Faecalibacterium;s__Faecalibacterium duncaniae
448000,0.000666816501922307,0.14135782223679896,0.0006415131971618623,0.00026808517953576195,1.3387470997679813,1.0,3.476985294260749,/tmp/nxf.XXXXpgkODl/sourmash_database/gtdb-rs214-reps.k51.zip,"GCF_003268275.1 Ruminococcaceae bacterium strain=ASD2818, ASM326827v1",735f9dac160e746e3248004fe75c66cc,0.14693342079370286,431000,142,54307000,ERR1018281_2.fastq.gz,ERR1018281,44e562bc,671849000,51,DNA,1000,671849,True,0.8664143057174337,0.9630947848579854,0.9147545452877095,0.9630947848579854,False,577,852910,2152301,d__Bacteria;p__Bacillota_A;c__Clostridia;o__Oscillospirales;f__Acutalibacteraceae;g__Hydrogeniiclostridium;s__Hydrogeniiclostridium mannosilyticum
757000,0.0011267412766856838,0.07127501240284438,0.0006415131971618623,0.0003447473192643594,1.7215777262180973,1.0,4.669243127691034,/tmp/nxf.XXXXpgkODl/sourmash_database/gtdb-rs214-reps.k51.zip,"GCF_003480915.1 Parabacteroides sp. TM07-1AC strain=TM07-1AC, ASM348091v1",bee6776cf4d2df689baaed46f3a7bddd,0.12518604266578467,431000,143,53876000,ERR1018281_2.fastq.gz,ERR1018281,44e562bc,671849000,51,DNA,1000,671849,True,0.8753719606499248,0.9600746836332916,0.9177233221416082,0.9600746836332916,False,742,853652,2152301,d__Bacteria;p__Bacteroidota;c__Bacteroidia;o__Bacteroidales;f__Tannerellaceae;g__Parabacteroides;s__Parabacteroides sp003480915
3046000,0.004533756841194971,0.10420337276617166,0.0006162098924014176,0.0016786685505419548,8.727053140096618,6.0,8.631500141786434,/tmp/nxf.XXXXpgkODl/sourmash_database/gtdb-rs214-reps.k51.zip,"GCA_900760795.1 Bacteroidaceae bacterium, SRS021948_34",d1db19c7390bdd0d48d0186cf7ff78fb,0.7666750566322678,414000,144,53462000,ERR1018281_2.fastq.gz,ERR1018281,44e562bc,671849000,51,DNA,1000,671849,True,0.8995974184220417,0.9948038952804029,0.9472006568512223,0.9948038952804029,False,3613,857265,2152301,d__Bacteria;p__Bacteroidota;c__Bacteroidia;o__Bacteroidales;f__Bacteroidaceae;g__Phocaeicola;s__Phocaeicola sp900760795
450000,0.0006697933613058887,0.1827050997782705,0.0006132330330178359,0.0002648328463351548,1.383495145631068,1.0,0.8553199693544137,/tmp/nxf.XXXXpgkODl/sourmash_database/gtdb-rs214-reps.k51.zip,"GCF_018918145.1 Anaerotignum sp. MSJ-24 strain=MSJ-24, ASM1891814v1",117f7435423c512a1e85ce895d581d03,0.19955654101995565,412000,145,53050000,ERR1018281_2.fastq.gz,ERR1018281,44e562bc,671849000,51,DNA,1000,671849,True,0.8664899818234508,0.9688929666090222,0.9176914742162365,0.9688929666090222,False,570,857835,2152301,d__Bacteria;p__Bacillota_A;c__Clostridia;o__Lachnospirales;f__Anaerotignaceae;g__Metalachnospira;s__Metalachnospira sp900553995
399000,0.0005938834470245547,0.28078817733990147,0.0005938834470245547,0.00024438960907419545,1.318295739348371,1.0,0.6461306483938655,/tmp/nxf.XXXXpgkODl/sourmash_database/gtdb-rs214-reps.k51.zip,"GCA_000438255.1 Clostridium sp. CAG:389, MGS389",ad3696062ba66e80114dd6672cdf8157,0.28078817733990147,399000,146,52651000,ERR1018281_2.fastq.gz,ERR1018281,44e562bc,671849000,51,DNA,1000,671849,True,0.8644487280562204,0.9754025763945184,0.9199256522253694,0.9754025763945184,False,526,858361,2152301,d__Bacteria;p__Bacillota_A;c__Clostridia;o__TANB77;f__CAG-508;g__CAG-269;s__CAG-269 sp000438255
396000,0.000589418157949182,0.2065899581589958,0.0005879297282573912,0.0002383495617016393,1.29873417721519,1.0,0.5436616759951376,/tmp/nxf.XXXXpgkODl/sourmash_database/gtdb-rs214-reps.k51.zip,"GCA_900553645.1 uncultured Clostridiales bacterium, UMGS1633",3510066da77390cbe636566d85c0e284,0.20711297071129708,395000,147,52256000,ERR1018281_2.fastq.gz,ERR1018281,44e562bc,671849000,51,DNA,1000,671849,True,0.8643208125739115,0.9695993149049238,0.9169600637394176,0.9695993149049238,False,513,858874,2152301,d__Bacteria;p__Bacillota_A;c__Clostridia;o__Christensenellales;f__CAG-74;g__Fimadaptatus;s__Fimadaptatus sp900553645
1095000,0.0016298305125109957,0.06795446705760608,0.0005864412985656003,0.0003665844136112932,2.00253807106599,1.0,1.4627328761003169,/tmp/nxf.XXXXpgkODl/sourmash_database/gtdb-rs214-reps.k51.zip,"GCA_019412865.1 Bacteroides sp., ASM1941286v1",ea887218e0141cf6c988447e4d85d9a1,0.1888582269748189,394000,148,51862000,ERR1018281_2.fastq.gz,ERR1018281,44e562bc,671849000,51,DNA,1000,671849,True,0.8817310331311381,0.9678467285717339,0.924788880851436,0.9678467285717339,False,789,859663,2152301,d__Bacteria;p__Bacteroidota;c__Bacteroidia;o__Bacteroidales;f__Bacteroidaceae;g__Bacteroides;s__Bacteroides sp019412865
634000,0.0009436644245954076,0.1120960823563054,0.0005834644391820186,0.0004985362177502124,2.7372448979591835,1.0,4.937862935379679,/tmp/nxf.XXXXpgkODl/sourmash_database/gtdb-rs214-reps.k51.zip,"GCA_003481005.1 Firmicutes bacterium TM09-10 strain=TM09-10, ASM348100v1",c0d07a387323e9090cb0e8551aca2a08,0.18129825564769803,392000,149,51470000,ERR1018281_2.fastq.gz,ERR1018281,44e562bc,671849000,51,DNA,1000,671849,True,0.8723337948779647,0.9670717536324511,0.919702774255208,0.9670717536324511,False,1073,860736,2152301,d__Bacteria;p__Bacillota_A;c__Clostridia;o__Lachnospirales;f__Lachnospiraceae;g__Eisenbergiella;s__Eisenbergiella sp900066775
596000,0.0008871040963073548,0.15134923738756356,0.0005760222907230643,0.0014681961305598055,8.165374677002584,1.0,15.715939013355309,/tmp/nxf.XXXXpgkODl/sourmash_database/gtdb-rs214-reps.k51.zip,"GCF_018408575.1 Oscillibacter sp. MM50 strain=MM50, ASM1840857v1",e6e6d5e92963e67195839cba6e2f7cae,0.23308564724286274,387000,150,51083000,ERR1018281_2.fastq.gz,ERR1018281,44e562bc,671849000,51,DNA,1000,671849,True,0.8712772301905971,0.9718479966589687,0.921562613424783,0.9718479966589687,False,3160,863896,2152301,d__Bacteria;p__Bacillota_A;c__Clostridia;o__Oscillospirales;f__Oscillospiraceae;g__Vescimonas;s__Vescimonas coprocola
384000,0.0005715570016476916,0.2591093117408907,0.0005715570016476916,0.0002550758467333333,1.4296875,1.0,0.692409670891265,/tmp/nxf.XXXXpgkODl/sourmash_database/gtdb-rs214-reps.k51.zip,"GCA_934476545.1 uncultured Eubacteriales bacterium, ERR7738605_bin.106",a83e21573cb73ad3e68e9c2d22509e6b,0.2591093117408907,384000,151,50699000,ERR1018281_2.fastq.gz,ERR1018281,44e562bc,671849000,51,DNA,1000,671849,True,0.8637994682033046,0.9738670387689922,0.9188332534861483,0.9738670387689922,False,549,864445,2152301,d__Bacteria;p__Bacillota_A;c__Clostridia;o__Oscillospirales;f__Acutalibacteraceae;g__UMGS1071;s__UMGS1071 sp934476545
399000,0.0005938834470245547,0.11266349583828775,0.0005641148531887373,0.00019746308717972068,1.121372031662269,1.0,0.35741997847345824,/tmp/nxf.XXXXpgkODl/sourmash_database/gtdb-rs214-reps.k51.zip,"GCF_900078395.1 Anaerotruncus rubiinfantis strain=MT15, PRJEB13168",2d1350ea2c14a6e41647805260a1b107,0.11860879904875149,379000,152,50320000,ERR1018281_2.fastq.gz,ERR1018281,44e562bc,671849000,51,DNA,1000,671849,True,0.8644487280562204,0.9590592305120378,0.9117539792841292,0.9590592305120378,False,425,864870,2152301,d__Bacteria;p__Bacillota_A;c__Clostridia;o__Oscillospirales;f__Ruminococcaceae;g__Anaerotruncus;s__Anaerotruncus rubiinfantis
572000,0.0008513817837043741,0.11655874190564293,0.0005626264234969465,0.0006518604972074073,3.7116402116402116,1.0,11.72136483546187,/tmp/nxf.XXXXpgkODl/sourmash_database/gtdb-rs214-reps.k51.zip,"GCF_003024715.1 Lachnoclostridium sp. SNUG30386 strain=SNUG30386, ASM302471v1",f96d0bd7faefddb572480835d902e5a6,0.1763798951588036,378000,153,49942000,ERR1018281_2.fastq.gz,ERR1018281,44e562bc,671849000,51,DNA,1000,671849,True,0.8705753374900688,0.9665503707839781,0.9185628541370234,0.9665503707839781,False,1403,866273,2152301,d__Bacteria;p__Bacillota_A;c__Clostridia;o__Lachnospirales;f__Lachnospiraceae;g__Clostridium_Q;s__Clostridium_Q fessum
378000,0.0005626264234969465,0.19594594594594594,0.0005611379938051556,0.0006513958781787492,3.7188328912466844,3.0,2.2662301666779427,/tmp/nxf.XXXXpgkODl/sourmash_database/gtdb-rs214-reps.k51.zip,"GCF_000296505.1 Schaalia turicensis ACS-279-V-Col4 strain=ACS-279-V-Col4, Acti_turi_ACS-279-V-COL4_V1",4ead94105aa330540a8f17fd558d4285,0.19646569646569648,377000,154,49565000,ERR1018281_2.fastq.gz,ERR1018281,44e562bc,671849000,51,DNA,1000,671849,True,0.8635327756095595,0.9685964591858044,0.916064617397682,0.9685964591858044,False,1402,867675,2152301,d__Bacteria;p__Actinomycetota;c__Actinomycetia;o__Actinomycetales;f__Actinomycetaceae;g__Pauljensenia;s__Pauljensenia turicensis
740000,0.001101437971925239,0.12195934688437188,0.0005447652671954561,0.0003033962257137826,1.784153005464481,1.0,1.809166163208212,/tmp/nxf.XXXXpgkODl/sourmash_database/gtdb-rs214-reps.k51.zip,"GCF_003324185.1 Faecalibacterium prausnitzii strain=ATCC 27768, ASM332418v1",a294186b3cb8cdd319bb9d5fdcde1f5a,0.2465844718427191,366000,155,49199000,ERR1018281_2.fastq.gz,ERR1018281,44e562bc,671849000,51,DNA,1000,671849,True,0.8749821968164552,0.9729214072364762,0.9239518020264657,0.9729214072364762,False,653,868328,2152301,d__Bacteria;p__Bacillota_A;c__Clostridia;o__Oscillospirales;f__Ruminococcaceae;g__Faecalibacterium;s__Faecalibacterium prausnitzii
406000,0.0006043024548670906,0.09782608695652174,0.0005358346890447109,0.00027644832205160895,1.6527777777777777,1.0,4.237267601697473,/tmp/nxf.XXXXpgkODl/sourmash_database/gtdb-rs214-reps.k51.zip,"GCF_009767585.1 Coprobacillus cateniformis strain=RCA1-24, ASM976758v1",de87416613bb46c39ff2def37c865c30,0.11032608695652174,360000,156,48839000,ERR1018281_2.fastq.gz,ERR1018281,44e562bc,671849000,51,DNA,1000,671849,True,0.8647435679309236,0.9576988912022752,0.9112212295665993,0.9576988912022752,False,595,868923,2152301,d__Bacteria;p__Bacillota;c__Bacilli;o__Erysipelotrichales;f__Coprobacillaceae;g__Coprobacillus;s__Coprobacillus cateniformis
379000,0.0005641148531887373,0.10909090909090909,0.0005269041108939658,0.00019653384912240434,1.194915254237288,1.0,0.4973115503674635,/tmp/nxf.XXXXpgkODl/sourmash_database/gtdb-rs214-reps.k51.zip,"GCF_000210055.1 Gordonibacter pamelaeae 7-10-1-b strain=7-10-1-bT, ASM21005v1",9d497eff52a10c37135e193cbca8d196,0.11679506933744221,354000,157,48485000,ERR1018281_2.fastq.gz,ERR1018281,44e562bc,671849000,51,DNA,1000,671849,True,0.8635775113127007,0.958769491346474,0.9111735013295874,0.958769491346474,False,423,869346,2152301,d__Bacteria;p__Actinomycetota;c__Coriobacteriia;o__Coriobacteriales;f__Eggerthellaceae;g__Gordonibacter;s__Gordonibacter pamelaeae
1484000,0.0022088296626176416,0.09794672586015539,0.0005254156812021749,0.0003847045557289617,2.3456090651558075,2.0,1.722896709314282,/tmp/nxf.XXXXpgkODl/sourmash_database/gtdb-rs214-reps.k51.zip,"GCA_900755095.1 uncultured Bacteroides sp., ERS473029_19",157ba610ccdcf1ff58761725bd879825,0.4117647058823529,353000,158,48132000,ERR1018281_2.fastq.gz,ERR1018281,44e562bc,671849000,51,DNA,1000,671849,True,0.8870023072839719,0.9827523711991649,0.9348773392415684,0.9827523711991649,False,828,870174,2152301,d__Bacteria;p__Bacteroidota;c__Bacteroidia;o__Bacteroidales;f__Bacteroidaceae;g__Bacteroides;s__Bacteroides sp900755095
345000,0.000513508243667848,0.17003449975357318,0.000513508243667848,0.00020722008678154217,1.2927536231884058,1.0,0.5981417699673098,/tmp/nxf.XXXXpgkODl/sourmash_database/gtdb-rs214-reps.k51.zip,"GCA_900538385.1 uncultured Porphyromonas sp., UMGS18",27437fdb4d2771b617eafe478ac22b06,0.17003449975357318,345000,159,47787000,ERR1018281_2.fastq.gz,ERR1018281,44e562bc,671849000,51,DNA,1000,671849,True,0.8619874241776231,0.9658562426311877,0.9139218334044055,0.9658562426311877,False,446,870620,2152301,d__Bacteria;p__Bacteroidota;c__Bacteroidia;o__Bacteroidales;f__Porphyromonadaceae;g__Porphyromonas;s__Porphyromonas sp900538385
345000,0.000513508243667848,0.16897233201581027,0.0005090429545924754,0.00029410384514061926,1.8508771929824561,1.0,1.3083120870351153,/tmp/nxf.XXXXpgkODl/sourmash_database/gtdb-rs214-reps.k51.zip,"GCF_009695905.1 Clostridiales Family XIII bacterium WCA-MUC-591-APC-4B strain=WCA-MUC-591-APC-4B, ASM969590v1",aa4bcf5cd06035d4058a26c9ebece50a,0.17045454545454544,342000,160,47445000,ERR1018281_2.fastq.gz,ERR1018281,44e562bc,671849000,51,DNA,1000,671849,True,0.8619874241776231,0.9659029705498147,0.9139451973637189,0.9659029705498147,False,633,871253,2152301,d__Bacteria;p__Bacillota_A;c__Clostridia;o__Peptostreptococcales;f__Anaerovoracaceae;g__VUNA01;s__VUNA01 sp002299625
340000,0.0005060660952088936,0.13441712926249008,0.0005045776655171028,0.00018166604020534302,1.1533923303834808,1.0,0.42078588792995425,/tmp/nxf.XXXXpgkODl/sourmash_database/gtdb-rs214-reps.k51.zip,"GCA_018712915.1 Candidatus Copromonas faecavium, ASM1871291v1",a4851bc58b81b4c5e33e378019db28c3,0.13481363996827914,339000,161,47106000,ERR1018281_2.fastq.gz,ERR1018281,44e562bc,671849000,51,DNA,1000,671849,True,0.8617407147542404,0.9614704864130661,0.9116056005836533,0.9614704864130661,False,391,871644,2152301,d__Bacteria;p__Bacillota_A;c__Clostridia;o__Lachnospirales;f__Lachnospiraceae;g__Copromonas;s__Copromonas faecavium
393000,0.0005849528688738094,0.14756258234519104,0.0005001123764417303,0.00019746308717972068,1.2648809523809523,1.0,0.620640978282052,/tmp/nxf.XXXXpgkODl/sourmash_database/gtdb-rs214-reps.k51.zip,"GCF_000425005.1 Solobacterium moorei DSM 22971 strain=DSM 22971, ASM42500v1",031560617b0885e2a354a7c853fd6de0,0.1725955204216074,336000,162,46770000,ERR1018281_2.fastq.gz,ERR1018281,44e562bc,671849000,51,DNA,1000,671849,True,0.8641919434855024,0.9661394025137915,0.9151656729996469,0.9661394025137915,False,425,872069,2152301,d__Bacteria;p__Bacillota;c__Bacilli;o__Erysipelotrichales;f__Erysipelotrichaceae;g__Bulleidia;s__Bulleidia moorei
413000,0.0006147214627096267,0.09585492227979274,0.0004956470873663576,0.0007224825895634486,4.66966966966967,1.0,9.238524846117118,/tmp/nxf.XXXXpgkODl/sourmash_database/gtdb-rs214-reps.k51.zip,"GCF_014287895.1 Lawsonibacter sp. NSJ-51 strain=NSJ-51, ASM1428789v1",d392acf90c74a66e08f6aab76d16a313,0.1188831318364997,333000,163,46437000,ERR1018281_2.fastq.gz,ERR1018281,44e562bc,671849000,51,DNA,1000,671849,True,0.8650334655578703,0.9591026759457617,0.9120680707518161,0.9591026759457617,False,1555,873624,2152301,d__Bacteria;p__Bacillota_A;c__Clostridia;o__Oscillospirales;f__Oscillospiraceae;g__NSJ-51;s__NSJ-51 sp900549795
426000,0.000634071048702908,0.0824203187250996,0.0004926702279827758,0.00018817070660655735,1.2235649546827794,1.0,0.6808919717553062,/tmp/nxf.XXXXpgkODl/sourmash_database/gtdb-rs214-reps.k51.zip,"GCF_014287515.2 Roseburia sp. NSJ-69 strain=NSJ-69, ASM1428751v2",bdfe3843830bc5a0201ffceb3183fb4d,0.10607569721115538,331000,164,46106000,ERR1018281_2.fastq.gz,ERR1018281,44e562bc,671849000,51,DNA,1000,671849,True,0.8655592900883576,0.9569614195832539,0.9112603548358058,0.9569614195832539,False,405,874029,2152301,d__Bacteria;p__Bacillota_A;c__Clostridia;o__Lachnospirales;f__Lachnospiraceae;g__Roseburia;s__Roseburia sp003470905
336000,0.0005001123764417303,0.11911658218682114,0.0004896933685991942,0.00018305989729131754,1.1975683890577509,1.0,1.1566617602798832,/tmp/nxf.XXXXpgkODl/sourmash_database/gtdb-rs214-reps.k51.zip,"GCA_900551945.1 uncultured Eubacterium sp., UMGS1462",35ec417b4782d265c71dc3b644bccdc7,0.1216509775524982,329000,165,45777000,ERR1018281_2.fastq.gz,ERR1018281,44e562bc,671849000,51,DNA,1000,671849,True,0.8615407725808657,0.9595355955938641,0.910538184087365,0.9595355955938641,False,394,874423,2152301,d__Bacteria;p__Bacillota_A;c__Clostridia;o__Lachnospirales;f__Lachnospiraceae;g__Lachnospira;s__Lachnospira sp900551945
359000,0.0005343462593529201,0.1742826780021254,0.0004882049389074033,0.000215118610268731,1.4115853658536586,1.0,1.6355762537213183,/tmp/nxf.XXXXpgkODl/sourmash_database/gtdb-rs214-reps.k51.zip,"GCA_900547315.1 uncultured Clostridiales bacterium, UMGS975",31bcd42403213cb25cca25f32f8cb0c4,0.19075451647183847,328000,166,45449000,ERR1018281_2.fastq.gz,ERR1018281,44e562bc,671849000,51,DNA,1000,671849,True,0.8626600023406376,0.9680363451975209,0.9153481737690792,0.9680363451975209,False,463,874886,2152301,d__Bacteria;p__Bacillota_A;c__Clostridia;o__Oscillospirales;f__Oscillospiraceae;g__Limivicinus;s__Limivicinus sp900547315
335000,0.0004986239467499393,0.14678072940117065,0.0004852280795238216,0.00019328151592179718,1.2760736196319018,1.0,1.6196202825387265,/tmp/nxf.XXXXpgkODl/sourmash_database/gtdb-rs214-reps.k51.zip,"GCA_900543295.1 uncultured Ruminococcaceae bacterium, UMGS551",cc0a4bfe6d10f047e2afef538cf1d9fd,0.15083295812696984,326000,167,45123000,ERR1018281_2.fastq.gz,ERR1018281,44e562bc,671849000,51,DNA,1000,671849,True,0.8614904224312453,0.9635895540326018,0.9125399882319236,0.9635895540326018,False,416,875302,2152301,d__Bacteria;p__Bacillota_A;c__Clostridia;o__Oscillospirales;f__Ruminococcaceae;g__UBA866;s__UBA866 sp900543295
326000,0.0004852280795238216,0.18518518518518517,0.0004837396498320307,0.00021930018152665448,1.4523076923076923,1.0,0.7534755761051464,/tmp/nxf.XXXXpgkODl/sourmash_database/gtdb-rs214-reps.k51.zip,"GCA_900538545.1 uncultured Eggerthella sp., UMGS26",0c9964bbc737f01199b57ec7c0ef5328,0.18575498575498575,325000,168,44798000,ERR1018281_2.fastq.gz,ERR1018281,44e562bc,671849000,51,DNA,1000,671849,True,0.8610305236961578,0.9675323606361363,0.9142814421661472,0.9675323606361363,False,472,875774,2152301,d__Bacteria;p__Actinomycetota;c__Coriobacteriia;o__Coriobacteriales;f__Eggerthellaceae;g__Anaerotardibacter;s__Anaerotardibacter sp900538545
426000,0.000634071048702908,0.13136620856911885,0.0004837396498320307,0.00019281689689313903,1.2769230769230768,1.0,0.8504784591437078,/tmp/nxf.XXXXpgkODl/sourmash_database/gtdb-rs214-reps.k51.zip,"GCA_900539945.1 uncultured Faecalibacterium sp., UMGS183",3bb5b6dd2b10e5252389d662c26718aa,0.17219078415521422,325000,169,44473000,ERR1018281_2.fastq.gz,ERR1018281,44e562bc,671849000,51,DNA,1000,671849,True,0.8655592900883576,0.9660949279259776,0.9158271090071677,0.9660949279259776,False,415,876189,2152301,d__Bacteria;p__Bacillota_A;c__Clostridia;o__Oscillospirales;f__Ruminococcaceae;g__Faecalibacterium;s__Faecalibacterium sp900539945
321000,0.00047778593106486723,0.11107266435986159,0.00047778593106486723,0.00018120142117668487,1.2149532710280373,1.0,0.5751018446960413,/tmp/nxf.XXXXpgkODl/sourmash_database/gtdb-rs214-reps.k51.zip,"GCA_000437595.1 Faecalibacterium sp. CAG:74, MGS74",4d3dcfd86dd11d49ff70c883ae03f40b,0.11107266435986159,321000,170,44152000,ERR1018281_2.fastq.gz,ERR1018281,44e562bc,671849000,51,DNA,1000,671849,True,0.8607696159766768,0.9578255451817558,0.9092975805792163,0.9578255451817558,False,390,876579,2152301,d__Bacteria;p__Bacillota_A;c__Clostridia;o__Christensenellales;f__CAG-74;g__UBA11524;s__UBA11524 sp000437595
397000,0.0005909065876409729,0.10950909715070374,0.0004748090716812855,0.0001863122304919247,1.2570532915360502,1.0,0.5789451820386626,/tmp/nxf.XXXXpgkODl/sourmash_database/gtdb-rs214-reps.k51.zip,"GCF_009695995.1 Lachnospiraceae bacterium WCA3-601-WT-6H strain=WCA3-601-WT-6H, ASM969599v1",5d6c5014a4cd18c2fe5be407fbfab795,0.1362856162032269,319000,171,43833000,ERR1018281_2.fastq.gz,ERR1018281,44e562bc,671849000,51,DNA,1000,671849,True,0.8643635563190556,0.9616752339826918,0.9130193951508737,0.9616752339826918,False,401,876980,2152301,d__Bacteria;p__Bacillota_A;c__Clostridia;o__Lachnospirales;f__Lachnospiraceae;g__Acetatifactor;s__Acetatifactor intestinalis
315000,0.0004688553529141221,0.22602230483271377,0.0004524826263044226,0.0002481065613034608,1.756578947368421,1.0,0.9766801348817207,/tmp/nxf.XXXXpgkODl/sourmash_database/gtdb-rs214-reps.k51.zip,"GCA_001916775.1 Firmicutes bacterium CAG:321_26_22, ASM191677v1",e3dc325471a79420a7fe63d364b258b0,0.2342007434944238,304000,172,43529000,ERR1018281_2.fastq.gz,ERR1018281,44e562bc,671849000,51,DNA,1000,671849,True,0.860451215703378,0.9719389478795883,0.9161950817914832,0.9719389478795883,False,534,877514,2152301,d__Bacteria;p__Bacillota;c__Bacilli;o__RF39;f__UBA660;g__CAG-302;s__CAG-302 sp001916775
310000,0.00046141320445516773,0.11532625189681335,0.0004524826263044226,0.00017423213574681236,1.2335526315789473,1.0,0.5269630066596817,/tmp/nxf.XXXXpgkODl/sourmash_database/gtdb-rs214-reps.k51.zip,"GCA_934869045.1 uncultured Thaumarchaeota archaeon, MTG243_bin.50.fa",28ba05214f9d6cff1af34bee5e4ee047,0.11760242792109256,304000,173,43225000,ERR1018281_2.fastq.gz,ERR1018281,44e562bc,671849000,51,DNA,1000,671849,True,0.8601813068066512,0.9588990058995666,0.9095401563531089,0.9588990058995666,False,375,877889,2152301,d__Bacteria;p__Bacillota_A;c__Clostridia;o__Oscillospirales;f__Ruminococcaceae;g__Merdivicinus;s__Merdivicinus sp934869045
312000,0.00046439006383874946,0.1271578947368421,0.00044950576692084085,0.0001793429450620522,1.2781456953642385,1.0,1.4266105823269704,/tmp/nxf.XXXXpgkODl/sourmash_database/gtdb-rs214-reps.k51.zip,"GCA_900543445.1 uncultured Lachnobacterium sp., UMGS570",17a62258bc54ef3d5be0c332116808b1,0.13136842105263158,302000,174,42923000,ERR1018281_2.fastq.gz,ERR1018281,44e562bc,671849000,51,DNA,1000,671849,True,0.8602897789718905,0.960982567277902,0.9106361731248962,0.960982567277902,False,386,878275,2152301,d__Bacteria;p__Bacillota_A;c__Clostridia;o__Lachnospirales;f__Lachnospiraceae;g__Agathobacter;s__Agathobacter sp900543445
323000,0.00048076279044844897,0.0949367088607595,0.0004465289075372591,0.00015193042237122037,1.09,1.0,0.3085989846602437,/tmp/nxf.XXXXpgkODl/sourmash_database/gtdb-rs214-reps.k51.zip,"GCF_000981035.1 Catabacter hongkongensis strain=HKU16, ASM98103v1",7a2f000eba4b84e6f7c2d5e4d6c2bb85,0.10221518987341772,300000,175,42623000,ERR1018281_2.fastq.gz,ERR1018281,44e562bc,671849000,51,DNA,1000,671849,True,0.8608744539746529,0.9562660426824322,0.9085702483285425,0.9562660426824322,False,327,878602,2152301,d__Bacteria;p__Bacillota_A;c__Clostridia;o__Christensenellales;f__Christensenellaceae;g__Christensenella;s__Christensenella hongkongensis
301000,0.00044801733722904996,0.11855670103092783,0.0004450404778454682,0.00017562599283278688,1.2642140468227425,1.0,0.6845819716608729,/tmp/nxf.XXXXpgkODl/sourmash_database/gtdb-rs214-reps.k51.zip,"GCF_000297775.1 Sutterella wadsworthensis 2_1_59BFAA strain=2_1_59BFAA, Sutt_wads_2_1_59BFAA_V1",3734ccb9f3bdf4dec767943ba7d441a9,0.11934972244250595,299000,176,42324000,ERR1018281_2.fastq.gz,ERR1018281,44e562bc,671849000,51,DNA,1000,671849,True,0.8596845348232326,0.9591763435408884,0.9094304391820605,0.9591763435408884,False,378,878980,2152301,d__Bacteria;p__Pseudomonadota;c__Gammaproteobacteria;o__Burkholderiales;f__Burkholderiaceae_A;g__Sutterella;s__Sutterella wadsworthensis_A
410000,0.0006102561736342541,0.12108898821617228,0.0004435520481536774,0.0001960692300937462,1.4161073825503356,1.0,1.8649025061907403,/tmp/nxf.XXXXpgkODl/sourmash_database/gtdb-rs214-reps.k51.zip,"GCF_003024675.1 Faecalibacillus faecis strain=SNUG30370, ASM302467v1",e8bfb79f31a647fa9d06736d1d114bc0,0.16659894351889476,298000,177,42026000,ERR1018281_2.fastq.gz,ERR1018281,44e562bc,671849000,51,DNA,1000,671849,True,0.864909818145747,0.9654697508306647,0.9151897844882058,0.9654697508306647,False,422,879402,2152301,d__Bacteria;p__Bacillota;c__Bacilli;o__Erysipelotrichales;f__Coprobacillaceae;g__Faecalibacillus;s__Faecalibacillus faecis
474000,0.0007055156739088694,0.10125698324022346,0.00043164461061935046,0.00017701984991876137,1.313793103448276,1.0,1.1332663009716448,/tmp/nxf.XXXXpgkODl/sourmash_database/gtdb-rs214-reps.k51.zip,"GCF_003477705.1 Dorea sp. AF36-15AT strain=AF36-15AT, ASM347770v1",c937c21683f42ccd4f1e3b3527481825,0.16550279329608938,290000,178,41736000,ERR1018281_2.fastq.gz,ERR1018281,44e562bc,671849000,51,DNA,1000,671849,True,0.8673732276265074,0.9653447908667813,0.9163590092466443,0.9653447908667813,False,381,879783,2152301,d__Bacteria;p__Bacillota_A;c__Clostridia;o__Lachnospirales;f__Lachnospiraceae;g__Lachnoclostridium_B;s__Lachnoclostridium_B sp900066555
299000,0.0004450404778454682,0.09787530477185649,0.0004182487433932327,0.0001779490879760777,1.3629893238434163,1.0,1.0210856844432732,/tmp/nxf.XXXXpgkODl/sourmash_database/gtdb-rs214-reps.k51.zip,"GCA_900539115.1 uncultured Roseburia sp., UMGS89",a03f7e1fc20ac35d078d657c145c58d0,0.10414489724834552,281000,179,41455000,ERR1018281_2.fastq.gz,ERR1018281,44e562bc,671849000,51,DNA,1000,671849,True,0.8595721646882835,0.9566167918123958,0.9080944782503396,0.9566167918123958,False,383,880166,2152301,d__Bacteria;p__Bacillota_A;c__Clostridia;o__Lachnospirales;f__Lachnospiraceae;g__Eubacterium_F;s__Eubacterium_F sp900539115
281000,0.0004182487433932327,0.15230352303523034,0.0004182487433932327,0.00015797046974377654,1.209964412811388,1.0,0.47203692646181444,/tmp/nxf.XXXXpgkODl/sourmash_database/gtdb-rs214-reps.k51.zip,"GCA_905193225.1 uncultured Ruminococcaceae bacterium, ERR1600611-mag-bin.79",d8b9d842377c15ec6785c3ed4a5160dd,0.15230352303523034,281000,180,41174000,ERR1018281_2.fastq.gz,ERR1018281,44e562bc,671849000,51,DNA,1000,671849,True,0.8585263329274667,0.9637728878639629,0.9111496103957148,0.9637728878639629,False,340,880506,2152301,d__Bacteria;p__Bacillota_A;c__Clostridia;o__Oscillospirales;f__Acutalibacteraceae;g__UMGS1484;s__UMGS1484 sp905193225
548000,0.0008156594711013933,0.12833486660533577,0.00041527188400965095,0.00031222398725828774,2.4086021505376345,2.0,1.3853035003032241,/tmp/nxf.XXXXpgkODl/sourmash_database/gtdb-rs214-reps.k51.zip,"GCA_019414045.1 Collinsella sp., ASM1941404v1",a3ebf4a4e14ee2d937268c44041dfb5d,0.25206991720331184,279000,181,40895000,ERR1018281_2.fastq.gz,ERR1018281,44e562bc,671849000,51,DNA,1000,671849,True,0.8698439569622904,0.9733412252102173,0.9215925910862539,0.9733412252102173,False,672,881178,2152301,d__Bacteria;p__Actinomycetota;c__Coriobacteriia;o__Coriobacteriales;f__Coriobacteriaceae;g__Collinsella;s__Collinsella sp019414045
1184000,0.0017623007550803826,0.056707317073170734,0.00041527188400965095,0.0010179802917900424,7.853046594982079,7.0,6.148979258006294,/tmp/nxf.XXXXpgkODl/sourmash_database/gtdb-rs214-reps.k51.zip,"GCF_000614125.1 Bacteroides rodentium JCM 16496 strain=JCM 16496, ASM61412v1",d114cb268bdc0e58bd5266fb76f6ef04,0.24065040650406505,279000,182,40616000,ERR1018281_2.fastq.gz,ERR1018281,44e562bc,671849000,51,DNA,1000,671849,True,0.8830830911075794,0.9724568178384683,0.9277699544730238,0.9724568178384683,False,2191,883369,2152301,d__Bacteria;p__Bacteroidota;c__Bacteroidia;o__Bacteroidales;f__Bacteroidaceae;g__Bacteroides;s__Bacteroides rodentium
278000,0.0004137834543178601,0.14795103778605642,0.0004137834543178601,0.00015100118431390404,1.169064748201439,1.0,0.41141078927792973,/tmp/nxf.XXXXpgkODl/sourmash_database/gtdb-rs214-reps.k51.zip,"GCA_900547955.1 uncultured Clostridiales bacterium, UMGS1037",1638f26208451c3b58108e4db58e7e0c,0.14795103778605642,278000,183,40338000,ERR1018281_2.fastq.gz,ERR1018281,44e562bc,671849000,51,DNA,1000,671849,True,0.8583456648779323,0.9632251292730661,0.9107853970754992,0.9632251292730661,False,325,883694,2152301,d__Bacteria;p__Bacillota_A;c__Clostridia;o__Christensenellales;f__QALW01;g__QALW01;s__QALW01 sp900547955
276000,0.0004108065949342784,0.04412708600770218,0.00040931816524248754,0.0001324164231675774,1.0363636363636364,1.0,0.20570379089063204,/tmp/nxf.XXXXpgkODl/sourmash_database/gtdb-rs214-reps.k51.zip,"GCF_900111895.1 Pseudomonas simiae strain=CCUG 50988, IMG-taxon 2663762772 annotated assembly",62963c39a9f579db585803b1ccdbd733,0.044287548138639284,275000,184,40063000,ERR1018281_2.fastq.gz,ERR1018281,44e562bc,671849000,51,DNA,1000,671849,True,0.8582241544883349,0.9407116071730657,0.8994678808307003,0.9407116071730657,False,285,883979,2152301,d__Bacteria;p__Pseudomonadota;c__Gammaproteobacteria;o__Pseudomonadales;f__Pseudomonadaceae;g__Pseudomonas_E;s__Pseudomonas_E simiae
1897000,0.0028235511253272686,0.08142340168878166,0.0004018760167835332,0.0006574359255513054,5.2407407407407405,3.0,5.570873942959057,/tmp/nxf.XXXXpgkODl/sourmash_database/gtdb-rs214-reps.k51.zip,"GCA_019414725.1 Bacteroides sp., ASM1941472v1",64c46002555414dcc8eeb8f014050549,0.5720747889022919,270000,185,39793000,ERR1018281_2.fastq.gz,ERR1018281,44e562bc,671849000,51,DNA,1000,671849,True,0.891282954979862,0.9891090436295945,0.9401959993047282,0.9891090436295945,False,1415,885394,2152301,d__Bacteria;p__Bacteroidota;c__Bacteroidia;o__Bacteroidales;f__Bacteroidaceae;g__Phocaeicola;s__Phocaeicola sp019414725
528000,0.0007858908772655761,0.07622298065984073,0.0003988991573999515,0.000427449506365513,3.4328358208955225,1.0,9.127576521297955,/tmp/nxf.XXXXpgkODl/sourmash_database/gtdb-rs214-reps.k51.zip,"GCF_003122485.1 Eubacterium ramulus strain=21, ASM312248v1",69f62821c52170586372e30edee725e7,0.15017064846416384,268000,186,39525000,ERR1018281_2.fastq.gz,ERR1018281,44e562bc,671849000,51,DNA,1000,671849,True,0.8692100717416301,0.9635064114982258,0.916358241619928,0.9635064114982258,False,920,886314,2152301,d__Bacteria;p__Bacillota_A;c__Clostridia;o__Lachnospirales;f__Lachnospiraceae;g__Eubacterium_I;s__Eubacterium_I ramulus_A
280000,0.00041676031370144185,0.1538015089959373,0.0003944338683245789,0.00015982894585840922,1.2981132075471697,1.0,1.019524596210602,/tmp/nxf.XXXXpgkODl/sourmash_database/gtdb-rs214-reps.k51.zip,"GCA_900555345.1 uncultured Clostridiales bacterium, UMGS1815",3cfc285fcf07141b05b887a06c8317f5,0.1625072547881602,265000,187,39260000,ERR1018281_2.fastq.gz,ERR1018281,44e562bc,671849000,51,DNA,1000,671849,True,0.8584663212371377,0.9649991187556289,0.9117327199963834,0.9649991187556289,False,344,886658,2152301,d__Bacteria;p__Bacillota_A;c__Clostridia;o__Oscillospirales;f__CAG-272;g__Avispirillum;s__Avispirillum sp900555345
353000,0.0005254156812021749,0.08715901530272788,0.0003899685792492063,0.00013845647054013357,1.1374045801526718,1.0,0.38608148447028373,/tmp/nxf.XXXXpgkODl/sourmash_database/gtdb-rs214-reps.k51.zip,"GCA_902362875.1 Eubacteriaceae bacterium, MGYG-HGUT-00065",d54bf1cadd7b3e9fb2a63e0dd13f3892,0.11743180306054557,262000,188,38998000,ERR1018281_2.fastq.gz,ERR1018281,44e562bc,671849000,51,DNA,1000,671849,True,0.86237496007656,0.9588717074631107,0.9106233337698353,0.9588717074631107,False,298,886956,2152301,d__Bacteria;p__Bacillota_A;c__Clostridia;o__Lachnospirales;f__Lachnospiraceae;g__Anaerostipes;s__Anaerostipes sp900066705
535000,0.0007963098851081121,0.06568778979907264,0.00037954957140667027,0.0011499320959289616,9.705882352941176,2.0,16.83983852287056,/tmp/nxf.XXXXpgkODl/sourmash_database/gtdb-rs214-reps.k51.zip,"GCA_900760095.1 uncultured Oxalobacter sp., SRS013098_77",c44885a6f7eeeec3b7e9264a1c9a1881,0.13781555899021122,255000,189,38743000,ERR1018281_2.fastq.gz,ERR1018281,44e562bc,671849000,51,DNA,1000,671849,True,0.8694345693408277,0.9618857594242916,0.9156601643825597,0.9618857594242916,False,2475,889431,2152301,d__Bacteria;p__Pseudomonadota;c__Gammaproteobacteria;o__Burkholderiales;f__Burkholderiaceae;g__Oxalobacter;s__Oxalobacter sp900760095
272000,0.0004048528761671149,0.0669115717659407,0.00037954957140667027,0.00012869947093831208,1.0862745098039215,1.0,0.28076897756343133,/tmp/nxf.XXXXpgkODl/sourmash_database/gtdb-rs214-reps.k51.zip,"GCF_014384895.1 Bianquea renquensis strain=NSJ-32, ASM1438489v1",44f576912fc5c8584352a8c7e6018f38,0.0713723432170034,255000,190,38488000,ERR1018281_2.fastq.gz,ERR1018281,44e562bc,671849000,51,DNA,1000,671849,True,0.8579785221503818,0.9495551536005041,0.903766837875443,0.9495551536005041,False,277,889708,2152301,d__Bacteria;p__Bacillota_A;c__Clostridia;o__Lachnospirales;f__Bianqueaceae;g__Bianquea;s__Bianquea renquensis
275000,0.00040931816524248754,0.07021926172633916,0.00037657271202308853,0.00012916408996697023,1.098814229249012,1.0,0.4379689210045708,/tmp/nxf.XXXXpgkODl/sourmash_database/gtdb-rs214-reps.k51.zip,"GCF_900199545.1 Raoultibacter massiliensis strain=Marseille-P2849, PRJEB21863",74c79c41293450d47edd9629ba32dfc9,0.07632528448515126,253000,191,38235000,ERR1018281_2.fastq.gz,ERR1018281,44e562bc,671849000,51,DNA,1000,671849,True,0.8581630751988633,0.950805177310619,0.9044841262547412,0.950805177310619,False,278,889986,2152301,d__Bacteria;p__Actinomycetota;c__Coriobacteriia;o__Coriobacteriales;f__Eggerthellaceae;g__Raoultibacter;s__Raoultibacter massiliensis
261000,0.0003884801495574154,0.1310452418096724,0.00037508428233129764,0.00013334566122489373,1.1388888888888888,1.0,0.3571208106070083,/tmp/nxf.XXXXpgkODl/sourmash_database/gtdb-rs214-reps.k51.zip,"GCA_900545815.1 uncultured Clostridiales bacterium, UMGS818",0c3cd6e84f0a58c3523da3d837394bd2,0.1357254290171607,252000,192,37983000,ERR1018281_2.fastq.gz,ERR1018281,44e562bc,671849000,51,DNA,1000,671849,True,0.8572843173295698,0.9615975703037403,0.9094409438166551,0.9615975703037403,False,287,890273,2152301,d__Bacteria;p__Bacillota_A;c__Clostridia;o__Oscillospirales;f__Oscillospiraceae;g__Onthomonas;s__Onthomonas sp900545815
251000,0.0003735958526395068,0.08546135512427647,0.0003735958526395068,0.00013195180413891924,1.1314741035856575,1.0,0.5380403966737829,/tmp/nxf.XXXXpgkODl/sourmash_database/gtdb-rs214-reps.k51.zip,"GCF_900106845.1 Romboutsia timonensis strain=Marseille-P326, PRJEB14233",d234ad6970f6218b0a838933dea2f71b,0.08546135512427647,251000,193,37732000,ERR1018281_2.fastq.gz,ERR1018281,44e562bc,671849000,51,DNA,1000,671849,True,0.8566278643259955,0.9529153203628331,0.9047715923444143,0.9529153203628331,False,284,890557,2152301,d__Bacteria;p__Bacillota_A;c__Clostridia;o__Peptostreptococcales;f__Peptostreptococcaceae;g__Romboutsia;s__Romboutsia timonensis
280000,0.00041676031370144185,0.1163895486935867,0.0003646652744887616,0.00014960732722792955,1.3142857142857143,1.0,0.595219047314276,/tmp/nxf.XXXXpgkODl/sourmash_database/gtdb-rs214-reps.k51.zip,"GCA_900754495.1 Eggerthellaceae bacterium, ERS396495_60",788074f5d44dab797f872b5ef9e7a07d,0.1330166270783848,245000,194,37487000,ERR1018281_2.fastq.gz,ERR1018281,44e562bc,671849000,51,DNA,1000,671849,True,0.8584663212371377,0.9612175352403973,0.9098419282387675,0.9612175352403973,False,322,890879,2152301,d__Bacteria;p__Actinomycetota;c__Coriobacteriia;o__Coriobacteriales;f__Eggerthellaceae;g__Aphodovivens;s__Aphodovivens avicola
538000,0.0008007751741834847,0.0902339398440401,0.00036168841510517987,0.0027556554589715843,24.40740740740741,25.0,10.534807418863323,/tmp/nxf.XXXXpgkODl/sourmash_database/gtdb-rs214-reps.k51.zip,"GCA_905200945.1 uncultured Akkermansia sp., ERR414247-mag-bin.14",8e88e30e7c15af7b94e97f7500856bc5,0.19977720014853323,243000,195,37244000,ERR1018281_2.fastq.gz,ERR1018281,44e562bc,671849000,51,DNA,1000,671849,True,0.8695299023270204,0.9689139621110868,0.9192219322190536,0.9689139621110868,False,5931,896810,2152301,d__Bacteria;p__Verrucomicrobiota;c__Verrucomicrobiae;o__Verrucomicrobiales;f__Akkermansiaceae;g__Akkermansia;s__Akkermansia sp905200945
262000,0.0003899685792492063,0.044452608376193976,0.00036019998541338903,0.00022255251472726167,1.9793388429752066,1.0,5.03495906497877,/tmp/nxf.XXXXpgkODl/sourmash_database/gtdb-rs214-reps.k51.zip,"GCF_000742135.1 Klebsiella pneumoniae strain=ATCC 13883, ASM74213v1",8ff128bf2d890d4208a034d2790eae21,0.04812637766348273,242000,196,37002000,ERR1018281_2.fastq.gz,ERR1018281,44e562bc,671849000,51,DNA,1000,671849,True,0.8573486008749875,0.9422461594812458,0.8997973801781167,0.9422461594812458,False,479,897289,2152301,d__Bacteria;p__Pseudomonadota;c__Gammaproteobacteria;o__Enterobacterales;f__Enterobacteriaceae;g__Klebsiella;s__Klebsiella pneumoniae
374000,0.000556672704729783,0.047675568743818,0.00035871155572159814,0.00020861394386751666,1.8630705394190872,1.0,2.5446072892363922,/tmp/nxf.XXXXpgkODl/sourmash_database/gtdb-rs214-reps.k51.zip,"GCF_003479425.1 Odoribacter sp. AF15-53 strain=AF15-53, ASM347942v1",d16458b8cf285447fc3cc23a7685ddc0,0.07398615232443126,241000,197,36761000,ERR1018281_2.fastq.gz,ERR1018281,44e562bc,671849000,51,DNA,1000,671849,True,0.8633526648752088,0.9502250589238727,0.9067888618995408,0.9502250589238727,False,449,897738,2152301,d__Bacteria;p__Bacteroidota;c__Bacteroidia;o__Bacteroidales;f__Marinifilaceae;g__Butyricimonas;s__Butyricimonas sp003479425
410000,0.0006102561736342541,0.06626340390431674,0.00035871155572159814,0.0001449611369413479,1.2946058091286308,1.0,0.9642639304677475,/tmp/nxf.XXXXpgkODl/sourmash_database/gtdb-rs214-reps.k51.zip,"GCF_015557635.1 Fusicatenibacter saccharivorans strain=D41t1_190614_C8, ASM1555763v1",d2fdc17cdae8aecf1aac02f627d3979a,0.11273027220236459,241000,198,36520000,ERR1018281_2.fastq.gz,ERR1018281,44e562bc,671849000,51,DNA,1000,671849,True,0.864909818145747,0.958103793957684,0.9115068060517155,0.958103793957684,False,312,898050,2152301,d__Bacteria;p__Bacillota_A;c__Clostridia;o__Lachnospirales;f__Lachnospiraceae;g__Fusicatenibacter;s__Fusicatenibacter saccharivorans
1386000,0.002062963552822137,0.034768693628164093,0.00035573469633801646,0.0004088647452191864,3.6820083682008367,3.0,4.024939322801181,/tmp/nxf.XXXXpgkODl/sourmash_database/gtdb-rs214-reps.k51.zip,"GCF_020091405.1 Bacteroides cellulosilyticus strain=BFG-250, ASM2009140v1",e37ed1690502390971d446c82f6240b5,0.20162932790224034,239000,199,36281000,ERR1018281_2.fastq.gz,ERR1018281,44e562bc,671849000,51,DNA,1000,671849,True,0.8858148806969041,0.9690892992504817,0.9274520899736929,0.9690892992504817,False,880,898930,2152301,d__Bacteria;p__Bacteroidota;c__Bacteroidia;o__Bacteroidales;f__Bacteroidaceae;g__Bacteroides;s__Bacteroides sp900552405
297000,0.00044206361846188655,0.04471698113207547,0.0003527578369544347,0.0001570412316864602,1.4261603375527425,1.0,2.4904524913000587,/tmp/nxf.XXXXpgkODl/sourmash_database/gtdb-rs214-reps.k51.zip,"GCA_000509105.1 Clostridiales bacterium VE202-21 strain=VE202-21, ASM50910v1",91aa1bc966a1423cc9c8eebedb547385,0.0560377358490566,237000,200,36044000,ERR1018281_2.fastq.gz,ERR1018281,44e562bc,671849000,51,DNA,1000,671849,True,0.8594590552219061,0.9450622231677781,0.9022606391948421,0.9450622231677781,False,338,899268,2152301,d__Bacteria;p__Bacillota_A;c__Clostridia;o__Lachnospirales;f__Lachnospiraceae;g__Muricomes;s__Muricomes sp000509105
235000,0.000349780977570853,0.10085836909871244,0.000349780977570853,0.0001310225660816029,1.2,1.0,0.5119840423045117,/tmp/nxf.XXXXpgkODl/sourmash_database/gtdb-rs214-reps.k51.zip,"GCF_014217355.1 Fusobacterium hwasookii strain=KCOM 1249, ASM1421735v1",0126cd1332d3fd06a149f6916626a533,0.10085836909871244,235000,201,35809000,ERR1018281_2.fastq.gz,ERR1018281,44e562bc,671849000,51,DNA,1000,671849,True,0.8555222280308976,0.9560155141323454,0.9057688710816215,0.9560155141323454,False,282,899550,2152301,d__Bacteria;p__Fusobacteriota;c__Fusobacteriia;o__Fusobacteriales;f__Fusobacteriaceae;g__Fusobacterium;s__Fusobacterium hwasookii
813000,0.0012100933394259721,0.028038507821901322,0.00034680411818727126,0.0026910734139880994,24.858369098712448,2.0,76.3862537961771,/tmp/nxf.XXXXpgkODl/sourmash_database/gtdb-rs214-reps.k51.zip,"GCA_900761785.1 uncultured Bacteroides sp., SRS098827_17",45fd8f7382853829c2c562be7916791a,0.09783393501805054,233000,202,35576000,ERR1018281_2.fastq.gz,ERR1018281,44e562bc,671849000,51,DNA,1000,671849,True,0.8765977871643152,0.9554449666976165,0.9160213769309659,0.9554449666976165,False,5792,905342,2152301,d__Bacteria;p__Bacteroidota;c__Bacteroidia;o__Bacteroidales;f__Bacteroidaceae;g__Bacteroides;s__Bacteroides sp900761785
1511000,0.002249017264295995,0.042471746263215454,0.00034680411818727126,0.0008358496325560412,7.721030042918455,7.0,6.091176673991286,/tmp/nxf.XXXXpgkODl/sourmash_database/gtdb-rs214-reps.k51.zip,"GCF_013009555.1 Bacteroides dorei strain=DSM 17855, ASM1300955v1",92c62d3d608447418f79f40c554d2f69,0.2754283631060882,233000,203,35343000,ERR1018281_2.fastq.gz,ERR1018281,44e562bc,671849000,51,DNA,1000,671849,True,0.8873159534943599,0.9750340395260412,0.9311749965102005,0.9750340395260412,False,1799,907141,2152301,d__Bacteria;p__Bacteroidota;c__Bacteroidia;o__Bacteroidales;f__Bacteroidaceae;g__Phocaeicola;s__Phocaeicola dorei
234000,0.0003482925478790621,0.11041162227602906,0.00033936196972831695,0.00012358866162307224,1.1666666666666667,1.0,0.4064537837965998,/tmp/nxf.XXXXpgkODl/sourmash_database/gtdb-rs214-reps.k51.zip,"GCA_003507655.1 Lachnospiraceae bacterium, ASM350765v1",dc34020203f5fdad3e3eaf4b41b45cc9,0.11331719128329298,228000,204,35115000,ERR1018281_2.fastq.gz,ERR1018281,44e562bc,671849000,51,DNA,1000,671849,True,0.8554506959636771,0.9582013544664734,0.9068260252150753,0.9582013544664734,False,266,907407,2152301,d__Bacteria;p__Bacillota_A;c__Clostridia;o__Lachnospirales;f__Lachnospiraceae;g__UBA11774;s__UBA11774 sp003507655
337000,0.0005016008061335211,0.09977924944812362,0.0003363851103447352,0.00016819208837425621,1.6017699115044248,1.0,1.487647207017178,/tmp/nxf.XXXXpgkODl/sourmash_database/gtdb-rs214-reps.k51.zip,"GCA_900542245.1 uncultured Clostridiales bacterium, UMGS434",1e1587688c0bbc5f21c0ad2f35efed77,0.1487858719646799,226000,205,34889000,ERR1018281_2.fastq.gz,ERR1018281,44e562bc,671849000,51,DNA,1000,671849,True,0.8615909760309215,0.9633314067850892,0.9124611914080054,0.9633314067850892,False,362,907769,2152301,d__Bacteria;p__Bacillota_A;c__Clostridia;o__Peptostreptococcales;f__Anaerovoracaceae;g__CAG-238;s__CAG-238 sp900542245
599000,0.0008915693853827274,0.048366294067067925,0.0003348966806529443,0.00222970671853054,21.32888888888889,22.0,12.289772120158782,/tmp/nxf.XXXXpgkODl/sourmash_database/gtdb-rs214-reps.k51.zip,"GCF_004211955.1 Escherichia sp. E1V33 strain=E1V33, ASM421195v1",e9fb153d1248b2562fc0e641351fabc1,0.12876182287188306,225000,206,34664000,ERR1018281_2.fastq.gz,ERR1018281,44e562bc,671849000,51,DNA,1000,671849,True,0.8713630113326633,0.9606050057146911,0.9159840085236772,0.9606050057146911,False,4799,912568,2152301,d__Bacteria;p__Pseudomonadota;c__Gammaproteobacteria;o__Enterobacterales;f__Enterobacteriaceae;g__Escherichia;s__Escherichia sp004211955
714000,0.0010627387999386766,0.039942683145262406,0.0003319198212693626,0.0009231980099437765,8.910313901345292,3.0,15.281544054535317,/tmp/nxf.XXXXpgkODl/sourmash_database/gtdb-rs214-reps.k51.zip,"GCF_011927845.1 Butyricimonas paravirosa strain=DSM 105722, ASM1192784v1",cc1e901fd2cc9d9ffb757c4a7687cf15,0.1278882321332617,223000,207,34441000,ERR1018281_2.fastq.gz,ERR1018281,44e562bc,671849000,51,DNA,1000,671849,True,0.8743687710800677,0.9604767891854751,0.9174227801327715,0.9604767891854751,False,1987,914555,2152301,d__Bacteria;p__Bacteroidota;c__Bacteroidia;o__Bacteroidales;f__Marinifilaceae;g__Butyricimonas;s__Butyricimonas paravirosa
485000,0.0007218884005185689,0.06611078022632519,0.00033043139157757175,0.0003860984128149362,3.7432432432432434,1.0,6.653714286449157,/tmp/nxf.XXXXpgkODl/sourmash_database/gtdb-rs214-reps.k51.zip,"GCF_018784445.1 Gemmiger formicilis strain=MCC627, ASM1878444v1",05a0256de479fcb370d77f1d0c2ed04a,0.14443120905300774,222000,208,34219000,ERR1018281_2.fastq.gz,ERR1018281,44e562bc,671849000,51,DNA,1000,671849,True,0.8677634899645507,0.9627704798725034,0.9152669849185271,0.9627704798725034,False,831,915386,2152301,d__Bacteria;p__Bacillota_A;c__Clostridia;o__Oscillospirales;f__Ruminococcaceae;g__Gemmiger;s__Gemmiger sp900540775
291000,0.00043313304031114135,0.07241153342070773,0.00032894296188578086,0.00015146580334256222,1.4751131221719458,1.0,2.0614025912741964,/tmp/nxf.XXXXpgkODl/sourmash_database/gtdb-rs214-reps.k51.zip,"GCA_018223385.1 Oscillospiraceae bacterium Marseille-Q3528 strain=Marseille-Q3528, ASM1822338v1",af45d4d8f70316b199380e4254acaf5a,0.0953473132372215,221000,209,33998000,ERR1018281_2.fastq.gz,ERR1018281,44e562bc,671849000,51,DNA,1000,671849,True,0.8591151909012221,0.9549627695514866,0.9070389802263543,0.9549627695514866,False,326,915712,2152301,d__Bacteria;p__Bacillota_A;c__Clostridia;o__Lachnospirales;f__Lachnospiraceae;g__JAGTTR01;s__JAGTTR01 sp018223385
475000,0.0007070041036006603,0.06493506493506493,0.00032745453219399,0.00019513999203642985,1.9090909090909092,1.0,3.6031437146052294,/tmp/nxf.XXXXpgkODl/sourmash_database/gtdb-rs214-reps.k51.zip,"GCA_003481745.1 Firmicutes bacterium OM04-13BH strain=OM04-13BH, ASM348174v1",fa6f3b0aaec63a9374368bc5f3dfe959,0.14020070838252657,220000,210,33778000,ERR1018281_2.fastq.gz,ERR1018281,44e562bc,671849000,51,DNA,1000,671849,True,0.8674090709898095,0.9622094368476548,0.9148092539187321,0.9622094368476548,False,420,916132,2152301,d__Bacteria;p__Bacillota_A;c__Clostridia;o__Lachnospirales;f__Lachnospiraceae;g__Blautia;s__Blautia stercoris
1360000,0.0020242643808355745,0.03330305782621859,0.00032745453219399,0.0005951769757111111,5.822727272727272,3.0,17.77179665082704,/tmp/nxf.XXXXpgkODl/sourmash_database/gtdb-rs214-reps.k51.zip,"GCF_003464595.1 Bacteroides intestinalis strain=AF14-32, ASM346459v1",5018c46a831958831fc599a735d21972,0.20587344838026037,220000,211,33558000,ERR1018281_2.fastq.gz,ERR1018281,44e562bc,671849000,51,DNA,1000,671849,True,0.8854860230410693,0.9694851989285278,0.9274856109847985,0.9694851989285278,False,1281,917413,2152301,d__Bacteria;p__Bacteroidota;c__Bacteroidia;o__Bacteroidales;f__Bacteroidaceae;g__Bacteroides;s__Bacteroides intestinalis_A
222000,0.00033043139157757175,0.08463338533541341,0.00032298924311861745,0.00011429628104990891,1.1336405529953917,1.0,0.36635220118620815,/tmp/nxf.XXXXpgkODl/sourmash_database/gtdb-rs214-reps.k51.zip,"GCA_900548705.1 uncultured Porphyromonadaceae bacterium, UMGS1111",f22b431abab9b1ce406712f53200233c,0.08658346333853355,217000,212,33341000,ERR1018281_2.fastq.gz,ERR1018281,44e562bc,671849000,51,DNA,1000,671849,True,0.854568129617444,0.9531590840292973,0.9038636068233706,0.9531590840292973,False,246,917659,2152301,d__Bacteria;p__Bacteroidota;c__Bacteroidia;o__Bacteroidales;f__Muribaculaceae;g__UBA7173;s__UBA7173 sp900548705
212000,0.0003155470946596631,0.0970873786407767,0.00031257023527608136,0.00011661937619319975,1.1952380952380952,1.0,1.2169345525604158,/tmp/nxf.XXXXpgkODl/sourmash_database/gtdb-rs214-reps.k51.zip,"GCA_944387775.1 uncultured Oscillospiraceae bacterium, BRZ_EH__bin56",ec77b56cd758b85fd371d0d410fadc89,0.09801202034211742,210000,213,33131000,ERR1018281_2.fastq.gz,ERR1018281,44e562bc,671849000,51,DNA,1000,671849,True,0.8537961649460861,0.9554790378547606,0.9046376014004234,0.9554790378547606,False,251,917910,2152301,d__Bacteria;p__Bacillota_A;c__Clostridia;o__Oscillospirales;f__Oscillospiraceae;g__Pelethomonas;s__Pelethomonas sp944387775
1537000,0.0022877164362825574,0.08148148148148149,0.0003110818055842905,0.0008860284876511231,9.124401913875598,6.0,11.740977509217792,/tmp/nxf.XXXXpgkODl/sourmash_database/gtdb-rs214-reps.k51.zip,"GCA_019414665.1 Bacteroides sp., ASM1941466v1",020e6e4bea30c62d0c7beb17e6beaf5f,0.5992202729044834,209000,214,32922000,ERR1018281_2.fastq.gz,ERR1018281,44e562bc,671849000,51,DNA,1000,671849,True,0.8876128326267138,0.9900085628471818,0.9388106977369477,0.9900085628471818,False,1907,919817,2152301,d__Bacteria;p__Bacteroidota;c__Bacteroidia;o__Bacteroidales;f__Bacteroidaceae;g__Phocaeicola;s__Phocaeicola sp019414665
208000,0.0003095933758924997,0.061639736684619986,0.00030661651650891795,0.00010175156727613843,1.0631067961165048,1.0,0.26236056537614877,/tmp/nxf.XXXXpgkODl/sourmash_database/gtdb-rs214-reps.k51.zip,"GCA_900761855.1 Bacteroidales bacterium, SRS104197_59",eca0f01fd790bb980d7408758d7cd82d,0.06223818073010173,206000,215,32716000,ERR1018281_2.fastq.gz,ERR1018281,44e562bc,671849000,51,DNA,1000,671849,True,0.8534773367289277,0.9470088915574144,0.900243114143171,0.9470088915574144,False,219,920036,2152301,d__Bacteria;p__Bacteroidota;c__Bacteroidia;o__Bacteroidales;f__Muribaculaceae;g__CAG-485;s__CAG-485 sp900761855
514000,0.000765052861580504,0.06080283353010626,0.00030661651650891795,0.00015100118431390404,1.5776699029126213,1.0,3.6737439446221023,/tmp/nxf.XXXXpgkODl/sourmash_database/gtdb-rs214-reps.k51.zip,"GCF_902381825.1 Coprococcus catus, UHGG_MGYG-HGUT-01714",2077384ee8a75e96e14b40334da8965d,0.15171192443919718,206000,216,32510000,ERR1018281_2.fastq.gz,ERR1018281,44e562bc,671849000,51,DNA,1000,671849,True,0.8687521865415717,0.9636993434002896,0.9162257649709307,0.9636993434002896,False,325,920361,2152301,d__Bacteria;p__Bacillota_A;c__Clostridia;o__Lachnospirales;f__Lachnospiraceae;g__Coprococcus_A;s__Coprococcus_A catus_A
431000,0.0006415131971618623,0.06338899196042053,0.00030512808681712705,0.00014589037499866423,1.5317073170731708,1.0,2.4365548473393335,/tmp/nxf.XXXXpgkODl/sourmash_database/gtdb-rs214-reps.k51.zip,"GCA_003480425.1 Firmicutes bacterium AM31-12AC strain=AM31-12AC, ASM348042v1",8b202e78632935c462607205f45a00fe,0.13327149041434755,205000,217,32305000,ERR1018281_2.fastq.gz,ERR1018281,44e562bc,671849000,51,DNA,1000,671849,True,0.8657573517579827,0.9612536134820608,0.9135054826200217,0.9612536134820608,False,314,920675,2152301,d__Bacteria;p__Bacillota_A;c__Clostridia;o__Lachnospirales;f__Lachnospiraceae;g__Schaedlerella;s__Schaedlerella sp900066545
204000,0.0003036396571253362,0.19484240687679083,0.0003036396571253362,0.00012033632842246507,1.2696078431372548,1.0,0.533998827876784,/tmp/nxf.XXXXpgkODl/sourmash_database/gtdb-rs214-reps.k51.zip,"GCA_003343685.1 Clostridiales bacterium, ASM334368v1",877b7c9c36fd043e89814f2aa2c3b61d,0.19484240687679083,204000,218,32101000,ERR1018281_2.fastq.gz,ERR1018281,44e562bc,671849000,51,DNA,1000,671849,True,0.853152439835523,0.9684388988041073,0.9107956693198151,0.9684388988041073,False,259,920934,2152301,d__Bacteria;p__Bacillota_A;c__Clostridia;o__Christensenellales;f__Christensenellaceae;g__QAKS01;s__QAKS01 sp003343685
263000,0.00039145700894099714,0.06238303181534623,0.00029768593835817275,0.00012916408996697023,1.39,1.0,2.1605323418083797,/tmp/nxf.XXXXpgkODl/sourmash_database/gtdb-rs214-reps.k51.zip,"GCA_003460745.1 Firmicutes bacterium AM55-24TS strain=AM55-24TS, ASM346074v1",80420d374bef48c7644cd7f87f70f8f9,0.08203368683718029,200000,219,31901000,ERR1018281_2.fastq.gz,ERR1018281,44e562bc,671849000,51,DNA,1000,671849,True,0.8574126443229124,0.9521507854578183,0.9047817148903654,0.9521507854578183,False,278,921212,2152301,d__Bacteria;p__Bacillota_A;c__Clostridia;o__UBA1381;f__UBA1381;g__CAG-41;s__CAG-41 sp900066215
479000,0.0007129578223678238,0.07479431563201197,0.00029768593835817275,0.0005835614999946569,6.28,3.0,17.339884659362646,/tmp/nxf.XXXXpgkODl/sourmash_database/gtdb-rs214-reps.k51.zip,"GCA_934569225.1 uncultured Oscillospiraceae bacterium, ERR7738185_bin.146",cdf677b820b1f9b3fdd05d5fd802f783,0.17913238593866865,200000,220,31701000,ERR1018281_2.fastq.gz,ERR1018281,44e562bc,671849000,51,DNA,1000,671849,True,0.8675517084660808,0.9668438857075434,0.9171977970868121,0.9668438857075434,False,1256,922468,2152301,d__Bacteria;p__Bacillota_A;c__Clostridia;o__Oscillospirales;f__Oscillospiraceae;g__Faecousia;s__Faecousia sp934569225
433000,0.000644490056545444,0.05500276395798784,0.0002961975086663819,0.0001170839952218579,1.2663316582914572,1.0,1.281653341191643,/tmp/nxf.XXXXpgkODl/sourmash_database/gtdb-rs214-reps.k51.zip,"GCF_000225345.1 Roseburia hominis A2-183 strain=A2-183, ASM22534v1",2a06d44b517751a885debff12d3f2b01,0.11967938087341072,199000,221,31502000,ERR1018281_2.fastq.gz,ERR1018281,44e562bc,671849000,51,DNA,1000,671849,True,0.8658359463653621,0.9592282215980383,0.9125320839817002,0.9592282215980383,False,252,922720,2152301,d__Bacteria;p__Bacillota_A;c__Clostridia;o__Lachnospirales;f__Lachnospiraceae;g__Roseburia;s__Roseburia hominis
197000,0.0002932206492828002,0.0685455810716771,0.0002932206492828002,9.617613893224042e-05,1.0507614213197969,1.0,0.24153050260650397,/tmp/nxf.XXXXpgkODl/sourmash_database/gtdb-rs214-reps.k51.zip,"GCA_900542005.1 uncultured Clostridiales bacterium, UMGS416",e92f439d1968c14961dd558e7bc2aff2,0.0685455810716771,197000,222,31305000,ERR1018281_2.fastq.gz,ERR1018281,44e562bc,671849000,51,DNA,1000,671849,True,0.8525685437204958,0.948803040811602,0.900685792266049,0.948803040811602,False,207,922927,2152301,d__Bacteria;p__Bacillota_A;c__Clostridia;o__Christensenellales;f__UMGS416;g__Parachristensenella;s__Parachristensenella sp900542005
198000,0.000294709078974591,0.0829103214890017,0.0002917322195910093,9.756999601821493e-05,1.0714285714285714,1.0,0.25753937681885636,/tmp/nxf.XXXXpgkODl/sourmash_database/gtdb-rs214-reps.k51.zip,"GCA_934615635.1 uncultured Eubacteriales bacterium, ERR7738665_bin.208",2b1c0b47311024e4e86a74814cf02bb6,0.08375634517766498,196000,223,31109000,ERR1018281_2.fastq.gz,ERR1018281,44e562bc,671849000,51,DNA,1000,671849,True,0.852653191294419,0.9525388557554736,0.9025960235249463,0.9525388557554736,False,210,923137,2152301,d__Bacteria;p__Bacillota_A;c__Clostridia;o__Oscillospirales;f__Acutalibacteraceae;g__CAKTXU01;s__CAKTXU01 sp934615635
394000,0.0005864412985656003,0.04787493893502687,0.0002917322195910093,0.0002629743702205221,2.8877551020408165,1.0,14.958024706614788,/tmp/nxf.XXXXpgkODl/sourmash_database/gtdb-rs214-reps.k51.zip,"GCF_020554845.1 Blautia faecis strain=DFI.3.66, ASM2055484v1",966f2aea56b388fc36102b75054e49d4,0.09623839765510503,196000,224,30913000,ERR1018281_2.fastq.gz,ERR1018281,44e562bc,671849000,51,DNA,1000,671849,True,0.8642350066910243,0.9551369681809879,0.9096859874360061,0.9551369681809879,False,566,923703,2152301,d__Bacteria;p__Bacillota_A;c__Clostridia;o__Lachnospirales;f__Lachnospiraceae;g__Blautia_A;s__Blautia_A faecis
199000,0.0002961975086663819,0.11614055985705778,0.00029024378989921844,0.00010453928144808742,1.1538461538461537,1.0,0.513333077179167,/tmp/nxf.XXXXpgkODl/sourmash_database/gtdb-rs214-reps.k51.zip,"GCA_900550625.1 uncultured Clostridiales bacterium, UMGS1312",da4a991fb5719648f92e89699cce1217,0.11852293031566409,195000,225,30718000,ERR1018281_2.fastq.gz,ERR1018281,44e562bc,671849000,51,DNA,1000,671849,True,0.8527374207712545,0.9590456114382994,0.9058915161047769,0.9590456114382994,False,225,923928,2152301,d__Bacteria;p__Bacillota_A;c__Clostridia;o__Oscillospirales;f__CAG-272;g__UMGS1312;s__UMGS1312 sp900550625
195000,0.00029024378989921844,0.09406657018813314,0.00029024378989921844,0.00011476090007856708,1.2666666666666666,1.0,0.8293752153659089,/tmp/nxf.XXXXpgkODl/sourmash_database/gtdb-rs214-reps.k51.zip,"GCF_000785515.1 Streptococcus salivarius strain=NCTC 8618, ASM78551v1",60ed22ecb89c02b71ce7854e0188c722,0.09406657018813314,195000,226,30523000,ERR1018281_2.fastq.gz,ERR1018281,44e562bc,671849000,51,DNA,1000,671849,True,0.8523979773630009,0.9547095801633076,0.9035537787631542,0.9547095801633076,False,247,924175,2152301,d__Bacteria;p__Bacillota;c__Bacilli;o__Lactobacillales;f__Streptococcaceae;g__Streptococcus;s__Streptococcus salivarius
233000,0.00034680411818727126,0.05660927925299095,0.00028875536020742755,0.00010500390047674559,1.1649484536082475,1.0,0.4907476385736868,/tmp/nxf.XXXXpgkODl/sourmash_database/gtdb-rs214-reps.k51.zip,"GCA_001916965.1 Roseburia sp. CAG:10041_57, ASM191696v1",143f00408561c1dbbe45b48e518f5dbc,0.06798949518529326,194000,227,30329000,ERR1018281_2.fastq.gz,ERR1018281,44e562bc,671849000,51,DNA,1000,671849,True,0.855378863567766,0.9486515098978912,0.9020151867328285,0.9486515098978912,False,226,924401,2152301,d__Bacteria;p__Bacillota_A;c__Clostridia;o__Lachnospirales;f__Lachnospiraceae;g__COE1;s__COE1 sp001916965
645000,0.0009600371512051071,0.07084870848708487,0.0002857785008238458,0.00027691294108026713,3.1041666666666665,2.0,6.885188158084151,/tmp/nxf.XXXXpgkODl/sourmash_database/gtdb-rs214-reps.k51.zip,"GCF_003464165.1 Eubacterium sp. AM49-13BH strain=AM49-13BH, ASM346416v1",da82fc00386d73af7dc3628b35cb8147,0.23800738007380073,192000,228,30137000,ERR1018281_2.fastq.gz,ERR1018281,44e562bc,671849000,51,DNA,1000,671849,True,0.8726280666524499,0.9722462636348416,0.9224371651436457,0.9722462636348416,False,596,924997,2152301,d__Bacteria;p__Bacillota_A;c__Clostridia;o__Lachnospirales;f__Lachnospiraceae;g__Lachnospira;s__Lachnospira sp003451515
658000,0.0009793867371983883,0.0421216848673947,0.00028131321174847324,0.0029103735955147538,33.142857142857146,22.0,94.50783520210406,/tmp/nxf.XXXXpgkODl/sourmash_database/gtdb-rs214-reps.k51.zip,"GCF_002965065.1 Escherichia sp. MOD1-EC7003 strain=MOD1-EC7003, ASM296506v1",10464a15002925b3d236f1c4c1df1115,0.14664586583463338,189000,229,29948000,ERR1018281_2.fastq.gz,ERR1018281,44e562bc,671849000,51,DNA,1000,671849,True,0.8729695639798869,0.9630577921520944,0.9180136780659907,0.9630577921520944,False,6264,931261,2152301,d__Bacteria;p__Pseudomonadota;c__Gammaproteobacteria;o__Enterobacterales;f__Enterobacteriaceae;g__Escherichia;s__Escherichia sp002965065
549000,0.0008171479007931841,0.0822096563723358,0.00028131321174847324,0.0002388141807302975,2.7195767195767195,2.0,1.7550193567384962,/tmp/nxf.XXXXpgkODl/sourmash_database/gtdb-rs214-reps.k51.zip,"GCF_003469205.1 Collinsella sp. AM33-4BH strain=AM33-4BH, ASM346920v1",987691072070501832f29aeb87acf850,0.2387994780339278,189000,230,29759000,ERR1018281_2.fastq.gz,ERR1018281,44e562bc,671849000,51,DNA,1000,671849,True,0.8698750528117815,0.9723096049461478,0.9210923288789646,0.9723096049461478,False,514,931775,2152301,d__Bacteria;p__Actinomycetota;c__Coriobacteriia;o__Coriobacteriales;f__Coriobacteriaceae;g__Collinsella;s__Collinsella sp003469205
504000,0.0007501685646625953,0.07384131971720345,0.0002798247820566824,0.0013947863240318153,15.96808510638298,7.0,91.05317035943008,/tmp/nxf.XXXXpgkODl/sourmash_database/gtdb-rs214-reps.k51.zip,"GCF_003436425.1 Eubacterium sp. TM05-53 strain=TM05-53, ASM343642v1",5c4484eeb25245e68395950e5580d5ad,0.19795758051846032,188000,231,29571000,ERR1018281_2.fastq.gz,ERR1018281,44e562bc,671849000,51,DNA,1000,671849,True,0.8684175770378643,0.9687401435507095,0.9185788602942868,0.9687401435507095,False,3002,934777,2152301,d__Bacteria;p__Bacillota;c__Bacilli;o__Erysipelotrichales;f__Erysipelotrichaceae;g__Holdemanella;s__Holdemanella sp003436425
342000,0.0005090429545924754,0.05303678357570573,0.00027684792267310067,0.00020907856289617484,2.4193548387096775,1.0,7.4837782715801735,/tmp/nxf.XXXXpgkODl/sourmash_database/gtdb-rs214-reps.k51.zip,"GCA_025146135.1 Anaerotruncus colihominis strain=DSM 17241, ASM2514613v1",d4c81fd5b63eb7bae5e575a1f46bd25b,0.09751924721984602,186000,232,29385000,ERR1018281_2.fastq.gz,ERR1018281,44e562bc,671849000,51,DNA,1000,671849,True,0.8618398226535205,0.9553846119319085,0.9086122172927145,0.9553846119319085,False,450,935227,2152301,d__Bacteria;p__Bacillota_A;c__Clostridia;o__Oscillospirales;f__Ruminococcaceae;g__Anaerotruncus;s__Anaerotruncus colihominis
496000,0.0007382611271282685,0.05138121546961326,0.00027684792267310067,0.0005194440740398299,6.010752688172043,3.0,14.1151140101482,/tmp/nxf.XXXXpgkODl/sourmash_database/gtdb-rs214-reps.k51.zip,"GCF_000265365.1 Alistipes finegoldii DSM 17242 strain=DSM 17242, ASM26536v1",32e9ec95ec567198d44d9d52c769243b,0.13701657458563535,186000,233,29199000,ERR1018281_2.fastq.gz,ERR1018281,44e562bc,671849000,51,DNA,1000,671849,True,0.8681451692292184,0.9617761038850073,0.9149606365571128,0.9617761038850073,False,1118,936345,2152301,d__Bacteria;p__Bacteroidota;c__Bacteroidia;o__Bacteroidales;f__Rikenellaceae;g__Alistipes;s__Alistipes finegoldii
495000,0.0007367726974364775,0.03550182306658991,0.0002753594929813098,0.0018148019259387976,21.113513513513514,11.0,33.9889184020573,/tmp/nxf.XXXXpgkODl/sourmash_database/gtdb-rs214-reps.k51.zip,"GCF_002849695.1 Bacteroides fragilis strain=Q1F2, ASM284969v1",bc7a4f77aeb51207056cf8a77a441aca,0.09499136442141623,185000,234,29014000,ERR1018281_2.fastq.gz,ERR1018281,44e562bc,671849000,51,DNA,1000,671849,True,0.8681108158018205,0.9548927383872906,0.9115017770945555,0.9548927383872906,False,3906,940251,2152301,d__Bacteria;p__Bacteroidota;c__Bacteroidia;o__Bacteroidales;f__Bacteroidaceae;g__Bacteroides;s__Bacteroides fragilis_A
272000,0.0004048528761671149,0.0529994175888177,0.0002708942039059372,0.00020257389649496052,2.3956043956043955,1.0,7.521221435874177,/tmp/nxf.XXXXpgkODl/sourmash_database/gtdb-rs214-reps.k51.zip,"GCA_900757695.1 uncultured Oscillospiraceae bacterium, ERS537351_54",e7cc06956091bc684025be1146ca0542,0.07920792079207921,182000,235,28832000,ERR1018281_2.fastq.gz,ERR1018281,44e562bc,671849000,51,DNA,1000,671849,True,0.8579785221503818,0.9514965714229647,0.9047375467866733,0.9514965714229647,False,436,940687,2152301,d__Bacteria;p__Bacillota_A;c__Clostridia;o__Oscillospirales;f__Oscillospiraceae;g__HGM13006;s__HGM13006 sp900757695
289000,0.0004301561809275596,0.07436974789915966,0.0002634520554469829,0.00011057932882064358,1.344632768361582,1.0,0.9857097621498028,/tmp/nxf.XXXXpgkODl/sourmash_database/gtdb-rs214-reps.k51.zip,"GCA_003447295.1 Lachnospiraceae bacterium, ASM344729v1",2ea778b1d90b2a80e3eed8d1fdad1ce8,0.12142857142857143,177000,236,28655000,ERR1018281_2.fastq.gz,ERR1018281,44e562bc,671849000,51,DNA,1000,671849,True,0.858999023151304,0.9595011676125055,0.9092500953819047,0.9595011676125055,False,238,940925,2152301,d__Bacteria;p__Bacillota_A;c__Clostridia;o__Lachnospirales;f__Lachnospiraceae;g__Acetatifactor;s__Acetatifactor sp003447295
971000,0.0014452652307289286,0.04808475957620212,0.0002634520554469829,0.0001491427081992714,1.8135593220338984,1.0,1.1370679352698103,/tmp/nxf.XXXXpgkODl/sourmash_database/gtdb-rs214-reps.k51.zip,"GCF_013300825.1 Blautia wexlerae strain=MSK.20.46, ASM1330082v1",f0cfb5d5e2d9fea502197382ec21bc76,0.26378701439826135,177000,237,28478000,ERR1018281_2.fastq.gz,ERR1018281,44e562bc,671849000,51,DNA,1000,671849,True,0.879655651323844,0.9742087539523335,0.9269322026380888,0.9742087539523335,False,321,941246,2152301,d__Bacteria;p__Bacillota_A;c__Clostridia;o__Lachnospirales;f__Lachnospiraceae;g__Blautia_A;s__Blautia_A wexlerae_B
842000,0.0012532578004879073,0.04087829946274235,0.00026047519606340117,0.0003424242241210686,4.211428571428572,3.0,3.339099230850947,/tmp/nxf.XXXXpgkODl/sourmash_database/gtdb-rs214-reps.k51.zip,"GCF_004793765.1 Parabacteroides distasonis strain=NM39_I3, ASM479376v1",ff3b738a89ace1278481c115431047ce,0.19668301798645177,175000,238,28303000,ERR1018281_2.fastq.gz,ERR1018281,44e562bc,671849000,51,DNA,1000,671849,True,0.8772004215157877,0.96861745599606,0.9229089387559238,0.96861745599606,False,737,941983,2152301,d__Bacteria;p__Bacteroidota;c__Bacteroidia;o__Bacteroidales;f__Tannerellaceae;g__Parabacteroides;s__Parabacteroides distasonis_A
168000,0.00025005618822086513,0.12380250552689757,0.00025005618822086513,9.060071058834243e-05,1.1607142857142858,1.0,0.413036910936442,/tmp/nxf.XXXXpgkODl/sourmash_database/gtdb-rs214-reps.k51.zip,"GCA_000438355.1 Clostridium sp. CAG:273, MGS273",f35519dd77d1451c7ba35607b616b433,0.12380250552689757,168000,239,28135000,ERR1018281_2.fastq.gz,ERR1018281,44e562bc,671849000,51,DNA,1000,671849,True,0.8499106795585999,0.9598654972369459,0.9048880883977729,0.9598654972369459,False,195,942178,2152301,d__Bacteria;p__Bacillota_A;c__Clostridia;o__TANB77;f__CAG-508;g__CAG-273;s__CAG-273 sp000438355
166000,0.0002470793288372834,0.03281280885550504,0.0002470793288372834,8.456066321578626e-05,1.0963855421686748,1.0,0.35105547673092685,/tmp/nxf.XXXXpgkODl/sourmash_database/gtdb-rs214-reps.k51.zip,"GCA_003526375.1 Lentisphaeria bacterium, ASM352637v1",a3ac3f05b962a33acc599b5e8b177980,0.03281280885550504,166000,240,27969000,ERR1018281_2.fastq.gz,ERR1018281,44e562bc,671849000,51,DNA,1000,671849,True,0.8497111207812028,0.9351963689390677,0.8924537448601353,0.9351963689390677,False,182,942360,2152301,d__Bacteria;p__Verrucomicrobiota;c__Lentisphaeria;o__Victivallales;f__UBA1829;g__UBA11452;s__UBA11452 sp003526375
404000,0.000601325595483509,0.05585464333781965,0.0002470793288372834,9.478228184626593e-05,1.2289156626506024,1.0,0.6175213025898554,/tmp/nxf.XXXXpgkODl/sourmash_database/gtdb-rs214-reps.k51.zip,"GCA_025150085.1 Dorea longicatena strain=DSM 13814, ASM2515008v1",77e56408450c979b22420d0739bfd623,0.13593539703903096,166000,241,27803000,ERR1018281_2.fastq.gz,ERR1018281,44e562bc,671849000,51,DNA,1000,671849,True,0.86465983968494,0.9616267167751544,0.9131432782300473,0.9616267167751544,False,204,942564,2152301,d__Bacteria;p__Bacillota_A;c__Clostridia;o__Lachnospirales;f__Lachnospiraceae;g__Dorea_A;s__Dorea_A longicatena
513000,0.000763564431888713,0.08169291338582677,0.0002470793288372834,0.0026892149378734665,34.86746987951807,36.0,13.386984403883334,/tmp/nxf.XXXXpgkODl/sourmash_database/gtdb-rs214-reps.k51.zip,"GCF_002834225.1 Ruminococcus bromii strain=ATCC 27255, ASM283422v1",cc0d1920d867de31a7e6286955b7e12a,0.25246062992125984,166000,242,27637000,ERR1018281_2.fastq.gz,ERR1018281,44e562bc,671849000,51,DNA,1000,671849,True,0.8687190141233432,0.9733707850244863,0.9210448995739147,0.9733707850244863,False,5788,948352,2152301,d__Bacteria;p__Bacillota_A;c__Clostridia;o__Oscillospirales;f__Acutalibacteraceae;g__Ruminococcus_E;s__Ruminococcus_E bromii
608000,0.0009049652526088452,0.054294175715695954,0.0002455908991454925,0.0002634389892491803,3.4363636363636365,1.0,9.209541105990033,/tmp/nxf.XXXXpgkODl/sourmash_database/gtdb-rs214-reps.k51.zip,"GCF_003287405.1 Faecalibacterium prausnitzii strain=APC923/51-1, ASM328740v1",83658285655599b5c47e0b3e5c0720bf,0.20006581112207963,165000,243,27472000,ERR1018281_2.fastq.gz,ERR1018281,44e562bc,671849000,51,DNA,1000,671849,True,0.871617850236092,0.9689413888761299,0.9202796195561109,0.9689413888761299,False,567,948919,2152301,d__Bacteria;p__Bacillota_A;c__Clostridia;o__Oscillospirales;f__Ruminococcaceae;g__Faecalibacterium;s__Faecalibacterium prausnitzii_J
168000,0.00025005618822086513,0.11357340720221606,0.00024410246945370166,8.641913933041893e-05,1.1341463414634145,1.0,0.3582544102821556,/tmp/nxf.XXXXpgkODl/sourmash_database/gtdb-rs214-reps.k51.zip,"GCA_000431335.1 Clostridium sp. CAG:343, MGS343",493263a09796313a69f3e03dd584b703,0.11634349030470914,164000,244,27308000,ERR1018281_2.fastq.gz,ERR1018281,44e562bc,671849000,51,DNA,1000,671849,True,0.8499106795585999,0.958696666809082,0.904303673183841,0.958696666809082,False,186,949105,2152301,d__Bacteria;p__Bacillota_A;c__Clostridia;o__TANB77;f__CAG-508;g__CAG-269;s__CAG-269 sp000431335
543000,0.000808217322642439,0.03727565577542568,0.00024112561007011993,0.00012730561385233756,1.691358024691358,1.0,2.3420049198620028,/tmp/nxf.XXXXpgkODl/sourmash_database/gtdb-rs214-reps.k51.zip,"GCA_900754605.1 uncultured Oscillospiraceae bacterium, ERS396504_64",f167964a7b0f7c95cf930e6cf86141da,0.12494247583985274,162000,245,27146000,ERR1018281_2.fastq.gz,ERR1018281,44e562bc,671849000,51,DNA,1000,671849,True,0.869687638440913,0.960038022016946,0.9148628302289294,0.960038022016946,False,274,949379,2152301,d__Bacteria;p__Bacillota_A;c__Clostridia;o__Oscillospirales;f__Oscillospiraceae;g__Lawsonibacter;s__Lawsonibacter sp900754605
397000,0.0005909065876409729,0.058059862964298596,0.00023963718037832906,0.001726524310493746,23.080745341614907,23.0,9.883781278626138,/tmp/nxf.XXXXpgkODl/sourmash_database/gtdb-rs214-reps.k51.zip,"GCF_900184965.1 Akkermansia muciniphila, Mouse_2_MG.fasta",f053d4e57f3245b4117b07a5ec7481ba,0.143166245943022,161000,246,26985000,ERR1018281_2.fastq.gz,ERR1018281,44e562bc,671849000,51,DNA,1000,671849,True,0.8643635563190556,0.9626044291562817,0.9134839927376687,0.9626044291562817,False,3716,953095,2152301,d__Bacteria;p__Verrucomicrobiota;c__Verrucomicrobiae;o__Verrucomicrobiales;f__Akkermansiaceae;g__Akkermansia;s__Akkermansia muciniphila_A
204000,0.0003036396571253362,0.06125574272588055,0.0002381487506865382,0.00010128694824748026,1.3625,1.0,2.5457992359964297,/tmp/nxf.XXXXpgkODl/sourmash_database/gtdb-rs214-reps.k51.zip,"GCA_902362435.1 Eubacteriaceae bacterium, MGYG-HGUT-00040",03375147e5383791b6b5d83ac9895a77,0.0781010719754977,160000,247,26825000,ERR1018281_2.fastq.gz,ERR1018281,44e562bc,671849000,51,DNA,1000,671849,True,0.853152439835523,0.9512340594883146,0.9021932496619188,0.9512340594883146,False,218,953313,2152301,d__Bacteria;p__Bacillota_A;c__Clostridia;o__Peptostreptococcales;f__Anaerovoracaceae;g__Lentihominibacter;s__Lentihominibacter sp900066305
160000,0.0002381487506865382,0.09603841536614646,0.0002381487506865382,7.991447292920461e-05,1.075,1.0,0.26339134382131846,/tmp/nxf.XXXXpgkODl/sourmash_database/gtdb-rs214-reps.k51.zip,"GCA_944393575.1 uncultured Clostridia bacterium, E40__bin13",639609e8af6d5ce66f850f2bd8b42d04,0.09603841536614646,160000,248,26665000,ERR1018281_2.fastq.gz,ERR1018281,44e562bc,671849000,51,DNA,1000,671849,True,0.8490979844084234,0.9550980115498044,0.9020979979791139,0.9550980115498044,False,172,953485,2152301,d__Bacteria;p__Bacillota_B;c__Dehalobacteriia;o__UBA4068;f__UBA4068;g__HGM13862;s__HGM13862 sp944393575
598000,0.0008900809556909365,0.031103286384976527,0.00023666032099474733,0.0008516466795304189,11.528301886792454,6.0,36.482064400230634,/tmp/nxf.XXXXpgkODl/sourmash_database/gtdb-rs214-reps.k51.zip,"GCA_900762515.1 uncultured Odoribacter sp., SRS144506_36",81ef5d08316e74d552edff3f0ef7eae3,0.11697965571205007,159000,249,26506000,ERR1018281_2.fastq.gz,ERR1018281,44e562bc,671849000,51,DNA,1000,671849,True,0.8713344645100329,0.9587991794820696,0.9150668219960513,0.9587991794820696,False,1833,955318,2152301,d__Bacteria;p__Bacteroidota;c__Bacteroidia;o__Bacteroidales;f__Marinifilaceae;g__Odoribacter;s__Odoribacter sp900762515
180000,0.00026791734452235547,0.04334787350054525,0.00023666032099474733,8.037909195786278e-05,1.0880503144654088,1.0,0.3784052567670773,/tmp/nxf.XXXXpgkODl/sourmash_database/gtdb-rs214-reps.k51.zip,"GCF_900048895.1 Neglecta timonensis strain=SN17, PRJEB12697",6933983707922d301378beabaa03b3c5,0.04907306434023991,159000,250,26347000,ERR1018281_2.fastq.gz,ERR1018281,44e562bc,671849000,51,DNA,1000,671849,True,0.8510612179667524,0.9426061270424825,0.8968336725046174,0.9426061270424825,False,173,955491,2152301,d__Bacteria;p__Bacillota_A;c__Clostridia;o__Oscillospirales;f__Acutalibacteraceae;g__Acutalibacter;s__Acutalibacter timonensis
530000,0.0007888677366491578,0.038555392874572963,0.00023517189130295646,0.00015611199362914387,2.1265822784810124,1.0,9.919763023669562,/tmp/nxf.XXXXpgkODl/sourmash_database/gtdb-rs214-reps.k51.zip,"GCA_000285855.2 Ruminococcus sp. JC304, ASM28585v2",d531218b22b575d3882f43062762ff19,0.12933138116154222,158000,251,26189000,ERR1018281_2.fastq.gz,ERR1018281,44e562bc,671849000,51,DNA,1000,671849,True,0.8692745102549926,0.9606881410725134,0.914981325663753,0.9606881410725134,False,336,955827,2152301,d__Bacteria;p__Bacillota_A;c__Clostridia;o__Lachnospirales;f__Lachnospiraceae;g__Blautia_A;s__Blautia_A sp000285855
333000,0.0004956470873663576,0.05524278676988036,0.0002336834616111656,0.00019281689689313903,2.643312101910828,1.0,6.381714262490141,/tmp/nxf.XXXXpgkODl/sourmash_database/gtdb-rs214-reps.k51.zip,"GCA_021029595.1 Oscillospiraceae bacterium MH27-2 strain=MH27-2, ASM2102959v1",9f80a4aa0c0cd140334b7bd48cda4f2a,0.1171710063335679,157000,252,26032000,ERR1018281_2.fastq.gz,ERR1018281,44e562bc,671849000,51,DNA,1000,671849,True,0.8613892785515307,0.95882990710863,0.9101095928300804,0.95882990710863,False,415,956242,2152301,d__Bacteria;p__Bacillota_A;c__Clostridia;o__Oscillospirales;f__Acutalibacteraceae;g__UBA1417;s__UBA1417 sp003531055
434000,0.0006459784862372349,0.05054871965414034,0.0002262413131522113,0.00021465399124007283,3.039473684210526,3.0,1.7691864728239555,/tmp/nxf.XXXXpgkODl/sourmash_database/gtdb-rs214-reps.k51.zip,"GCA_900546625.1 uncultured Lachnobacterium sp., UMGS904",d029c51d58fba6906b5997e7235cd048,0.14432989690721648,152000,253,25880000,ERR1018281_2.fastq.gz,ERR1018281,44e562bc,671849000,51,DNA,1000,671849,True,0.8658751103028589,0.9627572333331934,0.9143161718180262,0.9627572333331934,False,462,956704,2152301,d__Bacteria;p__Bacillota_A;c__Clostridia;o__Lachnospirales;f__Lachnospiraceae;g__Agathobacter;s__Agathobacter sp900546625
573000,0.0008528702133961649,0.034265103697024346,0.0002262413131522113,0.0004646190286581663,6.578947368421052,6.0,5.46703796905826,/tmp/nxf.XXXXpgkODl/sourmash_database/gtdb-rs214-reps.k51.zip,"GCF_004793475.1 Bacteroides sp. NM69_E16B strain=NM69_E16B, ASM479347v1",730b8c4779b5e70a64aaf299d1e2f789,0.12917042380522994,152000,254,25728000,ERR1018281_2.fastq.gz,ERR1018281,44e562bc,671849000,51,DNA,1000,671849,True,0.8706051547849537,0.9606646834359395,0.9156349191104466,0.9606646834359395,False,1000,957704,2152301,d__Bacteria;p__Bacteroidota;c__Bacteroidia;o__Bacteroidales;f__Bacteroidaceae;g__Bacteroides;s__Bacteroides sp002491635
152000,0.0002262413131522113,0.03826399589111454,0.0002217760240768387,6.969285429872495e-05,1.0067114093959733,1.0,0.08164781919863381,/tmp/nxf.XXXXpgkODl/sourmash_database/gtdb-rs214-reps.k51.zip,"GCF_900240215.1 Raoultibacter timonensis strain=Marseille-P3277, PRJEB23748",5764407bd7a9af27b5e0d9573f7d7477,0.03903441191576785,149000,255,25579000,ERR1018281_2.fastq.gz,ERR1018281,44e562bc,671849000,51,DNA,1000,671849,True,0.8482444326737469,0.9383855818468563,0.8933150072603016,0.9383855818468563,False,150,957854,2152301,d__Bacteria;p__Actinomycetota;c__Coriobacteriia;o__Coriobacteriales;f__Eggerthellaceae;g__Raoultibacter;s__Raoultibacter timonensis
430000,0.0006400247674700714,0.0853517877739331,0.00022028759438504783,0.0001310225660816029,1.9054054054054055,1.0,1.1409919690709025,/tmp/nxf.XXXXpgkODl/sourmash_database/gtdb-rs214-reps.k51.zip,"GCA_019424245.1 Clostridiales bacterium, ASM1942424v1",7d1b9c3f89392909132b61c986f59de4,0.24798154555940022,148000,256,25431000,ERR1018281_2.fastq.gz,ERR1018281,44e562bc,671849000,51,DNA,1000,671849,True,0.8657179202704219,0.9730291921158499,0.919373556193136,0.9730291921158499,False,282,958136,2152301,d__Bacteria;p__Bacillota_A;c__Clostridia;o__Lachnospirales;f__Lachnospiraceae;g__Lachnospira;s__Lachnospira sp019424245
654000,0.0009734330184312249,0.025267590805404458,0.0002143338756178844,9.849923407553126e-05,1.4722222222222223,1.0,0.9350018155392686,/tmp/nxf.XXXXpgkODl/sourmash_database/gtdb-rs214-reps.k51.zip,"GCF_009193295.2 Bacteroides sp. HF-5141 strain=HF-5141, ASM919329v2",3721df92a180486794aae56f491ab3c6,0.11475697490787858,144000,257,25287000,ERR1018281_2.fastq.gz,ERR1018281,44e562bc,671849000,51,DNA,1000,671849,True,0.8728651976378985,0.9584385995722638,0.9156518986050812,0.9584385995722638,False,212,958348,2152301,d__Bacteria;p__Bacteroidota;c__Bacteroidia;o__Bacteroidales;f__Bacteroidaceae;g__Bacteroides;s__Bacteroides luhongzhouii
209000,0.0003110818055842905,0.08451536643026004,0.00021284544592609352,0.00013427489928221007,2.020979020979021,1.0,2.962394919132583,/tmp/nxf.XXXXpgkODl/sourmash_database/gtdb-rs214-reps.k51.zip,"GCA_900546295.1 uncultured Clostridiales bacterium, UMGS870",8b33e4f40f2fb468b400a248bcd830be,0.1235224586288416,143000,258,25144000,ERR1018281_2.fastq.gz,ERR1018281,44e562bc,671849000,51,DNA,1000,671849,True,0.8535576037252824,0.9598228762447365,0.9066902399850094,0.9598228762447365,False,289,958637,2152301,d__Bacteria;p__Bacillota_A;c__Clostridia;o__Oscillospirales;f__Oscillospiraceae;g__ER4;s__ER4 sp900546295
147000,0.00021879916469325696,0.04196217494089834,0.00021135701623430266,7.108671138469944e-05,1.0774647887323943,1.0,0.3949316871214071,/tmp/nxf.XXXXpgkODl/sourmash_database/gtdb-rs214-reps.k51.zip,"GCF_003634345.1 Coprobacter fastidiosus NSB1 strain=NSB1, ASM363434v1",58ec96ce220b2f57fe8e2071bbb29a1d,0.04343971631205674,142000,259,25002000,ERR1018281_2.fastq.gz,ERR1018281,44e562bc,671849000,51,DNA,1000,671849,True,0.8476883008676567,0.9403551374290952,0.8940217191483759,0.9403551374290952,False,153,958790,2152301,d__Bacteria;p__Bacteroidota;c__Bacteroidia;o__Bacteroidales;f__Coprobacteraceae;g__Coprobacter;s__Coprobacter fastidiosus
508000,0.0007561222834297587,0.03177822853279243,0.0002098685865425118,0.0003298795103472981,5.035460992907802,2.0,9.680287308553297,/tmp/nxf.XXXXpgkODl/sourmash_database/gtdb-rs214-reps.k51.zip,"GCA_900758315.1 uncultured Oscillospiraceae bacterium, ERS608503_14",9d2c577135181908133b3caca3c8e46e,0.11449177372098264,141000,260,24861000,ERR1018281_2.fastq.gz,ERR1018281,44e562bc,671849000,51,DNA,1000,671849,True,0.8685521952517945,0.9583951202317801,0.9134736577417872,0.9583951202317801,False,710,959500,2152301,d__Bacteria;p__Bacillota_A;c__Clostridia;o__Oscillospirales;f__Oscillospiraceae;g__Onthomonas;s__Onthomonas sp900758315
141000,0.0002098685865425118,0.060282171868319794,0.0002098685865425118,7.062209235604127e-05,1.0780141843971631,1.0,0.2934490902918752,/tmp/nxf.XXXXpgkODl/sourmash_database/gtdb-rs214-reps.k51.zip,"GCA_944392655.1 uncultured Victivallaceae bacterium, BRZ_AG__bin40",342ce6d02dbdd04c677f49068d29aa9c,0.060282171868319794,141000,261,24720000,ERR1018281_2.fastq.gz,ERR1018281,44e562bc,671849000,51,DNA,1000,671849,True,0.846995927755648,0.946416133585512,0.8967060306705801,0.946416133585512,False,152,959652,2152301,d__Bacteria;p__Verrucomicrobiota;c__Lentisphaeria;o__Victivallales;f__Victivallaceae;g__CALXXL01;s__CALXXL01 sp944392655
223000,0.0003319198212693626,0.037598052474979715,0.00020689172715893006,0.0005631182627336976,8.719424460431656,6.0,9.077625887592259,/tmp/nxf.XXXXpgkODl/sourmash_database/gtdb-rs214-reps.k51.zip,"GCA_022835495.1 Oscillospiraceae bacterium strain=CE91-St44, ASM2283549v1",8415d28ee44022357d217708aad93df2,0.0603191777116581,139000,262,24581000,ERR1018281_2.fastq.gz,ERR1018281,44e562bc,671849000,51,DNA,1000,671849,True,0.8546434419967176,0.9464275219856896,0.9005354819912036,0.9464275219856896,False,1212,960864,2152301,d__Bacteria;p__Bacillota_A;c__Clostridia;o__Oscillospirales;f__Ruminococcaceae;g__Fournierella;s__Fournierella sp900543285
160000,0.0002381487506865382,0.037978142076502734,0.00020689172715893006,8.037909195786278e-05,1.2446043165467626,1.0,0.9122801429725098,/tmp/nxf.XXXXpgkODl/sourmash_database/gtdb-rs214-reps.k51.zip,"GCA_900546265.1 uncultured Ruminococcaceae bacterium, UMGS856",335803e2c199c0eab984f2e9ae1369b0,0.04371584699453552,139000,263,24442000,ERR1018281_2.fastq.gz,ERR1018281,44e562bc,671849000,51,DNA,1000,671849,True,0.8490979844084234,0.9404719796238795,0.8947849820161515,0.9404719796238795,False,173,961037,2152301,d__Bacteria;p__Bacillota_A;c__Clostridia;o__Oscillospirales;f__Acutalibacteraceae;g__UMGS856;s__UMGS856 sp900546265
472000,0.0007025388145252877,0.03918804623625599,0.00020689172715893006,0.00014217342276939888,2.2014388489208634,1.0,2.23825425329109,/tmp/nxf.XXXXpgkODl/sourmash_database/gtdb-rs214-reps.k51.zip,"GCF_013304825.1 Blautia schinkii strain=MSK.6.26, ASM1330482v1",d25869072b8c7713d9c8a4a490359717,0.13307020016915702,139000,264,24303000,ERR1018281_2.fastq.gz,ERR1018281,44e562bc,671849000,51,DNA,1000,671849,True,0.8673013179498885,0.9612251246248348,0.9142632212873616,0.9612251246248348,False,306,961343,2152301,d__Bacteria;p__Bacillota_A;c__Clostridia;o__Lachnospirales;f__Lachnospiraceae;g__Blautia_A;s__Blautia_A schinkii
231000,0.0003438272588036895,0.04611242006058566,0.00020391486777534832,0.0001877060875778992,2.948905109489051,1.0,7.557392250858198,/tmp/nxf.XXXXpgkODl/sourmash_database/gtdb-rs214-reps.k51.zip,"GCA_003477405.1 Ruminococcaceae bacterium AM07-15 strain=AM07-15, ASM347740v1",a557ffa873f8062f83bdc69d54a790b1,0.07775159878828677,137000,265,24166000,ERR1018281_2.fastq.gz,ERR1018281,44e562bc,671849000,51,DNA,1000,671849,True,0.8552342875247466,0.9511504167087257,0.9031923521167362,0.9511504167087257,False,404,961747,2152301,d__Bacteria;p__Bacillota_A;c__Clostridia;o__Oscillospirales;f__Butyricicoccaceae;g__Pseudobutyricicoccus;s__Pseudobutyricicoccus sp003477405
371000,0.0005522074156544104,0.04667802385008518,0.00020391486777534832,0.00010361004339077108,1.6277372262773722,1.0,2.597042954233228,/tmp/nxf.XXXXpgkODl/sourmash_database/gtdb-rs214-reps.k51.zip,"GCF_003574295.1 Mediterraneibacter butyricigenes strain=KCTC 15684, ASM357429v1",59b07feb1014e1f9295a29c21c214382,0.12640545144804088,137000,266,24029000,ERR1018281_2.fastq.gz,ERR1018281,44e562bc,671849000,51,DNA,1000,671849,True,0.863216338121803,0.9602571836365503,0.9117367608791767,0.9602571836365503,False,223,961970,2152301,d__Bacteria;p__Bacillota_A;c__Clostridia;o__Lachnospirales;f__Lachnospiraceae;g__Mediterraneibacter_A;s__Mediterraneibacter_A butyricigenes
299000,0.0004450404778454682,0.06597222222222222,0.00019796114900818488,0.0005677644530202792,9.18796992481203,2.0,11.964326911079693,/tmp/nxf.XXXXpgkODl/sourmash_database/gtdb-rs214-reps.k51.zip,"GCA_900545495.1 uncultured Clostridiales bacterium, UMGS785",8a5206463096ec0f2c1ea5850680a793,0.14831349206349206,133000,267,23896000,ERR1018281_2.fastq.gz,ERR1018281,44e562bc,671849000,51,DNA,1000,671849,True,0.8595721646882835,0.9632713430888777,0.9114217538885806,0.9632713430888777,False,1222,963192,2152301,d__Bacteria;p__Bacillota_A;c__Clostridia;o__Oscillospirales;f__Oscillospiraceae;g__Vescimonas;s__Vescimonas sp900545495
362000,0.0005388115484282926,0.04356435643564356,0.00019647271931639402,0.00012730561385233756,2.0757575757575757,1.0,4.261563968355046,/tmp/nxf.XXXXpgkODl/sourmash_database/gtdb-rs214-reps.k51.zip,"GCF_023347255.1 Faecalibacterium sp. I4384 strain=I4384, ASM2334725v1",1ea2dc0eabe05329a021ee2c38093f28,0.11947194719471947,132000,268,23764000,ERR1018281_2.fastq.gz,ERR1018281,44e562bc,671849000,51,DNA,1000,671849,True,0.8628007766518796,0.9591955943110959,0.9109981854814877,0.9591955943110959,False,274,963466,2152301,d__Bacteria;p__Bacillota_A;c__Clostridia;o__Oscillospirales;f__Ruminococcaceae;g__Faecalibacterium;s__Faecalibacterium prausnitzii_D
264000,0.00039294543863278804,0.037399309551208286,0.00019349585993281229,0.00010918547173466909,1.8076923076923077,1.0,5.970563887615196,/tmp/nxf.XXXXpgkODl/sourmash_database/gtdb-rs214-reps.k51.zip,"GCF_008121495.1 [Ruminococcus] gnavus ATCC 29149 strain=JCM6515, ASM812149v1",c0af2b4fd1a1fb3c5fc7e5a29e4fe5d1,0.0759493670886076,130000,269,23634000,ERR1018281_2.fastq.gz,ERR1018281,44e562bc,671849000,51,DNA,1000,671849,True,0.8574764494779239,0.9507131331953955,0.9040947913366597,0.9507131331953955,False,235,963701,2152301,d__Bacteria;p__Bacillota_A;c__Clostridia;o__Lachnospirales;f__Lachnospiraceae;g__Ruminococcus_B;s__Ruminococcus_B gnavus
170000,0.0002530330476044468,0.04246978111728193,0.00019349585993281229,6.736975915543411e-05,1.1153846153846154,1.0,0.34271799092223787,/tmp/nxf.XXXXpgkODl/sourmash_database/gtdb-rs214-reps.k51.zip,"GCF_009696065.1 Lachnospiraceae bacterium BSM-380-WT-5A strain=BSM-380-WT-5A, ASM969606v1",73677b2e91ab00f52564bad2dbf630bb,0.055537406076445604,130000,270,23504000,ERR1018281_2.fastq.gz,ERR1018281,44e562bc,671849000,51,DNA,1000,671849,True,0.8501079226768057,0.9448960450455133,0.8975019838611595,0.9448960450455133,False,145,963846,2152301,d__Bacteria;p__Bacillota_A;c__Clostridia;o__Lachnospirales;f__Lachnospiraceae;g__Oliverpabstia;s__Oliverpabstia intestinalis
170000,0.0002530330476044468,0.03266649784755634,0.00019200743024102142,6.783437818409228e-05,1.1317829457364341,1.0,0.4554552192734382,/tmp/nxf.XXXXpgkODl/sourmash_database/gtdb-rs214-reps.k51.zip,"GCF_014337215.1 Wansuia hejianensis strain=NSJ-29, ASM1433721v1",79351de4bdbc3104225067f8ba632406,0.04304887313243859,129000,271,23375000,ERR1018281_2.fastq.gz,ERR1018281,44e562bc,671849000,51,DNA,1000,671849,True,0.8501079226768057,0.9401885048488319,0.8951482137628188,0.9401885048488319,False,146,963992,2152301,d__Bacteria;p__Bacillota_A;c__Clostridia;o__Lachnospirales;f__Lachnospiraceae;g__Scatomonas;s__Scatomonas hejianensis
280000,0.00041676031370144185,0.08258064516129032,0.00019051900054923055,0.00031361784434426223,5.2734375,5.0,4.930318897758415,/tmp/nxf.XXXXpgkODl/sourmash_database/gtdb-rs214-reps.k51.zip,"GCA_934572355.1 uncultured Oscillospiraceae bacterium, ERR7746217_bin.185",56a926d1759aebceeb52679705d5d6f5,0.18064516129032257,128000,272,23247000,ERR1018281_2.fastq.gz,ERR1018281,44e562bc,671849000,51,DNA,1000,671849,True,0.8584663212371377,0.9670033248404305,0.9127348230387842,0.9670033248404305,False,675,964667,2152301,d__Bacteria;p__Bacillota_A;c__Clostridia;o__Oscillospirales;f__Oscillospiraceae;g__Limivicinus;s__Limivicinus sp934572355
405000,0.0006028140251752998,0.04359861591695502,0.00018754214116564882,0.00010779161464869458,1.8412698412698412,2.0,1.1013173815048674,/tmp/nxf.XXXXpgkODl/sourmash_database/gtdb-rs214-reps.k51.zip,"GCF_011405655.1 Adlercreutzia sp. 8CFCBH1 strain=8CFCBH1, ASM1140565v1",86e8ff01f78dff920413aaf9a95a3bfa,0.14013840830449828,126000,273,23121000,ERR1018281_2.fastq.gz,ERR1018281,44e562bc,671849000,51,DNA,1000,671849,True,0.8647017544786724,0.9622010512805981,0.9134514028796352,0.9622010512805981,False,232,964899,2152301,d__Bacteria;p__Actinomycetota;c__Coriobacteriia;o__Coriobacteriales;f__Eggerthellaceae;g__Adlercreutzia;s__Adlercreutzia hattorii
293000,0.0004361098996947231,0.03537803138373752,0.00018456528178206711,0.0010876731460887673,18.879032258064516,15.0,24.760658422487243,/tmp/nxf.XXXXpgkODl/sourmash_database/gtdb-rs214-reps.k51.zip,"GCA_022728415.1 Collinsella sp., ASM2272841v1",f6aa1a5c3b6ba84a8235617fbaa0eb23,0.08359486447931526,124000,274,22997000,ERR1018281_2.fastq.gz,ERR1018281,44e562bc,671849000,51,DNA,1000,671849,True,0.8592305785244183,0.9525028123181813,0.9058666954212998,0.9525028123181813,False,2341,967240,2152301,d__Bacteria;p__Actinomycetota;c__Coriobacteriia;o__Coriobacteriales;f__Coriobacteriaceae;g__Collinsella;s__Collinsella sp022728415
149000,0.0002217760240768387,0.05503772747447847,0.00018456528178206711,7.43390445853066e-05,1.2903225806451613,1.0,1.075940650332769,/tmp/nxf.XXXXpgkODl/sourmash_database/gtdb-rs214-reps.k51.zip,"GCA_900549705.1 uncultured Clostridiales bacterium, UMGS1211",9ba3cbbbb72a41cc913581b8ca111114,0.06613404349755882,124000,275,22873000,ERR1018281_2.fastq.gz,ERR1018281,44e562bc,671849000,51,DNA,1000,671849,True,0.847912946739665,0.948136967613415,0.89802495717654,0.948136967613415,False,160,967400,2152301,d__Bacteria;p__Bacillota_A;c__Clostridia;o__Oscillospirales;f__Oscillospiraceae;g__Faecousia;s__Faecousia sp900549705
442000,0.0006578859237715617,0.07061503416856492,0.00018456528178206711,0.00018863532563521553,3.274193548387097,2.5,2.276594477317365,/tmp/nxf.XXXXpgkODl/sourmash_database/gtdb-rs214-reps.k51.zip,"GCA_934569215.1 uncultured Oscillospiraceae bacterium, ERR7738659_bin.180",7e420044825704b4946b6886011d27c1,0.2517084282460137,124000,276,22749000,ERR1018281_2.fastq.gz,ERR1018281,44e562bc,671849000,51,DNA,1000,671849,True,0.8661852738841991,0.9733138363196312,0.9197495551019151,0.9733138363196312,False,406,967806,2152301,d__Bacteria;p__Bacillota_A;c__Clostridia;o__Oscillospirales;f__Oscillospiraceae;g__Faecousia;s__Faecousia sp934569215
546000,0.0008126826117178116,0.0207739989948065,0.00018456528178206711,0.00015564737460048572,2.7016129032258065,2.0,2.36568151099137,/tmp/nxf.XXXXpgkODl/sourmash_database/gtdb-rs214-reps.k51.zip,"GCF_900106755.1 Bacteroides faecis MAJ27 strain=MAJ27, IMG-taxon 2693429916 annotated assembly",29f2cc9d2d6e4b636e9cf811c74231fd,0.09147260847713184,124000,277,22625000,ERR1018281_2.fastq.gz,ERR1018281,44e562bc,671849000,51,DNA,1000,671849,True,0.8697815980171614,0.9541862590292608,0.9119839285232111,0.9541862590292608,False,335,968141,2152301,d__Bacteria;p__Bacteroidota;c__Bacteroidia;o__Bacteroidales;f__Bacteroidaceae;g__Bacteroides;s__Bacteroides faecis
389000,0.0005789991501066459,0.02933460529453852,0.00018307685209027625,0.00017190904060352153,3.008130081300813,1.0,5.482412285744636,/tmp/nxf.XXXXpgkODl/sourmash_database/gtdb-rs214-reps.k51.zip,"GCA_003478935.1 Firmicutes bacterium AF25-13AC strain=AF25-13AC, ASM347893v1",d970ffa55acdde4220eb605bb1fa656e,0.0927736704030527,123000,278,22502000,ERR1018281_2.fastq.gz,ERR1018281,44e562bc,671849000,51,DNA,1000,671849,True,0.8640186095885167,0.9544505361548441,0.9092345728716804,0.9544505361548441,False,370,968511,2152301,d__Bacteria;p__Bacillota_A;c__Clostridia;o__Lachnospirales;f__Lachnospiraceae;g__KLE1615;s__KLE1615 sp900066985
133000,0.00019796114900818488,0.05340859748154581,0.00018307685209027625,6.0865092754219786e-05,1.065040650406504,1.0,0.2776157899018516,/tmp/nxf.XXXXpgkODl/sourmash_database/gtdb-rs214-reps.k51.zip,"GCF_900104615.1 Phocea massiliensis strain=Marseille-P2769, PRJEB16353",1289625c0b95442b0f86edbca3d5ba8c,0.057750759878419454,123000,279,22379000,ERR1018281_2.fastq.gz,ERR1018281,44e562bc,671849000,51,DNA,1000,671849,True,0.8460264109483765,0.9456203672798192,0.8958233891140979,0.9456203672798192,False,131,968642,2152301,d__Bacteria;p__Bacillota_A;c__Clostridia;o__Oscillospirales;f__Ruminococcaceae;g__Phocea;s__Phocea massiliensis
192000,0.0002857785008238458,0.06811836962590731,0.00018158842239848538,0.00024020803781627198,4.237704918032787,1.0,8.345071460653793,/tmp/nxf.XXXXpgkODl/sourmash_database/gtdb-rs214-reps.k51.zip,"GCA_900547745.1 uncultured Clostridiales bacterium, UMGS1012",f5621652e83e8a82ec319185507100aa,0.10720268006700168,122000,280,22257000,ERR1018281_2.fastq.gz,ERR1018281,44e562bc,671849000,51,DNA,1000,671849,True,0.8521388846447415,0.9571597428972717,0.9046493137710065,0.9571597428972717,False,517,969159,2152301,d__Bacteria;p__Bacillota_A;c__Clostridia;o__Oscillospirales;f__Oscillospiraceae;g__Vescimonas;s__Vescimonas sp900547745
527000,0.0007844024475737852,0.025887890457851948,0.00018009999270669451,0.001109045621407043,19.727272727272727,21.0,10.427237061047032,/tmp/nxf.XXXXpgkODl/sourmash_database/gtdb-rs214-reps.k51.zip,"GCF_000026225.1 Escherichia fergusonii ATCC 35469 strain=ATCC 35469T, ASM2622v1",7dbe6010890b58df30d52f7c51938181,0.11275139067180145,121000,281,22136000,ERR1018281_2.fastq.gz,ERR1018281,44e562bc,671849000,51,DNA,1000,671849,True,0.8691777626931243,0.9581073129991865,0.9136425378461555,0.9581073129991865,False,2387,971546,2152301,d__Bacteria;p__Pseudomonadota;c__Gammaproteobacteria;o__Enterobacterales;f__Enterobacteriaceae;g__Escherichia;s__Escherichia fergusonii
654000,0.0009734330184312249,0.03919663103336573,0.00018009999270669451,0.00011336704299259257,2.0165289256198347,1.0,2.4929105133710086,/tmp/nxf.XXXXpgkODl/sourmash_database/gtdb-rs214-reps.k51.zip,"GCF_023347235.1 Faecalibacterium sp. I4179 strain=I4179, ASM2334723v1",907fa411823bfbb5be9253d5f9643455,0.2118561710398445,121000,282,22015000,ERR1018281_2.fastq.gz,ERR1018281,44e562bc,671849000,51,DNA,1000,671849,True,0.8728651976378985,0.9700298975473118,0.9214475475926052,0.9700298975473118,False,244,971790,2152301,d__Bacteria;p__Bacillota_A;c__Clostridia;o__Oscillospirales;f__Ruminococcaceae;g__Faecalibacterium;s__Faecalibacterium prausnitzii_A
129000,0.00019200743024102142,0.05811138014527845,0.00017861156301490365,6.272356886885246e-05,1.125,1.0,0.4195731958391368,/tmp/nxf.XXXXpgkODl/sourmash_database/gtdb-rs214-reps.k51.zip,"GCF_000381525.1 Peptostreptococcus anaerobius VPI 4330 = DSM 2949 strain=DSM 2949, ASM38152v1",448a7d279078b961e23d3e729ab8f72d,0.06246973365617434,120000,283,21895000,ERR1018281_2.fastq.gz,ERR1018281,44e562bc,671849000,51,DNA,1000,671849,True,0.8455199963994112,0.9470778498411603,0.8962989231202858,0.9470778498411603,False,135,971925,2152301,d__Bacteria;p__Bacillota_A;c__Clostridia;o__Peptostreptococcales;f__Peptostreptococcaceae;g__Peptostreptococcus;s__Peptostreptococcus anaerobius
119000,0.00017712313332311278,0.04411214953271028,0.00017563470363132191,5.7148140524954455e-05,1.0423728813559323,1.0,0.23984697793364249,/tmp/nxf.XXXXpgkODl/sourmash_database/gtdb-rs214-reps.k51.zip,"GCA_934630995.1 uncultured Eubacteriales bacterium, ERR7738546_bin.144",c235baecb0f9c368afca5fb49b423add,0.044485981308411214,118000,284,21777000,ERR1018281_2.fastq.gz,ERR1018281,44e562bc,671849000,51,DNA,1000,671849,True,0.8441833268597104,0.940794071641413,0.8924886992505617,0.940794071641413,False,123,972048,2152301,d__Bacteria;p__Bacillota_A;c__Clostridia;o__Oscillospirales;f__Acutalibacteraceae;g__CAKTXU01;s__CAKTXU01 sp934630995
122000,0.00018158842239848538,0.05516596540439458,0.00017563470363132191,5.900661663958712e-05,1.076271186440678,1.0,0.3482834336955004,/tmp/nxf.XXXXpgkODl/sourmash_database/gtdb-rs214-reps.k51.zip,"GCF_000186445.1 Streptococcus agalactiae ATCC 13813 strain=ATCC 13813, ASM18644v1",4eb9a33f5ee67f92b81a2aecac93f7b5,0.05703599812996728,118000,285,21659000,ERR1018281_2.fastq.gz,ERR1018281,44e562bc,671849000,51,DNA,1000,671849,True,0.8445955470396665,0.9453894806747309,0.8949925138571988,0.9453894806747309,False,127,972175,2152301,d__Bacteria;p__Bacillota;c__Bacilli;o__Lactobacillales;f__Streptococcaceae;g__Streptococcus;s__Streptococcus agalactiae
328000,0.0004882049389074033,0.03695584090197307,0.00017563470363132191,0.00016308127905901638,2.9745762711864407,2.0,2.5125510852611757,/tmp/nxf.XXXXpgkODl/sourmash_database/gtdb-rs214-reps.k51.zip,"GCF_900167555.1 Gemmiger formicilis strain=ATCC 27749, IMG-taxon 2590828806 annotated assembly",316f66857e7940a11e48de3faf3d397d,0.10272471030378955,118000,286,21541000,ERR1018281_2.fastq.gz,ERR1018281,44e562bc,671849000,51,DNA,1000,671849,True,0.8611337898519458,0.9563592812735459,0.9087465355627458,0.9563592812735459,False,351,972526,2152301,d__Bacteria;p__Bacillota_A;c__Clostridia;o__Oscillospirales;f__Ruminococcaceae;g__Gemmiger;s__Gemmiger formicilis
279000,0.00041527188400965095,0.03217821782178218,0.00017414627393953105,7.43390445853066e-05,1.3675213675213675,1.0,2.247879496870197,/tmp/nxf.XXXXpgkODl/sourmash_database/gtdb-rs214-reps.k51.zip,"GCF_014385005.1 Jingyaoa shaoxingensis strain=NSJ-46, ASM1438500v1",b07d108a89af9145fdb5070a4ef3def3,0.07673267326732673,117000,287,21424000,ERR1018281_2.fastq.gz,ERR1018281,44e562bc,671849000,51,DNA,1000,671849,True,0.858406099052879,0.9509044267816432,0.9046552629172611,0.9509044267816432,False,160,972686,2152301,d__Bacteria;p__Bacillota_A;c__Clostridia;o__Lachnospirales;f__Lachnospiraceae;g__Marvinbryantia;s__Marvinbryantia shaoxingensis
561000,0.0008350090570946745,0.0516243880729862,0.00017265784424774018,0.00012591175676636307,2.336206896551724,2.0,1.3705269909986764,/tmp/nxf.XXXXpgkODl/sourmash_database/gtdb-rs214-reps.k51.zip,"GCF_002232035.1 Collinsella sp. TF06-26 strain=TF06-26, ASM223203v1",8b1d42f11c88dacf1f8482d3247680b8,0.24966622162883845,116000,288,21308000,ERR1018281_2.fastq.gz,ERR1018281,44e562bc,671849000,51,DNA,1000,671849,True,0.8702439318270793,0.9731583766500007,0.92170115423854,0.9731583766500007,False,271,972957,2152301,d__Bacteria;p__Actinomycetota;c__Coriobacteriia;o__Coriobacteriales;f__Coriobacteriaceae;g__Collinsella;s__Collinsella sp002232035
394000,0.0005864412985656003,0.03348864298194525,0.00017116941455594932,0.00010407466241942925,1.9478260869565218,1.0,3.5283780687223993,/tmp/nxf.XXXXpgkODl/sourmash_database/gtdb-rs214-reps.k51.zip,"GCA_902362725.1 Clostridiaceae bacterium, MGYG-HGUT-00051",e9b4c4dc99faf439ac298b177b82de44,0.1147350029120559,115000,289,21193000,ERR1018281_2.fastq.gz,ERR1018281,44e562bc,671849000,51,DNA,1000,671849,True,0.8642350066910243,0.9584350010408319,0.911335003865928,0.9584350010408319,False,224,973181,2152301,d__Bacteria;p__Bacillota_A;c__Clostridia;o__Lachnospirales;f__Lachnospiraceae;g__Merdisoma;s__Merdisoma sp900066385
276000,0.0004108065949342784,0.034211323039660915,0.0001681925551723676,7.062209235604127e-05,1.345132743362832,1.0,2.003403791623322,/tmp/nxf.XXXXpgkODl/sourmash_database/gtdb-rs214-reps.k51.zip,"GCF_000173975.1 Anaerobutyricum hallii DSM 3353 strain=DSM 3353, ASM17397v1",8fce16b2b7ed2405807ddf248dc6febb,0.08356039963669391,113000,290,21080000,ERR1018281_2.fastq.gz,ERR1018281,44e562bc,671849000,51,DNA,1000,671849,True,0.8582241544883349,0.9524951107249316,0.9053596326066333,0.9524951107249316,False,152,973333,2152301,d__Bacteria;p__Bacillota_A;c__Clostridia;o__Lachnospirales;f__Lachnospiraceae;g__Anaerobutyricum;s__Anaerobutyricum hallii
629000,0.0009362222761364532,0.056726907630522086,0.0001681925551723676,0.0005487150728452944,10.451327433628318,7.0,13.967085930442414,/tmp/nxf.XXXXpgkODl/sourmash_database/gtdb-rs214-reps.k51.zip,"GCF_009696075.1 Holdemanella biformis strain=LKV-472-APC-3, ASM969607v1",a84000c7ef58f47f4eafd654fbfc98c6,0.3157630522088353,113000,291,20967000,ERR1018281_2.fastq.gz,ERR1018281,44e562bc,671849000,51,DNA,1000,671849,True,0.8721983764623076,0.9776503388278309,0.9249243576450692,0.9776503388278309,False,1181,974514,2152301,d__Bacteria;p__Bacillota;c__Bacilli;o__Erysipelotrichales;f__Erysipelotrichaceae;g__Holdemanella;s__Holdemanella porci
481000,0.0007159346817514054,0.04414662987780844,0.00016670412548057674,0.00013148718511026106,2.5267857142857144,2.0,1.451352949028272,/tmp/nxf.XXXXpgkODl/sourmash_database/gtdb-rs214-reps.k51.zip,"GCA_900317585.1 uncultured Lachnospiraceae bacterium, Rumen uncultured genome RUG297",0518589c52670bbacf4727691dbe3dd7,0.18959400867165943,112000,292,20855000,ERR1018281_2.fastq.gz,ERR1018281,44e562bc,671849000,51,DNA,1000,671849,True,0.8676225898716264,0.9679205226333112,0.9177715562524689,0.9679205226333112,False,283,974797,2152301,d__Bacteria;p__Bacillota_A;c__Clostridia;o__Lachnospirales;f__Lachnospiraceae;g__Agathobacter;s__Agathobacter sp900317585
309000,0.0004599247747633769,0.049689440993788817,0.00016670412548057674,0.00010965009076332724,2.107142857142857,1.0,2.7753929672118463,/tmp/nxf.XXXXpgkODl/sourmash_database/gtdb-rs214-reps.k51.zip,"GCA_900544105.1 uncultured Oscillibacter sp., UMGS638",97aabf46d84332960d6a938cc0782613,0.1370896184560781,112000,293,20743000,ERR1018281_2.fastq.gz,ERR1018281,44e562bc,671849000,51,DNA,1000,671849,True,0.8601268131699824,0.9617861546938026,0.9109564839318924,0.9617861546938026,False,236,975033,2152301,d__Bacteria;p__Bacillota_A;c__Clostridia;o__Oscillospirales;f__Oscillospiraceae;g__Dysosmobacter;s__Dysosmobacter sp900544105
322000,0.00047927436075665813,0.07088607594936709,0.00016670412548057674,0.0001723736596321797,3.3125,3.0,2.5214481737400716,/tmp/nxf.XXXXpgkODl/sourmash_database/gtdb-rs214-reps.k51.zip,"GCA_900551745.1 uncultured Phascolarctobacterium sp., UMGS1431",5f46619b944482d3721dce26db7f0d2e,0.20379746835443038,112000,294,20631000,ERR1018281_2.fastq.gz,ERR1018281,44e562bc,671849000,51,DNA,1000,671849,True,0.8608221147757563,0.9692925575376373,0.9150573361566968,0.9692925575376373,False,371,975404,2152301,d__Bacteria;p__Bacillota_C;c__Negativicutes;o__Acidaminococcales;f__Acidaminococcaceae;g__Phascolarctobacterium;s__Phascolarctobacterium sp900551745
604000,0.0008990115338416817,0.02490549255058928,0.00016670412548057674,0.00012869947093831208,2.4732142857142856,1.5,2.936712877608263,/tmp/nxf.XXXXpgkODl/sourmash_database/gtdb-rs214-reps.k51.zip,"GCF_001688725.2 Bacteroides caecimuris strain=I48, ASM168872v2",ab6980b646c82f319e107747c493efa9,0.13431176339782078,112000,295,20519000,ERR1018281_2.fastq.gz,ERR1018281,44e562bc,671849000,51,DNA,1000,671849,True,0.8715050482413409,0.9614001755177284,0.9164526118795346,0.9614001755177284,False,277,975681,2152301,d__Bacteria;p__Bacteroidota;c__Bacteroidia;o__Bacteroidales;f__Bacteroidaceae;g__Bacteroides;s__Bacteroides caecimuris
324000,0.00048225122014023986,0.03452566096423017,0.00016521569578878588,7.944985390054644e-05,1.5405405405405406,1.0,0.9375431164502842,/tmp/nxf.XXXXpgkODl/sourmash_database/gtdb-rs214-reps.k51.zip,"GCA_934309345.1 uncultured Mediterraneibacter sp., ERR7738595_bin.190",136dc434e251d95d4ae62e9116676515,0.10077760497667185,111000,296,20408000,ERR1018281_2.fastq.gz,ERR1018281,44e562bc,671849000,51,DNA,1000,671849,True,0.8609266345504341,0.9560004975248011,0.9084635660376176,0.9560004975248011,False,171,975852,2152301,d__Bacteria;p__Bacillota_A;c__Clostridia;o__Lachnospirales;f__Lachnospiraceae;g__Mediterraneibacter;s__Mediterraneibacter sp934309345
231000,0.0003438272588036895,0.03713616594178655,0.00016521569578878588,0.00038935074601554334,7.54954954954955,1.0,16.589228426816437,/tmp/nxf.XXXXpgkODl/sourmash_database/gtdb-rs214-reps.k51.zip,"GCF_014384705.1 Yeguia hominis strain=NSJ-40, ASM1438470v1",d6b030e553b71add1da0225fe0a73349,0.07728337236533958,111000,297,20297000,ERR1018281_2.fastq.gz,ERR1018281,44e562bc,671849000,51,DNA,1000,671849,True,0.8552342875247466,0.9510377719809374,0.903136029752842,0.9510377719809374,False,838,976690,2152301,d__Bacteria;p__Bacillota_A;c__Clostridia;o__Oscillospirales;f__Acutalibacteraceae;g__Yeguia;s__Yeguia hominis
504000,0.0007501685646625953,0.02705385951849094,0.00016223883640520414,6.504666401214328e-05,1.2844036697247707,1.0,0.8137774995059335,/tmp/nxf.XXXXpgkODl/sourmash_database/gtdb-rs214-reps.k51.zip,"GCF_013304385.1 Blautia glucerasea strain=MSK.21.93, ASM1330438v1",703753835bf7918cf1f570a2e1d96c11,0.12509307520476545,109000,298,20188000,ERR1018281_2.fastq.gz,ERR1018281,44e562bc,671849000,51,DNA,1000,671849,True,0.8684175770378643,0.9600606984536602,0.9142391377457622,0.9600606984536602,False,140,976830,2152301,d__Bacteria;p__Bacillota_A;c__Clostridia;o__Lachnospirales;f__Lachnospiraceae;g__Blautia_A;s__Blautia_A sp900066505
208000,0.0003095933758924997,0.03343653250773994,0.00016075040671341328,0.0002824883694241651,5.62962962962963,2.0,7.9110712303059145,/tmp/nxf.XXXXpgkODl/sourmash_database/gtdb-rs214-reps.k51.zip,"GCA_004556545.1 Clostridiales bacterium, ASM455654v1",c71202e6db5c1137a51aa0b2459f0c0a,0.06439628482972136,108000,299,20080000,ERR1018281_2.fastq.gz,ERR1018281,44e562bc,671849000,51,DNA,1000,671849,True,0.8534773367289277,0.9476420633192877,0.9005597000241077,0.9476420633192877,False,608,977438,2152301,d__Bacteria;p__Bacillota_A;c__Clostridia;o__Christensenellales;f__CAG-74;g__Limiplasma;s__Limiplasma sp004556545
186000,0.00027684792267310067,0.05815831987075929,0.00016075040671341328,0.0003740183180698239,7.453703703703703,4.0,9.287969378258508,/tmp/nxf.XXXXpgkODl/sourmash_database/gtdb-rs214-reps.k51.zip,"GCA_900757415.1 uncultured Oscillospiraceae bacterium, ERS537327_109",a12db4d42fa4ad8e961d1401c2a4d79f,0.10016155088852989,108000,300,19972000,ERR1018281_2.fastq.gz,ERR1018281,44e562bc,671849000,51,DNA,1000,671849,True,0.8516085732496625,0.9558855638053319,0.9037470685274972,0.9558855638053319,False,805,978243,2152301,d__Bacteria;p__Bacillota_A;c__Clostridia;o__Oscillospirales;f__Oscillospiraceae;g__Vescimonas;s__Vescimonas sp900757415
130000,0.00019349585993281229,0.05347326336831584,0.0001592619770216224,8.13083300151791e-05,1.6355140186915889,1.0,3.270921226560527,/tmp/nxf.XXXXpgkODl/sourmash_database/gtdb-rs214-reps.k51.zip,"GCA_900544705.1 uncultured Clostridiales bacterium, UMGS700",386bf41e11678a772a23d8f5a59bb73d,0.06496751624187906,107000,301,19865000,ERR1018281_2.fastq.gz,ERR1018281,44e562bc,671849000,51,DNA,1000,671849,True,0.8456480285309417,0.9478061766608761,0.8967271025959089,0.9478061766608761,False,175,978418,2152301,d__Bacteria;p__Bacillota_A;c__Clostridia;o__Oscillospirales;f__Oscillospiraceae;g__Faecousia;s__Faecousia sp900544705
245000,0.0003646652744887616,0.04317998385794996,0.0001592619770216224,0.0002462480851888281,4.953271028037383,2.0,8.838512981847236,/tmp/nxf.XXXXpgkODl/sourmash_database/gtdb-rs214-reps.k51.zip,"GCF_021531315.1 Oscillibacter valericigenes strain=An907, ASM2153131v1",e3a0adb3601c06005d2da86cf1a2b756,0.09887005649717515,107000,302,19758000,ERR1018281_2.fastq.gz,ERR1018281,44e562bc,671849000,51,DNA,1000,671849,True,0.8562215709297283,0.9556423506647985,0.9059319607972633,0.9556423506647985,False,530,978948,2152301,d__Bacteria;p__Bacillota_A;c__Clostridia;o__Oscillospirales;f__Oscillospiraceae;g__ER4;s__ER4 sp900552375
515000,0.0007665412912722948,0.023441055985434684,0.00015330825825445897,0.0010639775756272009,22.233009708737864,20.0,18.62726047193269,/tmp/nxf.XXXXpgkODl/sourmash_database/gtdb-rs214-reps.k51.zip,"GCA_021307345.1 Escherichia coli strain=E69, ASM2130734v1",16da23244605ebeb4b38a016ebcc0853,0.11720527992717342,103000,303,19655000,ERR1018281_2.fastq.gz,ERR1018281,44e562bc,671849000,51,DNA,1000,671849,True,0.8687852957477127,0.9588354056641432,0.9138103507059279,0.9588354056641432,False,2290,981238,2152301,d__Bacteria;p__Pseudomonadota;c__Gammaproteobacteria;o__Enterobacterales;f__Enterobacteriaceae;g__Escherichia;s__Escherichia ruysiae
508000,0.0007561222834297587,0.023759608665269043,0.0001518198285626681,0.00023091565724310865,4.872549019607843,1.0,9.721284076228525,/tmp/nxf.XXXXpgkODl/sourmash_database/gtdb-rs214-reps.k51.zip,"GCA_003478355.1 Lachnospiraceae bacterium AM48-27BH strain=AM48-27BH, ASM347835v1",433e1a68da6bde78326b87e03c84a2e5,0.11833216864663405,102000,304,19553000,ERR1018281_2.fastq.gz,ERR1018281,44e562bc,671849000,51,DNA,1000,671849,True,0.8685521952517945,0.9590153213393231,0.9137837582955588,0.9590153213393231,False,497,981735,2152301,d__Bacteria;p__Bacillota_A;c__Clostridia;o__Lachnospirales;f__Lachnospiraceae;g__UBA3402;s__UBA3402 sp003478355
996000,0.0014824759730237003,0.015863141524105753,0.0001518198285626681,0.001111833335578992,23.46078431372549,3.0,102.59234688123932,/tmp/nxf.XXXXpgkODl/sourmash_database/gtdb-rs214-reps.k51.zip,"GCF_902364365.1 Bacteroides intestinalis, MGYG-HGUT-00211",e58638b934056e3a420bbf6ae66ef411,0.15489891135303266,102000,305,19451000,ERR1018281_2.fastq.gz,ERR1018281,44e562bc,671849000,51,DNA,1000,671849,True,0.8800942222044091,0.9640922581427667,0.922093240173588,0.9640922581427667,False,2393,984128,2152301,d__Bacteria;p__Bacteroidota;c__Bacteroidia;o__Bacteroidales;f__Bacteroidaceae;g__Bacteroides;s__Bacteroides sp900556215
348000,0.0005179735327432205,0.028304557033682422,0.00014884296917908637,0.0010184449108187005,21.92,24.5,14.37266850657873,/tmp/nxf.XXXXpgkODl/sourmash_database/gtdb-rs214-reps.k51.zip,"GCA_003573975.1 Clostridiales bacterium CCNA10 strain=CCNA10, ASM357397v1",00fa92bb3e4b24b2703f629c0d80feb8,0.09849985847721483,100000,306,19351000,ERR1018281_2.fastq.gz,ERR1018281,44e562bc,671849000,51,DNA,1000,671849,True,0.8621337727017746,0.9555720607718207,0.9088529167367976,0.9555720607718207,False,2192,986320,2152301,d__Bacteria;p__Bacillota_A;c__Clostridia;o__Oscillospirales;f__Oscillospiraceae;g__Lawsonibacter;s__Lawsonibacter sp900066825
190000,0.0002828016414402641,0.0511770726714432,0.00014884296917908637,8.456066321578626e-05,1.82,2.0,1.0037928073063682,/tmp/nxf.XXXXpgkODl/sourmash_database/gtdb-rs214-reps.k51.zip,"GCA_934234035.1 uncultured Clostridia bacterium, ERR7746048_bin.146",f87c22f4d9764e9022ebbe844f7ee8cf,0.09723643807574207,100000,307,19251000,ERR1018281_2.fastq.gz,ERR1018281,44e562bc,671849000,51,DNA,1000,671849,True,0.8519639417855496,0.9553302081232881,0.9036470749544188,0.9553302081232881,False,182,986502,2152301,d__Bacteria;p__Bacillota_A;c__Clostridia;o__Peptostreptococcales;f__Anaerovoracaceae;g__VUNA01;s__VUNA01 sp934234035
124000,0.00018456528178206711,0.045433685176686556,0.0001473545394872955,7.85206158432301e-05,1.707070707070707,1.0,2.06095263474862,/tmp/nxf.XXXXpgkODl/sourmash_database/gtdb-rs214-reps.k51.zip,"GCA_003525905.1 Clostridiales bacterium, ASM352590v1",68d740a918028a84a485245895b6166f,0.056906837999082145,99000,308,19152000,ERR1018281_2.fastq.gz,ERR1018281,44e562bc,671849000,51,DNA,1000,671849,True,0.844864875532123,0.9453474561733151,0.8951061658527191,0.9453474561733151,False,169,986671,2152301,d__Bacteria;p__Bacillota_A;c__Clostridia;o__Oscillospirales;f__Oscillospiraceae;g__Faecousia;s__Faecousia sp003525905
133000,0.00019796114900818488,0.030682529743268627,0.00014586610979550464,0.00012173018550843957,2.673469387755102,1.0,6.082385927873493,/tmp/nxf.XXXXpgkODl/sourmash_database/gtdb-rs214-reps.k51.zip,"GCA_000154345.1 [Clostridium] leptum DSM 753 strain=DSM 753, ASM15434v1",4168e6f0bd13abfda2f7edf9bd1ed5a9,0.04164057608015028,98000,309,19054000,ERR1018281_2.fastq.gz,ERR1018281,44e562bc,671849000,51,DNA,1000,671849,True,0.8460264109483765,0.9395755363680472,0.8928009736582119,0.9395755363680472,False,262,986933,2152301,d__Bacteria;p__Bacillota_A;c__Clostridia;o__Oscillospirales;f__Acutalibacteraceae;g__Clostridium_A;s__Clostridium_A leptum
361000,0.0005373231187365018,0.04718343765045739,0.00014586610979550464,6.179433081153612e-05,1.3571428571428572,1.0,1.090309823033839,/tmp/nxf.XXXXpgkODl/sourmash_database/gtdb-rs214-reps.k51.zip,"GCA_905215045.1 uncultured bacterium, ERR1600571-mag-bin.33",86fb6ba6c0b8bfe828c2fb7e65063883,0.1738083774675012,98000,310,18956000,ERR1018281_2.fastq.gz,ERR1018281,44e562bc,671849000,51,DNA,1000,671849,True,0.8627539793786455,0.9662720680295945,0.91451302370412,0.9662720680295945,False,133,987066,2152301,d__Bacteria;p__Bacillota_A;c__Clostridia;o__Lachnospirales;f__Lachnospiraceae;g__Anaerostipes;s__Anaerostipes sp905215045
105000,0.00015628511763804068,0.04962025316455696,0.00014586610979550464,4.971423606642379e-05,1.0918367346938775,1.0,0.3802988806853924,/tmp/nxf.XXXXpgkODl/sourmash_database/gtdb-rs214-reps.k51.zip,"GCF_000147675.1 Peptostreptococcus stomatis DSM 17678 strain=DSM 17678, ASM14767v1",6c2b8df880df15109c392f7d85a167b1,0.053164556962025315,98000,311,18858000,ERR1018281_2.fastq.gz,ERR1018281,44e562bc,671849000,51,DNA,1000,671849,True,0.8421140898137248,0.9440873967424859,0.8931007432781053,0.9440873967424859,False,107,987173,2152301,d__Bacteria;p__Bacillota_A;c__Clostridia;o__Peptostreptococcales;f__Peptostreptococcaceae;g__Peptostreptococcus;s__Peptostreptococcus stomatis
144000,0.0002143338756178844,0.03643876784372652,0.00014437768010371377,0.00022301713375591983,4.948453608247423,5.0,2.5092453131693278,/tmp/nxf.XXXXpgkODl/sourmash_database/gtdb-rs214-reps.k51.zip,"GCA_022009975.1 Phocaeicola vulgatus, ASM2200997v1",dba93bdfe7eb472a4f122248b63f06b4,0.054094665664913597,97000,312,18761000,ERR1018281_2.fastq.gz,ERR1018281,44e562bc,671849000,51,DNA,1000,671849,True,0.8473456499718266,0.9444085082107125,0.8958770790912696,0.9444085082107125,False,480,987653,2152301,d__Bacteria;p__Bacteroidota;c__Bacteroidia;o__Bacteroidales;f__Tannerellaceae;g__Parabacteroides;s__Parabacteroides sp900549585
107000,0.0001592619770216224,0.04006677796327212,0.0001428892504119229,6.736975915543411e-05,1.5104166666666667,1.0,4.771868064646056,/tmp/nxf.XXXXpgkODl/sourmash_database/gtdb-rs214-reps.k51.zip,"GCA_002320595.1 Catabacter sp. UBA1685, ASM232059v1",572e5179ff10a5c045e3e16b45e039e1,0.044657762938230386,96000,313,18665000,ERR1018281_2.fastq.gz,ERR1018281,44e562bc,671849000,51,DNA,1000,671849,True,0.8424257046402858,0.9408651696090401,0.8916454371246629,0.9408651696090401,False,145,987798,2152301,d__Bacteria;p__Bacillota_A;c__Clostridia;o__Christensenellales;f__CAG-138;g__UBA1685;s__UBA1685 sp002320595
267000,0.0003974107277081606,0.030729833546734954,0.0001428892504119229,0.00018073680214802668,4.052083333333333,4.0,2.9908533887597293,/tmp/nxf.XXXXpgkODl/sourmash_database/gtdb-rs214-reps.k51.zip,"GCF_024462815.1 Gemmiger formicilis strain=DFI.6.10, ASM2446281v1",56f45cdd9e9b1b6477bb6ce51d95b91e,0.0854673495518566,96000,314,18569000,ERR1018281_2.fastq.gz,ERR1018281,44e562bc,671849000,51,DNA,1000,671849,True,0.8576664529280694,0.952916630893367,0.9052915419107181,0.952916630893367,False,389,988187,2152301,d__Bacteria;p__Bacillota_A;c__Clostridia;o__Oscillospirales;f__Ruminococcaceae;g__Gemmiger;s__Gemmiger sp900554145
1182000,0.001759323895696801,0.013509629203794194,0.0001399123910283412,0.00012358866162307224,2.8297872340425534,2.0,1.9658699437098355,/tmp/nxf.XXXXpgkODl/sourmash_database/gtdb-rs214-reps.k51.zip,"GCF_000513195.1 Bacteroides timonensis, AP1",866b9dfffc66fc248b42c5707cded6b0,0.16987640126473125,94000,315,18475000,ERR1018281_2.fastq.gz,ERR1018281,44e562bc,671849000,51,DNA,1000,671849,True,0.8830538179514368,0.9658386256696009,0.9244462218105188,0.9658386256696009,False,266,988453,2152301,d__Bacteria;p__Bacteroidota;c__Bacteroidia;o__Bacteroidales;f__Bacteroidaceae;g__Bacteroides;s__Bacteroides timonensis
477000,0.000709980962984242,0.02776957163958641,0.0001399123910283412,6.736975915543411e-05,1.5425531914893618,1.0,1.0484526959673974,/tmp/nxf.XXXXpgkODl/sourmash_database/gtdb-rs214-reps.k51.zip,"GCF_013300725.1 Coprococcus comes strain=MSK.16.63, ASM1330072v1",ac305a84c034f5700b0fdcc2d12667f3,0.14091580502215656,94000,316,18381000,ERR1018281_2.fastq.gz,ERR1018281,44e562bc,671849000,51,DNA,1000,671849,True,0.8674805363118829,0.9623054278241323,0.9148929820680076,0.9623054278241323,False,145,988598,2152301,d__Bacteria;p__Bacillota_A;c__Clostridia;o__Lachnospirales;f__Lachnospiraceae;g__Bariatricus;s__Bariatricus comes_A
293000,0.0004361098996947231,0.03391684901531729,0.00013842396133655034,6.597590206945962e-05,1.5268817204301075,1.0,1.499759105025443,/tmp/nxf.XXXXpgkODl/sourmash_database/gtdb-rs214-reps.k51.zip,"GCA_019411365.1 Roseburia sp., ASM1941136v1",9223753a32795157af72a9c5b19f4369,0.10685630926331145,93000,317,18288000,ERR1018281_2.fastq.gz,ERR1018281,44e562bc,671849000,51,DNA,1000,671849,True,0.8592305785244183,0.9570990079511424,0.9081647932377803,0.9570990079511424,False,142,988740,2152301,d__Bacteria;p__Bacillota_A;c__Clostridia;o__Lachnospirales;f__Lachnospiraceae;g__Roseburia;s__Roseburia sp019411365
202000,0.0003006627977417545,0.045233463035019454,0.00013842396133655034,0.0001296287089956284,3.0,3.0,1.972935153085263,/tmp/nxf.XXXXpgkODl/sourmash_database/gtdb-rs214-reps.k51.zip,"GCA_934591895.1 uncultured Oscillospiraceae bacterium, ERR7738586_bin.212",2fd9e81b822ebc30b57316e43d57e9a7,0.09824902723735408,93000,318,18195000,ERR1018281_2.fastq.gz,ERR1018281,44e562bc,671849000,51,DNA,1000,671849,True,0.8529876418178223,0.9555242878300376,0.9042559648239299,0.9555242878300376,False,279,989019,2152301,d__Bacteria;p__Bacillota_A;c__Clostridia;o__Oscillospirales;f__Oscillospiraceae;g__CAG-103;s__CAG-103 sp934591895
758000,0.0011282297063774746,0.018867924528301886,0.00013842396133655034,0.0004265202683081967,9.870967741935484,11.0,5.844261603242232,/tmp/nxf.XXXXpgkODl/sourmash_database/gtdb-rs214-reps.k51.zip,"GCF_019583405.1 Bacteroides fragilis strain=S82, ASM1958340v1",688746506041d9beb5b737a2cbf12d0c,0.1537837289511057,93000,319,18102000,ERR1018281_2.fastq.gz,ERR1018281,44e562bc,671849000,51,DNA,1000,671849,True,0.8753946198984165,0.9639556793588726,0.9196751496286446,0.9639556793588726,False,918,989937,2152301,d__Bacteria;p__Bacteroidota;c__Bacteroidia;o__Bacteroidales;f__Bacteroidaceae;g__Bacteroides;s__Bacteroides fragilis_B
244000,0.00036317684479697076,0.04847207586933614,0.00013693553164475947,9.431766281760776e-05,2.2065217391304346,1.0,1.9141239537702295,/tmp/nxf.XXXXpgkODl/sourmash_database/gtdb-rs214-reps.k51.zip,"GCA_900552015.1 uncultured Clostridiales bacterium, UMGS1455",88395682eadfb389a747962856f864f7,0.1285563751317176,92000,320,18010000,ERR1018281_2.fastq.gz,ERR1018281,44e562bc,671849000,51,DNA,1000,671849,True,0.8561529083183413,0.9605749291087717,0.9083639187135566,0.9605749291087717,False,203,990140,2152301,d__Bacteria;p__Bacillota_A;c__Clostridia;o__Oscillospirales;f__Oscillospiraceae;g__ER4;s__ER4 sp900552015
171000,0.0002545214772962377,0.03345454545454545,0.00013693553164475947,5.575428343897996e-05,1.3043478260869565,1.0,1.2224274712616998,/tmp/nxf.XXXXpgkODl/sourmash_database/gtdb-rs214-reps.k51.zip,"GCA_902363805.1 Eubacteriaceae bacterium, MGYG-HGUT-00139",e74ba66b2eb158d7b14816b40f0c0a94,0.06218181818181818,92000,321,17918000,ERR1018281_2.fastq.gz,ERR1018281,44e562bc,671849000,51,DNA,1000,671849,True,0.8502056927008227,0.9469920682850729,0.8985988804929478,0.9469920682850729,False,120,990260,2152301,d__Bacteria;p__Bacillota_A;c__Clostridia;o__Lachnospirales;f__Lachnospiraceae;g__Eubacterium_G;s__Eubacterium_G sp000434315
92000,0.00013693553164475947,0.03620621802439984,0.00013693553164475947,4.924961703776563e-05,1.1521739130434783,1.0,0.3882732847715598,/tmp/nxf.XXXXpgkODl/sourmash_database/gtdb-rs214-reps.k51.zip,"GCA_934476685.1 uncultured Ruminococcus sp., ERR7745382_bin.46",a5e6458ebe115e85ae11553c1957b5fc,0.03620621802439984,92000,322,17826000,ERR1018281_2.fastq.gz,ERR1018281,44e562bc,671849000,51,DNA,1000,671849,True,0.8399344896297303,0.9370027086257946,0.8884685991277624,0.9370027086257946,False,106,990366,2152301,d__Bacteria;p__Bacillota_A;c__Clostridia;o__Oscillospirales;f__Ruminococcaceae;g__Ruminococcus_D;s__Ruminococcus_D sp934476685
308000,0.00045843634507158605,0.02826086956521739,0.0001354471019529686,6.411742595482695e-05,1.5164835164835164,1.0,2.4104289771996803,/tmp/nxf.XXXXpgkODl/sourmash_database/gtdb-rs214-reps.k51.zip,"GCF_020687205.1 Hominisplanchenecus faecis strain=CLA-AA-H246, ASM2068720v1",0a411542971e35712722644c0bed8e6b,0.09565217391304348,91000,323,17735000,ERR1018281_2.fastq.gz,ERR1018281,44e562bc,671849000,51,DNA,1000,671849,True,0.8600721463614156,0.9550225459062595,0.9075473461338375,0.9550225459062595,False,138,990504,2152301,d__Bacteria;p__Bacillota_A;c__Clostridia;o__Lachnospirales;f__Lachnospiraceae;g__Hominisplanchenecus;s__Hominisplanchenecus faecis
294000,0.0004375983293865139,0.027430661383724474,0.00013395867226117774,8.177294904383727e-05,1.9555555555555555,2.0,1.1245849714559994,/tmp/nxf.XXXXpgkODl/sourmash_database/gtdb-rs214-reps.k51.zip,"GCA_020860125.1 Cloacibacillus sp., ASM2086012v1",eaf1745b140de80e47d45546479e9845,0.08960682718683328,90000,324,17645000,ERR1018281_2.fastq.gz,ERR1018281,44e562bc,671849000,51,DNA,1000,671849,True,0.8592879830814364,0.9538007698365331,0.9065443764589847,0.9538007698365331,False,176,990680,2152301,d__Bacteria;p__Synergistota;c__Synergistia;o__Synergistales;f__Synergistaceae;g__Cloacibacillus;s__Cloacibacillus sp020860125
185000,0.0002753594929813098,0.013111888111888112,0.00013395867226117774,5.3431188295689124e-05,1.2777777777777777,1.0,0.8168745011427913,/tmp/nxf.XXXXpgkODl/sourmash_database/gtdb-rs214-reps.k51.zip,"GCF_003201875.1 Hungatella effluvii strain=DSM 24995, ASM320187v1",cf2a3220056f7a2960a252f7e48a83b8,0.026952214452214452,90000,325,17555000,ERR1018281_2.fastq.gz,ERR1018281,44e562bc,671849000,51,DNA,1000,671849,True,0.8515185604989229,0.9315954145935201,0.8915569875462215,0.9315954145935201,False,115,990795,2152301,d__Bacteria;p__Bacillota_A;c__Clostridia;o__Lachnospirales;f__Lachnospiraceae;g__Hungatella;s__Hungatella effluvii
580000,0.0008632892212387009,0.02221673660824488,0.00013395867226117774,0.00017144442157486338,4.1,2.0,5.744659355532851,/tmp/nxf.XXXXpgkODl/sourmash_database/gtdb-rs214-reps.k51.zip,"GCF_013304735.1 Blautia luti strain=MSK.16.34, ASM1330473v1",f94992f34c1453c8a3bbe507e60a272f,0.14317452480868922,90000,326,17465000,ERR1018281_2.fastq.gz,ERR1018281,44e562bc,671849000,51,DNA,1000,671849,True,0.8708124583749952,0.9626055205854793,0.9167089894802373,0.9626055205854793,False,369,991164,2152301,d__Bacteria;p__Bacillota_A;c__Clostridia;o__Lachnospirales;f__Lachnospiraceae;g__Blautia_A;s__Blautia_A sp900066205
98000,0.00014586610979550464,0.059571619812583666,0.00013247024256938687,5.389580732434729e-05,1.303370786516854,1.0,1.1258404539213798,/tmp/nxf.XXXXpgkODl/sourmash_database/gtdb-rs214-reps.k51.zip,"GCA_900557275.1 uncultured Roseburia sp., UMGS2025",d52be34c382842593134864997cae61c,0.06559571619812583,89000,327,17376000,ERR1018281_2.fastq.gz,ERR1018281,44e562bc,671849000,51,DNA,1000,671849,True,0.8409756469098267,0.9479850314967141,0.8944803392032704,0.9479850314967141,False,116,991280,2152301,d__Bacteria;p__Bacillota_A;c__Clostridia;o__Lachnospirales;f__Lachnospiraceae;g__Eubacterium_I;s__Eubacterium_I sp900557275
223000,0.0003319198212693626,0.044829342842587876,0.000130981812877596,0.0006277003077171827,15.352272727272727,15.0,8.560001822333165,/tmp/nxf.XXXXpgkODl/sourmash_database/gtdb-rs214-reps.k51.zip,"GCA_000435975.1 Oscillibacter sp. CAG:241, MGS241",69562c3cd3eb99b63b3b579067a35f6c,0.11360163015792155,88000,328,17288000,ERR1018281_2.fastq.gz,ERR1018281,44e562bc,671849000,51,DNA,1000,671849,True,0.8546434419967176,0.9582484571807645,0.906445949588741,0.9582484571807645,False,1351,992631,2152301,d__Bacteria;p__Bacillota_A;c__Clostridia;o__Oscillospirales;f__Oscillospiraceae;g__Vescimonas;s__Vescimonas sp000435975
608000,0.0009049652526088452,0.03096410978184377,0.000130981812877596,8.363142515846994e-05,2.0454545454545454,2.0,1.1372723639269822,/tmp/nxf.XXXXpgkODl/sourmash_database/gtdb-rs214-reps.k51.zip,"GCA_003458705.1 Eubacterium sp. AF22-9 strain=AF22-9, ASM345870v1",3c08fda7e2d5d877b90f3728c63b587d,0.2139338494018297,88000,329,17200000,ERR1018281_2.fastq.gz,ERR1018281,44e562bc,671849000,51,DNA,1000,671849,True,0.871617850236092,0.9702155380682509,0.9209166941521714,0.9702155380682509,False,180,992811,2152301,d__Bacteria;p__Bacillota_A;c__Clostridia;o__Lachnospirales;f__Lachnospiraceae;g__Lachnospira;s__Lachnospira sp003537285
217000,0.00032298924311861745,0.020904229460379193,0.00012800495349401427,0.00022952180015713415,5.744186046511628,4.0,5.094881258199659,/tmp/nxf.XXXXpgkODl/sourmash_database/gtdb-rs214-reps.k51.zip,"GCA_025146565.1 Bacteroides eggerthii strain=DSM 20697, ASM2514656v1",45ad3ec1bc53e1675a4c17a92223f768,0.05274671852211959,86000,330,17114000,ERR1018281_2.fastq.gz,ERR1018281,44e562bc,671849000,51,DNA,1000,671849,True,0.854186507280253,0.943941344957,0.8990639261186265,0.943941344957,False,494,993305,2152301,d__Bacteria;p__Bacteroidota;c__Bacteroidia;o__Bacteroidales;f__Bacteroidaceae;g__Bacteroides;s__Bacteroides eggerthii
564000,0.0008394743461700472,0.04018691588785047,0.00012800495349401427,0.00010500390047674559,2.627906976744186,2.0,2.5428719875044923,/tmp/nxf.XXXXpgkODl/sourmash_database/gtdb-rs214-reps.k51.zip,"GCA_902835305.1 Coriobacteriaceae bacterium, MGYG-HGUT-04728",0c39795ec14565c9abdb8be81efe2543,0.2635514018691589,86000,331,17028000,ERR1018281_2.fastq.gz,ERR1018281,44e562bc,671849000,51,DNA,1000,671849,True,0.8703349427028324,0.9741916846000361,0.9222633136514342,0.9741916846000361,False,226,993531,2152301,d__Bacteria;p__Actinomycetota;c__Coriobacteriia;o__Coriobacteriales;f__Coriobacteriaceae;g__Collinsella;s__Collinsella sp902835305
181000,0.0002694057742141463,0.03897294818890417,0.0001265165238022234,0.00022022941958397082,5.576470588235294,1.0,22.874787801311236,/tmp/nxf.XXXXpgkODl/sourmash_database/gtdb-rs214-reps.k51.zip,"GCA_900545585.1 uncultured Clostridiales bacterium, UMGS792",aaffec4c45693393b2dcbc8592440609,0.08298945437872536,85000,332,16943000,ERR1018281_2.fastq.gz,ERR1018281,44e562bc,671849000,51,DNA,1000,671849,True,0.8511536746092392,0.9523670708332909,0.9017603727212651,0.9523670708332909,False,474,994005,2152301,d__Bacteria;p__Bacillota_A;c__Clostridia;o__Oscillospirales;f__Oscillospiraceae;g__Vescimonas;s__Vescimonas sp900545585
233000,0.00034680411818727126,0.07528786536758193,0.0001265165238022234,6.318818789751061e-05,1.6,1.0,0.92291099564495,/tmp/nxf.XXXXpgkODl/sourmash_database/gtdb-rs214-reps.k51.zip,"GCA_934162325.1 uncultured Bacilli bacterium, ERR7747522_bin.14",881c3bfdb3d74d3195e758383cd9b76e,0.20637732506643047,85000,333,16858000,ERR1018281_2.fastq.gz,ERR1018281,44e562bc,671849000,51,DNA,1000,671849,True,0.855378863567766,0.9695316691147221,0.9124552663412441,0.9695316691147221,False,136,994141,2152301,d__Bacteria;p__Bacillota;c__Bacilli;o__RF39;f__UBA660;g__CAG-302;s__CAG-302 sp934162325
88000,0.000130981812877596,0.06536964980544747,0.00012502809411043256,3.9957236464602304e-05,1.0238095238095237,1.0,0.1524553389864964,/tmp/nxf.XXXXpgkODl/sourmash_database/gtdb-rs214-reps.k51.zip,"GCA_900554565.1 uncultured Clostridium sp., UMGS1734",4784247b9894db8b944be46162027bae,0.06848249027237355,84000,334,16774000,ERR1018281_2.fastq.gz,ERR1018281,44e562bc,671849000,51,DNA,1000,671849,True,0.8392027190042722,0.948785909584128,0.8939943142942002,0.948785909584128,False,86,994227,2152301,d__Bacteria;p__Bacillota_A;c__Clostridia;o__TANB77;f__CAG-508;g__CAG-269;s__CAG-269 sp900554565
420000,0.0006251404705521627,0.016036655211912942,0.00012502809411043256,0.0015323135565146325,39.26190476190476,5.0,179.26490899328812,/tmp/nxf.XXXXpgkODl/sourmash_database/gtdb-rs214-reps.k51.zip,"GCF_000614185.1 Bacteroides sartorii JCM 17136 = DSM 21941 strain=JCM 17136, ASM61418v1",7e3d0fc97f902ac211403817c187551b,0.08018327605956473,84000,335,16690000,ERR1018281_2.fastq.gz,ERR1018281,44e562bc,671849000,51,DNA,1000,671849,True,0.8653185854734338,0.9517249330248815,0.9085217592491577,0.9517249330248815,False,3298,997525,2152301,d__Bacteria;p__Bacteroidota;c__Bacteroidia;o__Bacteroidales;f__Bacteroidaceae;g__Phocaeicola;s__Phocaeicola sartorii
584000,0.0008692429400058644,0.01655695192499501,0.0001235396644186417,0.0002220878956986035,5.759036144578313,5.0,4.18715868652759,/tmp/nxf.XXXXpgkODl/sourmash_database/gtdb-rs214-reps.k51.zip,"GCA_001915545.1 Bacteroides sp. 43_108, ASM191554v1",40195026c21b873ff4fccfa6b1bd46ef,0.11649710752044684,83000,336,16607000,ERR1018281_2.fastq.gz,ERR1018281,44e562bc,671849000,51,DNA,1000,671849,True,0.8709298190064141,0.9587214711620011,0.9148256450842076,0.9587214711620011,False,478,998003,2152301,d__Bacteria;p__Bacteroidota;c__Bacteroidia;o__Bacteroidales;f__Bacteroidaceae;g__43-108;s__43-108 sp001915545
131000,0.00019498428962460315,0.02730263157894737,0.0001235396644186417,8.874223447370976e-05,2.3012048192771086,2.0,1.5267489655579258,/tmp/nxf.XXXXpgkODl/sourmash_database/gtdb-rs214-reps.k51.zip,"GCF_000468015.1 Ruminococcus callidus ATCC 27760 strain=ATCC 27760, ASM46801v1",1703d04cd0be6d7c855969ac07a3da3a,0.0430921052631579,83000,337,16524000,ERR1018281_2.fastq.gz,ERR1018281,44e562bc,671849000,51,DNA,1000,671849,True,0.8457750987285761,0.9402070092871508,0.8929910540078635,0.9402070092871508,False,191,998194,2152301,d__Bacteria;p__Bacillota_A;c__Clostridia;o__Oscillospirales;f__Ruminococcaceae;g__Ruminococcus_C;s__Ruminococcus_C callidus
134000,0.00019944957869997575,0.025905118601747816,0.0001235396644186417,6.318818789751061e-05,1.6385542168674698,1.0,4.166933266740682,/tmp/nxf.XXXXpgkODl/sourmash_database/gtdb-rs214-reps.k51.zip,"GCF_004154955.1 Intestinimonas butyriciproducens strain=SRB-521-5-I, ASM415495v1",bde4f24a65f826eaf81252d96e91f9cf,0.041822721598002495,83000,338,16441000,ERR1018281_2.fastq.gz,ERR1018281,44e562bc,671849000,51,DNA,1000,671849,True,0.8461506809785769,0.9396559507526214,0.8929033158655992,0.9396559507526214,False,136,998330,2152301,d__Bacteria;p__Bacillota_A;c__Clostridia;o__Oscillospirales;f__Oscillospiraceae;g__Intestinimonas;s__Intestinimonas butyriciproducens
87000,0.00012949338318580514,0.03988326848249027,0.00012205123472685083,4.0421855493260465e-05,1.0609756097560976,1.0,0.2857408418014629,/tmp/nxf.XXXXpgkODl/sourmash_database/gtdb-rs214-reps.k51.zip,"GCA_900546885.1 uncultured Ruminococcaceae bacterium, UMGS927",4fe8b013ceec3bf1b4ba70c5cde9ca98,0.04231517509727627,82000,339,16359000,ERR1018281_2.fastq.gz,ERR1018281,44e562bc,671849000,51,DNA,1000,671849,True,0.8390146813953034,0.9398716541902923,0.8894431677927979,0.9398716541902923,False,87,998417,2152301,d__Bacteria;p__Bacillota_A;c__Clostridia;o__Oscillospirales;f__Ruminococcaceae;g__Ruthenibacterium;s__Ruthenibacterium merdipullorum
271000,0.0004033644464753241,0.022264458322020092,0.00012205123472685083,5.017885509508196e-05,1.3170731707317074,1.0,1.3782106531304066,/tmp/nxf.XXXXpgkODl/sourmash_database/gtdb-rs214-reps.k51.zip,"GCF_003463065.1 Blautia sp. OF03-15BH strain=OF03-15BH, ASM346306v1",5ff0995e953e4b10712c81e3aa391f8b,0.07358131957643226,82000,340,16277000,ERR1018281_2.fastq.gz,ERR1018281,44e562bc,671849000,51,DNA,1000,671849,True,0.8579165607513995,0.9501228358287392,0.9040196982900695,0.9501228358287392,False,108,998525,2152301,d__Bacteria;p__Bacillota_A;c__Clostridia;o__Lachnospirales;f__Lachnospiraceae;g__Limivivens;s__Limivivens sp900066135
499000,0.000742726416203641,0.028642149929278642,0.00012056280503505997,0.0002053616106669095,5.45679012345679,2.0,10.84122149593177,/tmp/nxf.XXXXpgkODl/sourmash_database/gtdb-rs214-reps.k51.zip,"GCA_900765705.1 uncultured Faecalibacterium sp., SRS294968_37",4d091449c88adab74bc019ab4d12afb5,0.17644978783592644,81000,341,16196000,ERR1018281_2.fastq.gz,ERR1018281,44e562bc,671849000,51,DNA,1000,671849,True,0.8682478235746203,0.9665578792732591,0.9174028514239396,0.9665578792732591,False,442,998967,2152301,d__Bacteria;p__Bacillota_A;c__Clostridia;o__Oscillospirales;f__Ruminococcaceae;g__Faecalibacterium;s__Faecalibacterium sp900765705
286000,0.00042569089185218704,0.020144242725690126,0.00012056280503505997,0.00031872865365950207,8.469135802469136,1.0,15.717479787106484,/tmp/nxf.XXXXpgkODl/sourmash_database/gtdb-rs214-reps.k51.zip,"GCA_902363665.1 Lachnospiraceae bacterium, MGYG-HGUT-00137",270368f3f8b14bfafab2ca24a10a385c,0.07112658542651082,81000,342,16115000,ERR1018281_2.fastq.gz,ERR1018281,44e562bc,671849000,51,DNA,1000,671849,True,0.8588232852597727,0.9494909349087739,0.9041571100842734,0.9494909349087739,False,686,999653,2152301,d__Bacteria;p__Bacillota_A;c__Clostridia;o__Lachnospirales;f__Lachnospiraceae;g__Choladousia;s__Choladousia sp902363665
88000,0.000130981812877596,0.03460059803502777,0.00012056280503505997,0.00012544713773770492,3.3333333333333335,1.0,7.818938704781857,/tmp/nxf.XXXXpgkODl/sourmash_database/gtdb-rs214-reps.k51.zip,"GCA_934646005.1 uncultured Oscillospiraceae bacterium, ERR7745625_bin.21",221048f062f381cf191300d794a5a8e2,0.037590773173857325,81000,343,16034000,ERR1018281_2.fastq.gz,ERR1018281,44e562bc,671849000,51,DNA,1000,671849,True,0.8392027190042722,0.9376924448412811,0.8884475819227766,0.9376924448412811,False,270,999923,2152301,d__Bacteria;p__Bacillota_A;c__Clostridia;o__Oscillospirales;f__Oscillospiraceae;g__CAG-170;s__CAG-170 sp934646005
260000,0.00038699171986562457,0.05544005544005544,0.0001190743753432691,0.00011754861425051607,3.1625,3.0,2.0642416888533184,/tmp/nxf.XXXXpgkODl/sourmash_database/gtdb-rs214-reps.k51.zip,"GCA_002437735.1 Oscillospiraceae bacterium UBA6370, ASM243773v1",0ca055fe6d7e12594084b00728d909a9,0.18018018018018017,80000,344,15954000,ERR1018281_2.fastq.gz,ERR1018281,44e562bc,671849000,51,DNA,1000,671849,True,0.8572197918614346,0.9669544578793215,0.9120871248703781,0.9669544578793215,False,253,1000176,2152301,d__Bacteria;p__Bacillota_A;c__Clostridia;o__Oscillospirales;f__Oscillospiraceae;g__ER4;s__ER4 sp002437735
226000,0.0003363851103447352,0.024852438645542093,0.0001190743753432691,7.898523487188827e-05,2.125,1.0,2.254855871225476,/tmp/nxf.XXXXpgkODl/sourmash_database/gtdb-rs214-reps.k51.zip,"GCA_018223365.1 Clostridiaceae bacterium Marseille-Q4145 strain=Marseille-Q4145, ASM1822336v1",7f158b0510e7734453b8c7177133d277,0.07020813917365641,80000,345,15874000,ERR1018281_2.fastq.gz,ERR1018281,44e562bc,671849000,51,DNA,1000,671849,True,0.8548674084948724,0.9492489956820255,0.9020582020884489,0.9492489956820255,False,170,1000346,2152301,d__Bacteria;p__Bacillota_A;c__Clostridia;o__Lachnospirales;f__Lachnospiraceae;g__Choladocola;s__Choladocola sp018223365
94000,0.0001399123910283412,0.0399800099950025,0.0001190743753432691,4.69265218944748e-05,1.2625,1.0,0.6845390785046532,/tmp/nxf.XXXXpgkODl/sourmash_database/gtdb-rs214-reps.k51.zip,"GCA_900754805.1 Clostridia bacterium, ERS396508_5",523b80f9ccf465f8308c07c8065374ef,0.04697651174412794,80000,346,15794000,ERR1018281_2.fastq.gz,ERR1018281,44e562bc,671849000,51,DNA,1000,671849,True,0.840288756545552,0.9417994801171826,0.8910441183313673,0.9417994801171826,False,101,1000447,2152301,d__Bacteria;p__Bacillota_A;c__Clostridia;o__Peptostreptococcales;f__Anaerovoracaceae;g__CAG-238;s__CAG-238 sp900754805
185000,0.0002753594929813098,0.024752475247524754,0.0001190743753432691,8.27021871011536e-05,2.225,1.0,4.156245300749223,/tmp/nxf.XXXXpgkODl/sourmash_database/gtdb-rs214-reps.k51.zip,"GCF_018408705.1 Oscillibacter sp. MM59 strain=MM59, ASM1840870v1",908eb3d8cd17152b5b4b71096e30a1b2,0.05724009900990099,80000,347,15714000,ERR1018281_2.fastq.gz,ERR1018281,44e562bc,671849000,51,DNA,1000,671849,True,0.8515185604989229,0.9454556986250559,0.8984871295619894,0.9454556986250559,False,178,1000625,2152301,d__Bacteria;p__Bacillota_A;c__Clostridia;o__Oscillospirales;f__Oscillospiraceae;g__Dysosmobacter;s__Dysosmobacter faecalis
84000,0.00012502809411043256,0.02627203192550715,0.00011758594565147823,3.71695222926533e-05,1.0126582278481013,1.0,0.11179444134592212,/tmp/nxf.XXXXpgkODl/sourmash_database/gtdb-rs214-reps.k51.zip,"GCA_000438155.1 Firmicutes bacterium CAG:95, MGS95",f95cfd0dba9c48dd4a36f4cbe40ffaec,0.02793481875623545,79000,348,15635000,ERR1018281_2.fastq.gz,ERR1018281,44e562bc,671849000,51,DNA,1000,671849,True,0.8384375832427132,0.9322497417473792,0.8853436624950461,0.9322497417473792,False,80,1000705,2152301,d__Bacteria;p__Bacillota_A;c__Clostridia;o__Lachnospirales;f__Lachnospiraceae;g__CAG-95;s__CAG-95 sp000438155
89000,0.00013247024256938687,0.040805785123966945,0.00011758594565147823,5.761275955361262e-05,1.5696202531645569,1.0,1.953144457922624,/tmp/nxf.XXXXpgkODl/sourmash_database/gtdb-rs214-reps.k51.zip,"GCA_905188085.1 uncultured Firmicutes bacterium, ERR260134-mag-bin.48",54c7a341157aef46ea2554d0316203e5,0.04597107438016529,79000,349,15556000,ERR1018281_2.fastq.gz,ERR1018281,44e562bc,671849000,51,DNA,1000,671849,True,0.8393886732798438,0.9414000323521432,0.8903943528159934,0.9414000323521432,False,124,1000829,2152301,d__Bacteria;p__Bacillota_A;c__Clostridia;o__Christensenellales;f__QAND01;g__UMGS1975;s__UMGS1975 sp900751745
176000,0.000261963625755192,0.04480183802412407,0.00011609751595968737,5.2501950238372794e-05,1.4487179487179487,1.0,0.7786812635415497,/tmp/nxf.XXXXpgkODl/sourmash_database/gtdb-rs214-reps.k51.zip,"GCA_000435675.1 Eggerthella sp. CAG:298, MGS298",587da9b63e2fcb81f6c46d8b0f8cfdef,0.10109132682366456,78000,350,15478000,ERR1018281_2.fastq.gz,ERR1018281,44e562bc,671849000,51,DNA,1000,671849,True,0.8506862853616534,0.9560587623972129,0.9033725238794331,0.9560587623972129,False,113,1000942,2152301,d__Bacteria;p__Actinomycetota;c__Coriobacteriia;o__Coriobacteriales;f__Eggerthellaceae;g__Anaerotardibacter;s__Anaerotardibacter sp000435675
957000,0.0014244272150438567,0.020766773162939296,0.00011609751595968737,5.389580732434729e-05,1.4871794871794872,1.0,0.7802627720360481,/tmp/nxf.XXXXpgkODl/sourmash_database/gtdb-rs214-reps.k51.zip,"GCA_900066355.1 uncultured Ruminococcus sp., 13414_6#66",45f1a5c0fe40b26dd1259bddded57c5d,0.2547923322683706,78000,351,15400000,ERR1018281_2.fastq.gz,ERR1018281,44e562bc,671849000,51,DNA,1000,671849,True,0.8794051907787402,0.9735462655184345,0.9264757281485874,0.9735462655184345,False,116,1001058,2152301,d__Bacteria;p__Bacillota_A;c__Clostridia;o__Lachnospirales;f__Lachnospiraceae;g__Blautia_A;s__Blautia_A sp900066355
165000,0.0002455908991454925,0.03151862464183381,0.00011460908626789651,3.902799840728597e-05,1.0909090909090908,1.0,0.2874797872880344,/tmp/nxf.XXXXpgkODl/sourmash_database/gtdb-rs214-reps.k51.zip,"GCF_009738225.1 Streptococcus salivarius strain=ICDC2, ASM973822v1",5ae9afeb0726da98b9ad23f621cd14d6,0.06753990994678674,77000,352,15323000,ERR1018281_2.fastq.gz,ERR1018281,44e562bc,671849000,51,DNA,1000,671849,True,0.8496104557290943,0.9485281089834454,0.8990692823562698,0.9485281089834454,False,84,1001142,2152301,d__Bacteria;p__Bacillota;c__Bacilli;o__Lactobacillales;f__Streptococcaceae;g__Streptococcus;s__Streptococcus sp001556435
79000,0.00011758594565147823,0.0280688622754491,0.00011163222688431478,3.856337937862781e-05,1.1066666666666667,1.0,0.34922135609890126,/tmp/nxf.XXXXpgkODl/sourmash_database/gtdb-rs214-reps.k51.zip,"GCA_003531585.1 Ruminococcaceae bacterium, ASM353158v1",d6f1ac5aad30fa434bdd28fbbe7f9b68,0.029565868263473054,75000,353,15248000,ERR1018281_2.fastq.gz,ERR1018281,44e562bc,671849000,51,DNA,1000,671849,True,0.8374292874416244,0.9332876150949665,0.8853584512682955,0.9332876150949665,False,83,1001225,2152301,d__Bacteria;p__Bacillota_A;c__Clostridia;o__Oscillospirales;f__Ruminococcaceae;g__CAG-115;s__CAG-115 sp003531585
458000,0.0006817007988402156,0.05108991825613079,0.00011163222688431478,4.0886474521918633e-05,1.1733333333333333,1.0,0.4122566622330748,/tmp/nxf.XXXXpgkODl/sourmash_database/gtdb-rs214-reps.k51.zip,"GCA_019410105.1 Clostridiales bacterium, ASM1941010v1",31feafc2ea10d8f015855bbbe6a17429,0.3119891008174387,75000,354,15173000,ERR1018281_2.fastq.gz,ERR1018281,44e562bc,671849000,51,DNA,1000,671849,True,0.8667894245530895,0.9774198735495625,0.922104649051326,0.9774198735495625,False,88,1001313,2152301,d__Bacteria;p__Bacillota_A;c__Clostridia;o__Oscillospirales;f__Oscillospiraceae;g__DXTB01;s__DXTB01 sp019410105
97000,0.00014437768010371377,0.041345093715545754,0.00011163222688431478,3.5775665206678805e-05,1.0266666666666666,1.0,0.16110727964792762,/tmp/nxf.XXXXpgkODl/sourmash_database/gtdb-rs214-reps.k51.zip,"GCF_000321025.1 Peptoniphilus senegalensis JC140 strain=type strain: JC140, ASM32102v1",9e99cc1b76d5326c4fe5ef5cb7f13a9c,0.053472987872105845,75000,355,15098000,ERR1018281_2.fastq.gz,ERR1018281,44e562bc,671849000,51,DNA,1000,671849,True,0.8408065371138123,0.9441944859287532,0.8925005115212827,0.9441944859287532,False,77,1001390,2152301,d__Bacteria;p__Bacillota_A;c__Clostridia;o__Tissierellales;f__Peptoniphilaceae;g__Peptoniphilus_A;s__Peptoniphilus_A senegalensis
247000,0.00036764213387234333,0.02545579635362917,0.00011014379719252391,4.7391140923132966e-05,1.3783783783783783,1.0,1.8505127317431018,/tmp/nxf.XXXXpgkODl/sourmash_database/gtdb-rs214-reps.k51.zip,"GCA_902362775.1 Clostridiales bacterium, MGYG-HGUT-00059",2ca2415a56b17a7605d564832d0d1253,0.08496732026143791,74000,356,15024000,ERR1018281_2.fastq.gz,ERR1018281,44e562bc,671849000,51,DNA,1000,671849,True,0.8563580757182122,0.9528070011265598,0.904582538422386,0.9528070011265598,False,102,1001492,2152301,d__Bacteria;p__Bacillota_A;c__Clostridia;o__Oscillospirales;f__Oscillospiraceae;g__Lawsonibacter;s__Lawsonibacter sp900066645
83000,0.0001235396644186417,0.02088698140200286,0.00010865536750073305,3.5775665206678805e-05,1.0547945205479452,1.0,0.22757873597035824,/tmp/nxf.XXXXpgkODl/sourmash_database/gtdb-rs214-reps.k51.zip,"GCA_900541505.1 uncultured Ruminococcus sp., UMGS362",da6685b2b7fb2b47ba4dd0e3ba4d6815,0.02374821173104435,73000,357,14951000,ERR1018281_2.fastq.gz,ERR1018281,44e562bc,671849000,51,DNA,1000,671849,True,0.8382407183449542,0.9292864949728078,0.883763606658881,0.9292864949728078,False,77,1001569,2152301,d__Bacteria;p__Bacillota_A;c__Clostridia;o__Lachnospirales;f__Lachnospiraceae;g__Mediterraneibacter;s__Mediterraneibacter sp900541505
220000,0.00032745453219399,0.03451536643026005,0.00010865536750073305,0.00015936432682975103,4.698630136986301,4.0,2.9594748308036434,/tmp/nxf.XXXXpgkODl/sourmash_database/gtdb-rs214-reps.k51.zip,"GCA_934565615.1 uncultured Oscillospiraceae bacterium, ERR7738177_bin.128",f34bce4e83802f668dcd876686657302,0.10401891252955082,73000,358,14878000,ERR1018281_2.fastq.gz,ERR1018281,44e562bc,671849000,51,DNA,1000,671849,True,0.854416501874498,0.9565940876564037,0.9055052947654509,0.9565940876564037,False,343,1001912,2152301,d__Bacteria;p__Bacillota_A;c__Clostridia;o__Oscillospirales;f__Oscillospiraceae;g__Limivicinus;s__Limivicinus sp934565615
375000,0.0005581611344215739,0.019477054429028817,0.00010865536750073305,9.756999601821493e-05,2.8767123287671232,1.0,7.729936832716889,/tmp/nxf.XXXXpgkODl/sourmash_database/gtdb-rs214-reps.k51.zip,"GCF_003435375.1 Clostridium sp. AM34-11AC strain=AM34-11AC, ASM343537v1",dbc6837b95ffa97bbc27800d0a9cc61b,0.10005336179295625,73000,359,14805000,ERR1018281_2.fastq.gz,ERR1018281,44e562bc,671849000,51,DNA,1000,671849,True,0.8633978689789669,0.9558653080598547,0.9096315885194108,0.9558653080598547,False,210,1002122,2152301,d__Bacteria;p__Bacillota_A;c__Clostridia;o__Lachnospirales;f__Lachnospiraceae;g__Copromonas;s__Copromonas sp900066535
193000,0.0002872669305156367,0.05325443786982249,0.0001071669378089422,0.0005765922145647844,17.23611111111111,16.0,7.804010819863285,/tmp/nxf.XXXXpgkODl/sourmash_database/gtdb-rs214-reps.k51.zip,"GCA_002438575.1 Oscillospiraceae bacterium UBA6409, ASM243857v1",9004fb923ad471b6a521678a175597fe,0.14275147928994084,72000,360,14733000,ERR1018281_2.fastq.gz,ERR1018281,44e562bc,671849000,51,DNA,1000,671849,True,0.852225687211751,0.9625496697943468,0.9073876785030488,0.9625496697943468,False,1241,1003363,2152301,d__Bacteria;p__Bacillota_A;c__Clostridia;o__Oscillospirales;f__Oscillospiraceae;g__Vescimonas;s__Vescimonas sp002438575
429000,0.0006385363377782805,0.03435114503816794,0.0001071669378089422,0.001070482242028415,32.0,32.0,15.560812603745632,/tmp/nxf.XXXXpgkODl/sourmash_database/gtdb-rs214-reps.k51.zip,"GCA_905215855.1 uncultured bacterium, SRR413702-mag-bin.4",51fddfbdf5dd5602c5ca26b0a2b7691c,0.20467557251908397,72000,361,14661000,ERR1018281_2.fastq.gz,ERR1018281,44e562bc,671849000,51,DNA,1000,671849,True,0.8656783987771011,0.9693742752709085,0.9175263370240048,0.9693742752709085,False,2304,1005667,2152301,d__Bacteria;p__Bacillota_A;c__Clostridia;o__Oscillospirales;f__Acutalibacteraceae;g__Ruminococcus_E;s__Ruminococcus_E sp905215855
488000,0.0007263536895939415,0.017399710004833254,0.0001071669378089422,0.0005454627396446872,16.305555555555557,11.0,16.05514705362677,/tmp/nxf.XXXXpgkODl/sourmash_database/gtdb-rs214-reps.k51.zip,"GCF_018390535.1 Bacteroides sp. NSJ-90 strain=NSJ-90, ASM1839053v1",41df32037b8ab726da39d445c53568b2,0.1179313678105365,72000,362,14589000,ERR1018281_2.fastq.gz,ERR1018281,44e562bc,671849000,51,DNA,1000,671849,True,0.8678684193767469,0.9589515238989949,0.9134099716378709,0.9589515238989949,False,1174,1006841,2152301,d__Bacteria;p__Bacteroidota;c__Bacteroidia;o__Bacteroidales;f__Bacteroidaceae;g__Bacteroides;s__Bacteroides propionicigenes
182000,0.0002708942039059372,0.020930232558139535,0.0001071669378089422,9.617613893224042e-05,2.875,2.0,8.371475211826302,/tmp/nxf.XXXXpgkODl/sourmash_database/gtdb-rs214-reps.k51.zip,"GCF_900107675.1 Alistipes timonensis JC136 strain=DSM 25383, IMG-taxon 2693429854 annotated assembly",72f43a6815dad9aa09452d07d47abb3f,0.05290697674418605,72000,363,14517000,ERR1018281_2.fastq.gz,ERR1018281,44e562bc,671849000,51,DNA,1000,671849,True,0.8512456318074948,0.9439974954672566,0.8976215636373757,0.9439974954672566,False,207,1007048,2152301,d__Bacteria;p__Bacteroidota;c__Bacteroidia;o__Bacteroidales;f__Rikenellaceae;g__Alistipes;s__Alistipes timonensis
526000,0.0007829140178819943,0.019510854630392965,0.00010567850811715133,6.597590206945962e-05,2.0,2.0,1.2559716512455186,/tmp/nxf.XXXXpgkODl/sourmash_database/gtdb-rs214-reps.k51.zip,"GCF_003474435.1 Ruminococcus sp. AF46-10NS strain=AF46-10NS, ASM347443v1",d00958a94f0511be486249d87bf167a9,0.14454520472657323,71000,364,14446000,ERR1018281_2.fastq.gz,ERR1018281,44e562bc,671849000,51,DNA,1000,671849,True,0.8691453934832374,0.9627853738927148,0.9159653836879761,0.9627853738927148,False,142,1007190,2152301,d__Bacteria;p__Bacillota_A;c__Clostridia;o__Lachnospirales;f__Lachnospiraceae;g__Blautia_A;s__Blautia_A sp003474435
790000,0.0011758594565147824,0.010598596805493358,0.00010567850811715133,8.456066321578626e-05,2.563380281690141,1.0,3.0844105715186,/tmp/nxf.XXXXpgkODl/sourmash_database/gtdb-rs214-reps.k51.zip,"GCF_014334015.1 Bacteroides sp. M10 strain=M10, ASM1433401v1",e43d5d90afd8ffb683d480ea8b36d926,0.11792804896253171,71000,365,14375000,ERR1018281_2.fastq.gz,ERR1018281,44e562bc,671849000,51,DNA,1000,671849,True,0.8761046563702706,0.9589509947347443,0.9175278255525074,0.9589509947347443,False,182,1007372,2152301,d__Bacteria;p__Bacteroidota;c__Bacteroidia;o__Bacteroidales;f__Bacteroidaceae;g__Bacteroides;s__Bacteroides intestinigallinarum
145000,0.00021582230530967523,0.010966630111232962,0.00010419007842536046,4.181571257923497e-05,1.2857142857142858,1.0,0.777226886213454,/tmp/nxf.XXXXpgkODl/sourmash_database/gtdb-rs214-reps.k51.zip,"GCA_000155435.1 Clostridiales bacterium 1_7_47FAA strain=1_7_47FAA, ASM15543v1",ca1faa233649e906363b9db8938eae24,0.02271659094469685,70000,366,14305000,ERR1018281_2.fastq.gz,ERR1018281,44e562bc,671849000,51,DNA,1000,671849,True,0.84746063830548,0.9284776082148661,0.8879691232601731,0.9284776082148661,False,90,1007462,2152301,d__Bacteria;p__Bacillota_A;c__Clostridia;o__Lachnospirales;f__Lachnospiraceae;g__Enterocloster;s__Enterocloster pacaense
177000,0.0002634520554469829,0.022697795071335927,0.00010419007842536046,9.431766281760776e-05,2.9,2.0,2.933306276931496,/tmp/nxf.XXXXpgkODl/sourmash_database/gtdb-rs214-reps.k51.zip,"GCA_934643535.1 uncultured Clostridia bacterium, ERR7745816_bin.69",6b6d89af9b0b0e9d70ff4eb40a495f82,0.057392996108949414,70000,367,14235000,ERR1018281_2.fastq.gz,ERR1018281,44e562bc,671849000,51,DNA,1000,671849,True,0.8507807958116299,0.945505152673048,0.898142974242339,0.945505152673048,False,203,1007665,2152301,d__Bacteria;p__Bacillota_A;c__Clostridia;o__Christensenellales;f__CAG-74;g__Limiplasma;s__Limiplasma sp934643535
541000,0.0008052404632588573,0.013952561291608531,0.00010419007842536046,0.0005863492141666059,18.02857142857143,19.0,11.671664624295918,/tmp/nxf.XXXXpgkODl/sourmash_database/gtdb-rs214-reps.k51.zip,"GCF_005843885.1 Escherichia sp. E4742 strain=E4742, ASM584388v1",440a1d2d5bc0973705d09cae59de539f,0.10783336655371736,70000,368,14165000,ERR1018281_2.fastq.gz,ERR1018281,44e562bc,671849000,51,DNA,1000,671849,True,0.8696247155580956,0.9572698391972605,0.9134472773776781,0.9572698391972605,False,1262,1008927,2152301,d__Bacteria;p__Pseudomonadota;c__Gammaproteobacteria;o__Enterobacterales;f__Enterobacteriaceae;g__Escherichia;s__Escherichia sp005843885
71000,0.00010567850811715133,0.04065040650406504,0.00010419007842536046,3.4846427149362476e-05,1.0714285714285714,1.0,0.2575393768188564,/tmp/nxf.XXXXpgkODl/sourmash_database/gtdb-rs214-reps.k51.zip,"GCF_900476045.1 Gemella morbillorum strain=NCTC11323, 50279_D01",47a17916debdab89e1ae10cc5f790ea5,0.04123112659698026,70000,369,14095000,ERR1018281_2.fastq.gz,ERR1018281,44e562bc,671849000,51,DNA,1000,671849,True,0.83567797166238,0.9393935046591332,0.8875357381607566,0.9393935046591332,False,75,1009002,2152301,d__Bacteria;p__Bacillota;c__Bacilli;o__Staphylococcales;f__Gemellaceae;g__Gemella;s__Gemella morbillorum
473000,0.0007040272442170785,0.03042328042328042,0.0001027016487335696,8.363142515846994e-05,2.608695652173913,2.0,1.4765548552985543,/tmp/nxf.XXXXpgkODl/sourmash_database/gtdb-rs214-reps.k51.zip,"GCA_900544095.1 uncultured Collinsella sp., UMGS639",ef52808deb51b392fbe495dfd15d10b7,0.20855379188712522,69000,370,14026000,ERR1018281_2.fastq.gz,ERR1018281,44e562bc,671849000,51,DNA,1000,671849,True,0.8673373100502149,0.9697311248443761,0.9185342174472955,0.9697311248443761,False,180,1009182,2152301,d__Bacteria;p__Actinomycetota;c__Coriobacteriia;o__Coriobacteriales;f__Coriobacteriaceae;g__Collinsella;s__Collinsella sp900544095
305000,0.0004539710559962134,0.03301435406698565,0.0001027016487335696,4.4138807722525796e-05,1.3768115942028984,1.0,0.6616065049572942,/tmp/nxf.XXXXpgkODl/sourmash_database/gtdb-rs214-reps.k51.zip,"GCA_905215595.1 uncultured bacterium, ERR1600666-mag-bin.42",61f0c0b03a912afd9ca302e1db27f6f9,0.145933014354067,69000,371,13957000,ERR1018281_2.fastq.gz,ERR1018281,44e562bc,671849000,51,DNA,1000,671849,True,0.8599070956975012,0.9629657793273702,0.9114364375124357,0.9629657793273702,False,95,1009277,2152301,d__Bacteria;p__Bacillota_A;c__Clostridia;o__Oscillospirales;f__Ruminococcaceae;g__Faecalibacterium;s__Faecalibacterium sp905215595
82000,0.00012205123472685083,0.033478893740902474,0.0001027016487335696,3.438180812070431e-05,1.0724637681159421,1.0,0.25925425826084525,/tmp/nxf.XXXXpgkODl/sourmash_database/gtdb-rs214-reps.k51.zip,"GCF_000180035.1 Streptococcus parasanguinis F0405 strain=F0405, ASM18003v1",f6020876ec27113b4e63235f33d31876,0.039786511402231925,69000,372,13888000,ERR1018281_2.fastq.gz,ERR1018281,44e562bc,671849000,51,DNA,1000,671849,True,0.8380415142155504,0.9387367938585258,0.8883891540370381,0.9387367938585258,False,74,1009351,2152301,d__Bacteria;p__Bacillota;c__Bacilli;o__Lactobacillales;f__Streptococcaceae;g__Streptococcus;s__Streptococcus parasanguinis_C
82000,0.00012205123472685083,0.01119039896204995,0.0001027016487335696,5.11080931523983e-05,1.5942028985507246,1.0,4.780148686607828,/tmp/nxf.XXXXpgkODl/sourmash_database/gtdb-rs214-reps.k51.zip,"GCF_007858255.1 Pseudomonas rhodesiae strain=DSM 14020, ASM785825v1",2390355b71b41938ca4b6a0a784fc12c,0.013298734998378203,69000,373,13819000,ERR1018281_2.fastq.gz,ERR1018281,44e562bc,671849000,51,DNA,1000,671849,True,0.8380415142155504,0.9187809189803107,0.8784112165979305,0.9187809189803107,False,110,1009461,2152301,d__Bacteria;p__Pseudomonadota;c__Gammaproteobacteria;o__Pseudomonadales;f__Pseudomonadaceae;g__Pseudomonas_E;s__Pseudomonas_E rhodesiae
394000,0.0005864412985656003,0.018263631551085232,0.0001027016487335696,5.528966441032179e-05,1.7246376811594204,1.0,0.9461448547217082,/tmp/nxf.XXXXpgkODl/sourmash_database/gtdb-rs214-reps.k51.zip,"GCF_018919065.1 Blautia sp. MSJ-9 strain=MSJ-9, ASM1891906v1",3f68c69a571a1395bf239b4d0e6bb427,0.10428798305982001,69000,374,13750000,ERR1018281_2.fastq.gz,ERR1018281,44e562bc,671849000,51,DNA,1000,671849,True,0.8642350066910243,0.9566425451828058,0.910438775936915,0.9566425451828058,False,119,1009580,2152301,d__Bacteria;p__Bacillota_A;c__Clostridia;o__Lachnospirales;f__Lachnospiraceae;g__Blautia_A;s__Blautia_A sp018919065
387000,0.0005760222907230643,0.040117994100294985,0.00010121321904177873,0.0001170839952218579,3.7058823529411766,3.0,2.7603219309764864,/tmp/nxf.XXXXpgkODl/sourmash_database/gtdb-rs214-reps.k51.zip,"GCA_934572365.1 uncultured Oscillospiraceae bacterium, ERR7738587_bin.132",5196c7c4412c6e053d13f0813ea6a943,0.22831858407079647,68000,375,13682000,ERR1018281_2.fastq.gz,ERR1018281,44e562bc,671849000,51,DNA,1000,671849,True,0.8639312862753763,0.9714543061266059,0.9176927962009911,0.9714543061266059,False,252,1009832,2152301,d__Bacteria;p__Bacillota_A;c__Clostridia;o__Oscillospirales;f__Oscillospiraceae;g__Faecousia;s__Faecousia sp934572365
579000,0.0008618007915469101,0.02223697311649519,9.972478934998788e-05,0.0002304510382144505,7.402985074626866,7.0,6.515331405856148,/tmp/nxf.XXXXpgkODl/sourmash_database/gtdb-rs214-reps.k51.zip,"GCA_900556625.1 uncultured Bacteroides sp., UMGS1954",3e976c2c91de63410d32068a21a57d4d,0.19216727514105542,67000,376,13615000,ERR1018281_2.fastq.gz,ERR1018281,44e562bc,671849000,51,DNA,1000,671849,True,0.870782994234431,0.9681764144368726,0.9194797043356517,0.9681764144368726,False,496,1010328,2152301,d__Bacteria;p__Bacteroidota;c__Bacteroidia;o__Bacteroidales;f__Bacteroidaceae;g__Bacteroides;s__Bacteroides sp900556625
270000,0.0004018760167835332,0.022642784724569112,9.972478934998788e-05,0.00010314542436211292,3.3134328358208953,3.0,1.9332823779654278,/tmp/nxf.XXXXpgkODl/sourmash_database/gtdb-rs214-reps.k51.zip,"GCA_905193145.1 uncultured Odoribacter sp., ERR1600661-mag-bin.11",360d33eaf844464dcaf20d7e19418902,0.09124704291990537,67000,377,13548000,ERR1018281_2.fastq.gz,ERR1018281,44e562bc,671849000,51,DNA,1000,671849,True,0.8578543747889886,0.9541400666626216,0.9059972207258051,0.9541400666626216,False,222,1010550,2152301,d__Bacteria;p__Bacteroidota;c__Bacteroidia;o__Bacteroidales;f__Marinifilaceae;g__Odoribacter;s__Odoribacter sp905193145
350000,0.0005209503921268023,0.017511761630946157,9.972478934998788e-05,8.223756807249544e-05,2.6417910447761193,2.0,2.012657651467173,/tmp/nxf.XXXXpgkODl/sourmash_database/gtdb-rs214-reps.k51.zip,"GCA_944321125.1 Candidatus Butyricimonas faecavium, BRZ_MG__bin39",55456c5c3d2f5d163890c871aef99f29,0.09147935180345008,67000,378,13481000,ERR1018281_2.fastq.gz,ERR1018281,44e562bc,671849000,51,DNA,1000,671849,True,0.8622306528154215,0.9541876382392718,0.9082091455273467,0.9541876382392718,False,177,1010727,2152301,d__Bacteria;p__Bacteroidota;c__Bacteroidia;o__Bacteroidales;f__Marinifilaceae;g__Butyricimonas;s__Butyricimonas faecavium
71000,0.00010567850811715133,0.022350152387402643,9.823635965819701e-05,3.2058712977413474e-05,1.0454545454545454,1.0,0.20829889522526548,/tmp/nxf.XXXXpgkODl/sourmash_database/gtdb-rs214-reps.k51.zip,"GCF_003315195.1 Sutterella wadsworthensis strain=DSM 14016, ASM331519v1",cb0d0c9ec62cc3c2574a90d6b7d9588b,0.02404334575008466,66000,379,13415000,ERR1018281_2.fastq.gz,ERR1018281,44e562bc,671849000,51,DNA,1000,671849,True,0.83567797166238,0.9295115743181481,0.8825947729902641,0.9295115743181481,False,69,1010796,2152301,d__Bacteria;p__Pseudomonadota;c__Gammaproteobacteria;o__Burkholderiales;f__Burkholderiaceae_A;g__Sutterella;s__Sutterella wadsworthensis
81000,0.00012056280503505997,0.025018953752843062,9.823635965819701e-05,3.1594093948755306e-05,1.0303030303030303,1.0,0.1714198257421934,/tmp/nxf.XXXXpgkODl/sourmash_database/gtdb-rs214-reps.k51.zip,"GCF_014281125.1 Intestinimonas gabonensis strain=NSJ-47, ASM1428112v1",6b84cef6d89ebcbe758f152b6f283d24,0.03070507960576194,66000,380,13349000,ERR1018281_2.fastq.gz,ERR1018281,44e562bc,671849000,51,DNA,1000,671849,True,0.8378399140175296,0.9339797397418143,0.8859098268796719,0.9339797397418143,False,68,1010864,2152301,d__Bacteria;p__Bacillota_A;c__Clostridia;o__Oscillospirales;f__Oscillospiraceae;g__Instestinimonas_A;s__Instestinimonas_A gabonensis
620000,0.0009228264089103355,0.029385574354407838,9.823635965819701e-05,0.0004762345043746205,15.530303030303031,7.0,69.35814380467072,/tmp/nxf.XXXXpgkODl/sourmash_database/gtdb-rs214-reps.k51.zip,"GCF_019052655.1 Holdemanella porci strain=MSK.10.34, ASM1905265v1",dbc32351ce5b8b126e23568cb4d1ccf2,0.27604630454140694,66000,381,13283000,ERR1018281_2.fastq.gz,ERR1018281,44e562bc,671849000,51,DNA,1000,671849,True,0.8719519420684307,0.9750768856036992,0.9235144138360649,0.9750768856036992,False,1025,1011889,2152301,d__Bacteria;p__Bacillota;c__Bacilli;o__Erysipelotrichales;f__Erysipelotrichaceae;g__Holdemanella;s__Holdemanella porci_A
117000,0.00017414627393953105,0.013382746551369158,9.674792996640614e-05,9.292380573163326e-05,3.076923076923077,1.0,11.392720607486021,/tmp/nxf.XXXXpgkODl/sourmash_database/gtdb-rs214-reps.k51.zip,"GCF_009677585.1 Lactonifactor sp. BIOML-A5 strain=BIOML-A5, ASM967758v1",ec8a87bab0837f5e596b7a273e4749b6,0.024088943792464484,65000,382,13218000,ERR1018281_2.fastq.gz,ERR1018281,44e562bc,671849000,51,DNA,1000,671849,True,0.8439028139752065,0.9295461071740205,0.8867244605746135,0.9295461071740205,False,200,1012089,2152301,d__Bacteria;p__Bacillota_A;c__Clostridia;o__Lachnospirales;f__Lachnospiraceae;g__Lactonifactor;s__Lactonifactor sp009677585
130000,0.00019349585993281229,0.011777495923174489,9.674792996640614e-05,3.066485589143898e-05,1.0153846153846153,1.0,0.12307692307692307,/tmp/nxf.XXXXpgkODl/sourmash_database/gtdb-rs214-reps.k51.zip,"GCF_019042245.1 Diplocloster modestus strain=ASD4241, ASM1904224v1",5fa633f1e62944032e28ef55cc0c0598,0.023554991846348978,65000,383,13153000,ERR1018281_2.fastq.gz,ERR1018281,44e562bc,671849000,51,DNA,1000,671849,True,0.8456480285309417,0.9291376485705425,0.8873928385507421,0.9291376485705425,False,66,1012155,2152301,d__Bacteria;p__Bacillota_A;c__Clostridia;o__Lachnospirales;f__Lachnospiraceae;g__Diplocloster;s__Diplocloster modestus
156000,0.00023219503191937473,0.021614319486659914,9.525950027461528e-05,0.00022162327666994534,7.453125,6.5,5.19894727174406,/tmp/nxf.XXXXpgkODl/sourmash_database/gtdb-rs214-reps.k51.zip,"GCA_002633275.1 Bacteroidales bacterium Phil12, ASM263327v1",c2900d719a1612b604f442d5fa60f7df,0.05268490374873354,64000,384,13089000,ERR1018281_2.fastq.gz,ERR1018281,44e562bc,671849000,51,DNA,1000,671849,True,0.8486765733361602,0.9439196418816707,0.8962981076089154,0.9439196418816707,False,477,1012632,2152301,d__Bacteria;p__Bacteroidota;c__Bacteroidia;o__Bacteroidales;f__P3;g__Phil12;s__Phil12 sp002633275
63000,9.377107058282441e-05,0.054498269896193774,9.377107058282441e-05,3.066485589143898e-05,1.0476190476190477,1.0,0.21295885499997996,/tmp/nxf.XXXXpgkODl/sourmash_database/gtdb-rs214-reps.k51.zip,"GCA_000434835.1 Clostridium sp. CAG:594, MGS594",b7021de2eb300488f0cf9628f3224c2c,0.054498269896193774,63000,385,13026000,ERR1018281_2.fastq.gz,ERR1018281,44e562bc,671849000,51,DNA,1000,671849,True,0.8337214176416687,0.9445461681258897,0.8891337928837793,0.9445461681258897,False,66,1012698,2152301,d__Bacteria;p__Bacillota;c__Bacilli;o__RF39;f__UBA660;g__Aphodocola;s__Aphodocola sp000434835
228000,0.00033936196972831695,0.02383654937570942,9.377107058282441e-05,9.338842476029143e-05,3.1904761904761907,2.0,4.803626747778473,/tmp/nxf.XXXXpgkODl/sourmash_database/gtdb-rs214-reps.k51.zip,"GCA_900751035.1 uncultured Oscillospiraceae bacterium, SRS820614_56",95a69afc29373a5b867a3cadc2b49914,0.08626560726447219,63000,386,12963000,ERR1018281_2.fastq.gz,ERR1018281,44e562bc,671849000,51,DNA,1000,671849,True,0.8550151059615135,0.953090349730389,0.9040527278459513,0.953090349730389,False,201,1012899,2152301,d__Bacteria;p__Bacillota_A;c__Clostridia;o__Oscillospirales;f__Oscillospiraceae;g__CAG-170;s__CAG-170 sp900751035
410000,0.0006102561736342541,0.022340425531914895,9.377107058282441e-05,0.00013752723248281723,4.698412698412699,1.0,7.491020912123427,/tmp/nxf.XXXXpgkODl/sourmash_database/gtdb-rs214-reps.k51.zip,"GCF_014287875.1 Flintibacter sp. BX5 strain=BX5, ASM1428787v1",c754a8172f5fbc4e5fad61be1ba0c1b2,0.1453900709219858,63000,387,12900000,ERR1018281_2.fastq.gz,ERR1018281,44e562bc,671849000,51,DNA,1000,671849,True,0.864909818145747,0.962895401640437,0.913902609893092,0.962895401640437,False,296,1013195,2152301,d__Bacteria;p__Bacillota_A;c__Clostridia;o__Oscillospirales;f__Oscillospiraceae;g__Lawsonibacter;s__Lawsonibacter sp014287875
325000,0.0004837396498320307,0.02189020152883947,9.377107058282441e-05,5.947123566824529e-05,2.0317460317460316,1.0,3.8502453187901162,/tmp/nxf.XXXXpgkODl/sourmash_database/gtdb-rs214-reps.k51.zip,"GCF_020687245.1 Faecalibacterium longum CLA-AA-H243 strain=CLA-AA-H243, ASM2068724v1",e1ff3e2f54ab82a776eb959bb6aa8673,0.11292564280750521,63000,388,12837000,ERR1018281_2.fastq.gz,ERR1018281,44e562bc,671849000,51,DNA,1000,671849,True,0.8609786574711927,0.9581363245791735,0.9095574910251831,0.9581363245791735,False,128,1013323,2152301,d__Bacteria;p__Bacillota_A;c__Clostridia;o__Oscillospirales;f__Ruminococcaceae;g__Faecalibacterium;s__Faecalibacterium longum
123000,0.00018307685209027625,0.029836381135707413,9.228264089103356e-05,7.573290167128111e-05,2.629032258064516,2.0,2.560455295751141,/tmp/nxf.XXXXpgkODl/sourmash_database/gtdb-rs214-reps.k51.zip,"GCA_002404605.1 Clostridiales bacterium UBA4706, ASM240460v1",ab4fb82190d3162e849131a93b724bae,0.05919153031761309,62000,389,12775000,ERR1018281_2.fastq.gz,ERR1018281,44e562bc,671849000,51,DNA,1000,671849,True,0.8447307479738593,0.9460773783622248,0.895404063168042,0.9460773783622248,False,163,1013486,2152301,d__Bacteria;p__Bacillota_A;c__Clostridia;o__Oscillospirales;f__Oscillospiraceae;g__UBA738;s__UBA738 sp002404605
453000,0.0006742586503812613,0.021203830369357045,9.228264089103356e-05,5.482504538166362e-05,1.903225806451613,1.0,1.1874298270519974,/tmp/nxf.XXXXpgkODl/sourmash_database/gtdb-rs214-reps.k51.zip,"GCA_934424575.1 uncultured Blautia sp., ERR7745545_bin.20",54d77af99e6d9b1e360dbc8c511327e3,0.15492476060191518,62000,390,12713000,ERR1018281_2.fastq.gz,ERR1018281,44e562bc,671849000,51,DNA,1000,671849,True,0.8666028799561883,0.9640954125114887,0.9153491462338386,0.9640954125114887,False,118,1013604,2152301,d__Bacteria;p__Bacillota_A;c__Clostridia;o__Lachnospirales;f__Lachnospiraceae;g__Blautia_A;s__Blautia_A sp934424575
367000,0.000546253696887247,0.018787878787878787,9.228264089103356e-05,0.0001352041373395264,4.693548387096774,1.0,13.321809319232177,/tmp/nxf.XXXXpgkODl/sourmash_database/gtdb-rs214-reps.k51.zip,"GCF_014290175.1 Anaerosacchariphilus sp. NSJ-68 strain=NSJ-68, ASM1429017v1",9616d54b724066774553425e62837677,0.1112121212121212,62000,391,12651000,ERR1018281_2.fastq.gz,ERR1018281,44e562bc,671849000,51,DNA,1000,671849,True,0.8630328782021343,0.9578491109582693,0.9104409945802018,0.9578491109582693,False,291,1013895,2152301,d__Bacteria;p__Bacillota_A;c__Clostridia;o__Lachnospirales;f__Lachnospiraceae;g__Merdisoma;s__Merdisoma sp014290175
61000,9.079421119924269e-05,0.015625,9.079421119924269e-05,2.9735617834122644e-05,1.0491803278688525,1.0,0.2162443599716872,/tmp/nxf.XXXXpgkODl/sourmash_database/gtdb-rs214-reps.k51.zip,"GCA_019421015.1 Coriobacteriaceae bacterium, ASM1942101v1",7b93cb94f37974c2f7514de4885a6eac,0.015625,61000,392,12590000,ERR1018281_2.fastq.gz,ERR1018281,44e562bc,671849000,51,DNA,1000,671849,True,0.8331942006485521,0.9216896409408654,0.8774419207947087,0.9216896409408654,False,64,1013959,2152301,d__Bacteria;p__Actinomycetota;c__Coriobacteriia;o__Coriobacteriales;f__UMGS124;g__JAHZGC01;s__JAHZGC01 sp019421015
64000,9.525950027461528e-05,0.025673400673400674,9.079421119924269e-05,2.9270998805464476e-05,1.0327868852459017,1.0,0.17807836870820026,/tmp/nxf.XXXXpgkODl/sourmash_database/gtdb-rs214-reps.k51.zip,"GCA_944321625.1 uncultured Slackia sp., E40__bin219",cdaa2ce18686920bd74c22fd22399cda,0.026936026936026935,61000,393,12529000,ERR1018281_2.fastq.gz,ERR1018281,44e562bc,671849000,51,DNA,1000,671849,True,0.8339789033256078,0.9315844404452978,0.8827816718854528,0.9315844404452978,False,63,1014022,2152301,d__Bacteria;p__Actinomycetota;c__Coriobacteriia;o__Coriobacteriales;f__Eggerthellaceae;g__Slackia_A;s__Slackia_A sp944321625
477000,0.000709980962984242,0.01244643950214242,9.079421119924269e-05,0.00021790632444068,7.688524590163935,4.0,8.669791124994573,/tmp/nxf.XXXXpgkODl/sourmash_database/gtdb-rs214-reps.k51.zip,"GCF_000156195.1 Bacteroides finegoldii DSM 17565 strain=DSM 17565, ASM15619v1",9d0fea771ba61065a50bf9434f874c00,0.09732707610691696,61000,394,12468000,ERR1018281_2.fastq.gz,ERR1018281,44e562bc,671849000,51,DNA,1000,671849,True,0.8674805363118829,0.955347660974652,0.9114140986432675,0.955347660974652,False,469,1014491,2152301,d__Bacteria;p__Bacteroidota;c__Bacteroidia;o__Bacteroidales;f__Bacteroidaceae;g__Bacteroides;s__Bacteroides finegoldii
221000,0.00032894296188578086,0.01623635879691243,9.079421119924269e-05,0.0001282348519096539,4.524590163934426,1.0,8.855130137387434,/tmp/nxf.XXXXpgkODl/sourmash_database/gtdb-rs214-reps.k51.zip,"GCF_014337235.1 Eubacterium sp. NSJ-61 strain=NSJ-61, ASM1433723v1",d375eb9fb9c2c0ae5708a39f05e86c8d,0.058823529411764705,61000,395,12407000,ERR1018281_2.fastq.gz,ERR1018281,44e562bc,671849000,51,DNA,1000,671849,True,0.8544924839079191,0.9459616944974788,0.9002270892026989,0.9459616944974788,False,276,1014767,2152301,d__Bacteria;p__Bacillota;c__Bacilli;o__Erysipelotrichales;f__Erysipelotrichaceae;g__NSJ-61;s__NSJ-61 sp003433845
160000,0.0002381487506865382,0.0335946248600224,8.930578150745182e-05,4.69265218944748e-05,1.6833333333333333,1.0,1.5437148556503417,/tmp/nxf.XXXXpgkODl/sourmash_database/gtdb-rs214-reps.k51.zip,"GCA_900550165.1 uncultured Clostridiales bacterium, UMGS1263",6344f3c360d0cfe91607dac934960405,0.08958566629339305,60000,396,12347000,ERR1018281_2.fastq.gz,ERR1018281,44e562bc,671849000,51,DNA,1000,671849,True,0.8490979844084234,0.9537963528032467,0.9014471686058351,0.9537963528032467,False,101,1014868,2152301,d__Bacteria;p__Bacillota_A;c__Clostridia;o__Oscillospirales;f__Oscillospiraceae;g__ER4;s__ER4 sp900550165
73000,0.00010865536750073305,0.0398110661268556,8.781735181566096e-05,0.015232070235529324,555.6610169491526,556.0,235.59758927786612,/tmp/nxf.XXXXpgkODl/sourmash_database/gtdb-rs214-reps.k51.zip,"GCA_900758495.1 Bacilli bacterium, ERS608518_21",9006f3a2a7112ff6c4ae26ccf68717b1,0.049257759784075573,59000,397,12288000,ERR1018281_2.fastq.gz,ERR1018281,44e562bc,671849000,51,DNA,1000,671849,True,0.8361332872201526,0.9426755611866422,0.8894044242033974,0.9426755611866422,False,32784,1047652,2152301,d__Bacteria;p__Bacillota;c__Bacilli;o__RF39;f__UBA660;g__Onthousia;s__Onthousia sp900758495
95000,0.00014140082072013204,0.0272140221402214,8.781735181566096e-05,3.1129474920097145e-05,1.1355932203389831,1.0,0.4301212725576109,/tmp/nxf.XXXXpgkODl/sourmash_database/gtdb-rs214-reps.k51.zip,"GCF_000212375.1 Porphyromonas asaccharolytica DSM 20707 strain=DSM 20707, ASM21237v1",c9bad07d3b904d6778e28a50bd61390d,0.04381918819188192,59000,398,12229000,ERR1018281_2.fastq.gz,ERR1018281,44e562bc,671849000,51,DNA,1000,671849,True,0.8404631281155243,0.940515521537691,0.8904893248266077,0.940515521537691,False,67,1047719,2152301,d__Bacteria;p__Bacteroidota;c__Bacteroidia;o__Bacteroidales;f__Porphyromonadaceae;g__Porphyromonas;s__Porphyromonas asaccharolytica
60000,8.930578150745182e-05,0.006463628396143733,8.781735181566096e-05,0.00040421855493260467,14.745762711864407,6.0,31.30419001593659,/tmp/nxf.XXXXpgkODl/sourmash_database/gtdb-rs214-reps.k51.zip,"GCF_014648495.1 Actinomadura cremea strain=JCM 3308, ASM1464849v1",d2294519a995684af8e1fd5cf78bd6fc,0.006573181419807186,59000,399,12170000,ERR1018281_2.fastq.gz,ERR1018281,44e562bc,671849000,51,DNA,1000,671849,True,0.8329242028648554,0.9061733519795848,0.8695487774222201,0.9061733519795848,False,870,1048589,2152301,d__Bacteria;p__Actinomycetota;c__Actinomycetia;o__Streptosporangiales;f__Streptosporangiaceae;g__Spirillospora;s__Spirillospora cremea
323000,0.00048076279044844897,0.014613252708490804,8.632892212387009e-05,0.00015378889848585305,5.706896551724138,2.0,14.142146133637587,/tmp/nxf.XXXXpgkODl/sourmash_database/gtdb-rs214-reps.k51.zip,"GCA_020687485.1 Lachnospiraceae bacterium CLA-AA-H215 strain=CLA-AA-H215, ASM2068748v1",20ab9c7d65066744af9084616969416a,0.08138070042831948,58000,400,12112000,ERR1018281_2.fastq.gz,ERR1018281,44e562bc,671849000,51,DNA,1000,671849,True,0.8608744539746529,0.9520015927191527,0.9064380233469028,0.9520015927191527,False,331,1048920,2152301,d__Bacteria;p__Bacillota_A;c__Clostridia;o__Lachnospirales;f__Lachnospiraceae;g__JAJEQR01;s__JAJEQR01 sp020687485
255000,0.00037954957140667027,0.02146558105107328,8.632892212387009e-05,3.4846427149362476e-05,1.293103448275862,1.0,0.7880272332432027,/tmp/nxf.XXXXpgkODl/sourmash_database/gtdb-rs214-reps.k51.zip,"GCF_023347535.1 Faecalibacterium sp. HTFF strain=HTFF, ASM2334753v1",b856be3bf596906f871150b46d2f180f,0.09437453737971872,58000,401,12054000,ERR1018281_2.fastq.gz,ERR1018281,44e562bc,671849000,51,DNA,1000,671849,True,0.8568934703115173,0.9547707692834341,0.9058321197974757,0.9547707692834341,False,75,1048995,2152301,d__Bacteria;p__Bacillota_A;c__Clostridia;o__Oscillospirales;f__Ruminococcaceae;g__Faecalibacterium;s__Faecalibacterium sp900539885
72000,0.0001071669378089422,0.0170760934691432,8.484049243207924e-05,2.880637977680631e-05,1.087719298245614,1.0,0.28288623678240526,/tmp/nxf.XXXXpgkODl/sourmash_database/gtdb-rs214-reps.k51.zip,"GCA_001304875.1 Clostridia bacterium UC5.1-2E3 strain=UC5.1-2E3, ASM130487v1",0bd2e3769d6c380cd9321940849f520b,0.02156980227681246,57000,402,11997000,ERR1018281_2.fastq.gz,ERR1018281,44e562bc,671849000,51,DNA,1000,671849,True,0.8359071794492262,0.9275350224123599,0.881721100930793,0.9275350224123599,False,62,1049057,2152301,d__Bacteria;p__Bacillota_A;c__Clostridia;o__Lachnospirales;f__Lachnospiraceae;g__Ventrisoma;s__Ventrisoma faecale
169000,0.00025154461791265597,0.0200845665961945,8.484049243207924e-05,5.7148140524954455e-05,2.1578947368421053,1.0,1.5308462707630515,/tmp/nxf.XXXXpgkODl/sourmash_database/gtdb-rs214-reps.k51.zip,"GCA_934646185.1 uncultured Oscillospiraceae bacterium, ERR7738191_bin.77",fccc25788fa6dc63e19a68c8df85b46b,0.05954897815362931,57000,403,11940000,ERR1018281_2.fastq.gz,ERR1018281,44e562bc,671849000,51,DNA,1000,671849,True,0.850009587177977,0.9461890716802469,0.898099329429112,0.9461890716802469,False,123,1049180,2152301,d__Bacteria;p__Bacillota_A;c__Clostridia;o__Oscillospirales;f__Oscillospiraceae;g__CAG-170;s__CAG-170 sp934646185
91000,0.0001354471019529686,0.023284313725490197,8.484049243207924e-05,0.0005468565967306617,20.649122807017545,1.0,102.2804008301071,/tmp/nxf.XXXXpgkODl/sourmash_database/gtdb-rs214-reps.k51.zip,"GCF_000262545.1 Prevotella bivia DSM 20514 strain=DSM 20514, ASM26254v1",49a47293cc042ad7611e58377689d1e4,0.037173202614379085,57000,404,11883000,ERR1018281_2.fastq.gz,ERR1018281,44e562bc,671849000,51,DNA,1000,671849,True,0.8397545147323718,0.9374870853996297,0.8886208000660007,0.9374870853996297,False,1177,1050357,2152301,d__Bacteria;p__Bacteroidota;c__Bacteroidia;o__Bacteroidales;f__Bacteroidaceae;g__Prevotella;s__Prevotella bivia
163000,0.0002426140397619108,0.015269220466113046,8.484049243207924e-05,5.900661663958712e-05,2.2280701754385963,1.0,1.7673207381702496,/tmp/nxf.XXXXpgkODl/sourmash_database/gtdb-rs214-reps.k51.zip,"GCF_900079775.1 Prevotella lascolaii strain=khD1, PRJEB13540",3af3dfa366a80634ffe61a624b5c11d2,0.04366461291186713,57000,405,11826000,ERR1018281_2.fastq.gz,ERR1018281,44e562bc,671849000,51,DNA,1000,671849,True,0.8494073186148723,0.9404503551586801,0.8949288368867763,0.9404503551586801,False,127,1050484,2152301,d__Bacteria;p__Bacteroidota;c__Bacteroidia;o__Bacteroidales;f__Bacteroidaceae;g__Prevotella;s__Prevotella lascolaii
133000,0.00019796114900818488,0.025711662075298437,8.335206274028837e-05,6.365280692616878e-05,2.4464285714285716,1.0,2.738088768108298,/tmp/nxf.XXXXpgkODl/sourmash_database/gtdb-rs214-reps.k51.zip,"GCA_900544615.1 uncultured Oscillibacter sp., UMGS683",282cd2fe10c57adcd3cfc1b32f989ec7,0.06106519742883379,56000,406,11770000,ERR1018281_2.fastq.gz,ERR1018281,44e562bc,671849000,51,DNA,1000,671849,True,0.8460264109483765,0.9466556572938546,0.8963410341211155,0.9466556572938546,False,137,1050621,2152301,d__Bacteria;p__Bacillota_A;c__Clostridia;o__Oscillospirales;f__Oscillospiraceae;g__Dysosmobacter;s__Dysosmobacter sp900544615
529000,0.0007873793069573669,0.014252990582845508,8.335206274028837e-05,0.00017562599283278688,6.75,5.0,5.238081709939241,/tmp/nxf.XXXXpgkODl/sourmash_database/gtdb-rs214-reps.k51.zip,"GCA_900760455.1 uncultured Paraprevotella sp., SRS016095_8",fc752a609416b035fecea05480b2b7b7,0.13463985747009416,56000,407,11714000,ERR1018281_2.fastq.gz,ERR1018281,44e562bc,671849000,51,DNA,1000,671849,True,0.8692423208541956,0.9614461692696398,0.9153442450619177,0.9614461692696398,False,378,1050999,2152301,d__Bacteria;p__Bacteroidota;c__Bacteroidia;o__Bacteroidales;f__Bacteroidaceae;g__Paraprevotella;s__Paraprevotella sp900760455
60000,8.930578150745182e-05,0.026582890285161913,8.18636330484975e-05,3.531104617802064e-05,1.3818181818181818,1.0,1.3946770116920078,/tmp/nxf.XXXXpgkODl/sourmash_database/gtdb-rs214-reps.k51.zip,"GCA_900761075.1 Christensenellaceae bacterium, SRS042628_64",48a20e2117aa73778fb01a2c1929627a,0.028999516674722087,55000,408,11659000,ERR1018281_2.fastq.gz,ERR1018281,44e562bc,671849000,51,DNA,1000,671849,True,0.8329242028648554,0.932933738668814,0.8829289707668346,0.932933738668814,False,76,1051075,2152301,d__Bacteria;p__Bacillota_A;c__Clostridia;o__Christensenellales;f__Christensenellaceae;g__HGM11616;s__HGM11616 sp900761075
145000,0.00021582230530967523,0.018574805808848363,8.18636330484975e-05,3.9492617435944136e-05,1.5454545454545454,1.0,1.188095218378512,/tmp/nxf.XXXXpgkODl/sourmash_database/gtdb-rs214-reps.k51.zip,"GCA_902363825.1 Lachnospiraceae bacterium, MGYG-HGUT-00153",1baa5241695fdb60335365cbe03a030e,0.04896994258696386,55000,409,11604000,ERR1018281_2.fastq.gz,ERR1018281,44e562bc,671849000,51,DNA,1000,671849,True,0.84746063830548,0.9425672480548926,0.8950139431801862,0.9425672480548926,False,85,1051160,2152301,d__Bacteria;p__Bacillota_A;c__Clostridia;o__Lachnospirales;f__Lachnospiraceae;g__CAG-45;s__CAG-45 sp000438375
194000,0.00028875536020742755,0.0273768043802887,8.18636330484975e-05,0.00015982894585840922,6.254545454545455,5.0,8.670153992169567,/tmp/nxf.XXXXpgkODl/sourmash_database/gtdb-rs214-reps.k51.zip,"GCA_934591725.1 uncultured Oscillospiraceae bacterium, ERR7738197_bin.91",3eb706737e85ef3b26b9caa233da8eb3,0.09656545545047288,55000,410,11549000,ERR1018281_2.fastq.gz,ERR1018281,44e562bc,671849000,51,DNA,1000,671849,True,0.8523120499583401,0.955200508462126,0.903756279210233,0.955200508462126,False,344,1051504,2152301,d__Bacteria;p__Bacillota_A;c__Clostridia;o__Oscillospirales;f__Oscillospiraceae;g__Limivicinus;s__Limivicinus sp934591725
143000,0.00021284544592609352,0.03331314354936402,8.18636330484975e-05,0.0001793429450620522,7.0181818181818185,2.0,8.624470279576931,/tmp/nxf.XXXXpgkODl/sourmash_database/gtdb-rs214-reps.k51.zip,"GCA_934623575.1 uncultured Oscillospiraceae bacterium, ERR7745594_bin.153",6ed978c346170b5d2eef04d949541c96,0.08661417322834646,55000,411,11494000,ERR1018281_2.fastq.gz,ERR1018281,44e562bc,671849000,51,DNA,1000,671849,True,0.847229876085024,0.9531657117320449,0.9001977939085344,0.9531657117320449,False,386,1051890,2152301,d__Bacteria;p__Bacillota_A;c__Clostridia;o__Oscillospirales;f__Oscillospiraceae;g__Vescimonas;s__Vescimonas sp934623575
56000,8.335206274028837e-05,0.03368683718028696,8.037520335670664e-05,2.880637977680631e-05,1.1481481481481481,1.0,0.4040263746161375,/tmp/nxf.XXXXpgkODl/sourmash_database/gtdb-rs214-reps.k51.zip,"GCA_003525075.1 Clostridiales bacterium, ASM352507v1",c9d58b47ca3b76f1f6dbaebd55615045,0.034934497816593885,54000,412,11440000,ERR1018281_2.fastq.gz,ERR1018281,44e562bc,671849000,51,DNA,1000,671849,True,0.8317981836476182,0.9363460070758024,0.8840720953617103,0.9363460070758024,False,62,1051952,2152301,d__Bacteria;p__Bacillota_A;c__Clostridia;o__TANB77;f__CAG-508;g__CAG-269;s__CAG-269 sp003525075
282000,0.0004197371730850236,0.017235876157037984,8.037520335670664e-05,3.252333200607164e-05,1.2962962962962963,1.0,0.6839327893562738,/tmp/nxf.XXXXpgkODl/sourmash_database/gtdb-rs214-reps.k51.zip,"GCA_900542495.1 uncultured Roseburia sp., UMGS472",fe149b60c845ed9371f2578172f1c768,0.09000957548675391,54000,413,11386000,ERR1018281_2.fastq.gz,ERR1018281,44e562bc,671849000,51,DNA,1000,671849,True,0.8585861356047768,0.9538846433878709,0.9062353894963239,0.9538846433878709,False,70,1052022,2152301,d__Bacteria;p__Bacillota_A;c__Clostridia;o__Lachnospirales;f__Lachnospiraceae;g__Roseburia;s__Roseburia sp900542495
187000,0.0002783363523648915,0.02510460251046025,8.037520335670664e-05,4.27449506365513e-05,1.7037037037037037,1.0,1.1325099889941226,/tmp/nxf.XXXXpgkODl/sourmash_database/gtdb-rs214-reps.k51.zip,"GCA_900553925.1 uncultured Clostridium sp., UMGS1660",61eae9cd6f42ad9708078b958b408c02,0.08693630869363086,54000,414,11332000,ERR1018281_2.fastq.gz,ERR1018281,44e562bc,671849000,51,DNA,1000,671849,True,0.8516981127947066,0.9532350953995999,0.9024666040971533,0.9532350953995999,False,92,1052114,2152301,d__Bacteria;p__Bacillota_A;c__Clostridia;o__Lachnospirales;f__Lachnospiraceae;g__Wujia;s__Wujia sp900553925
242000,0.00036019998541338903,0.011086019297885445,8.037520335670664e-05,0.00016354589808767453,6.518518518518518,6.0,4.5531460053410715,/tmp/nxf.XXXXpgkODl/sourmash_database/gtdb-rs214-reps.k51.zip,"GCF_000374365.1 Bacteroides gallinarum DSM 18171 = JCM 13658 strain=DSM 18171, ASM37436v1",ab9abfeb97c769fe085a44e06e72f4b4,0.04968179018681995,54000,415,11278000,ERR1018281_2.fastq.gz,ERR1018281,44e562bc,671849000,51,DNA,1000,671849,True,0.8560147515103492,0.9428340097438205,0.8994243806270849,0.9428340097438205,False,352,1052466,2152301,d__Bacteria;p__Bacteroidota;c__Bacteroidia;o__Bacteroidales;f__Bacteroidaceae;g__Bacteroides;s__Bacteroides gallinarum
75000,0.00011163222688431478,0.01607142857142857,8.037520335670664e-05,4.320956966520947e-05,1.7222222222222223,1.0,1.0613873985857112,/tmp/nxf.XXXXpgkODl/sourmash_database/gtdb-rs214-reps.k51.zip,"GCF_000585335.1 Cloacibacillus evryensis DSM 19522 strain=DSM 19522, ASM58533v1",bcea0d7e3be73688bf2ca1e41ae0cc51,0.022321428571428572,54000,416,11224000,ERR1018281_2.fastq.gz,ERR1018281,44e562bc,671849000,51,DNA,1000,671849,True,0.8365765335406151,0.9281581868332505,0.8823673601869328,0.9281581868332505,False,93,1052559,2152301,d__Bacteria;p__Synergistota;c__Synergistia;o__Synergistales;f__Synergistaceae;g__Cloacibacillus;s__Cloacibacillus evryensis
474000,0.0007055156739088694,0.0226890756302521,8.037520335670664e-05,6.829899721275045e-05,2.7222222222222223,3.0,1.6034299655179791,/tmp/nxf.XXXXpgkODl/sourmash_database/gtdb-rs214-reps.k51.zip,"GCF_003459505.1 Collinsella sp. AF20-14LB strain=AF20-14LB, ASM345950v1",7ac055485fedd26bfc935d3efbfac04c,0.1991596638655462,54000,417,11170000,ERR1018281_2.fastq.gz,ERR1018281,44e562bc,671849000,51,DNA,1000,671849,True,0.8673732276265074,0.9688551467850386,0.918114187205773,0.9688551467850386,False,147,1052706,2152301,d__Bacteria;p__Actinomycetota;c__Coriobacteriia;o__Coriobacteriales;f__Coriobacteriaceae;g__Collinsella;s__Collinsella sp003459505
384000,0.0005715570016476916,0.022131147540983605,8.037520335670664e-05,0.0003020023686278081,12.037037037037036,6.5,12.12582637575372,/tmp/nxf.XXXXpgkODl/sourmash_database/gtdb-rs214-reps.k51.zip,"GCF_018326305.1 Oscillibacter sp. MM35 strain=MM35, ASM1832630v1",941e9703044183985a2fdcede081e650,0.15737704918032788,54000,418,11116000,ERR1018281_2.fastq.gz,ERR1018281,44e562bc,671849000,51,DNA,1000,671849,True,0.8637994682033046,0.9643923415736556,0.91409590488848,0.9643923415736556,False,650,1053356,2152301,d__Bacteria;p__Bacillota_A;c__Clostridia;o__Oscillospirales;f__Oscillospiraceae;g__Vescimonas;s__Vescimonas fastidiosa
271000,0.0004033644464753241,0.008851063829787235,7.739834397312492e-05,3.066485589143898e-05,1.2692307692307692,1.0,0.4849815466507112,/tmp/nxf.XXXXpgkODl/sourmash_database/gtdb-rs214-reps.k51.zip,"GCA_019416685.1 Bacteroides sp., ASM1941668v1",d5610c0fee6bba8ae022599e780bba24,0.046127659574468086,52000,419,11064000,ERR1018281_2.fastq.gz,ERR1018281,44e562bc,671849000,51,DNA,1000,671849,True,0.8579165607513995,0.9414628014606454,0.8996896811060224,0.9414628014606454,False,66,1053422,2152301,d__Bacteria;p__Bacteroidota;c__Bacteroidia;o__Bacteroidales;f__Bacteroidaceae;g__Bacteroides;s__Bacteroides sp900762525
55000,8.18636330484975e-05,0.024844720496894408,7.739834397312492e-05,2.4624808518882816e-05,1.0192307692307692,1.0,0.13733516208736252,/tmp/nxf.XXXXpgkODl/sourmash_database/gtdb-rs214-reps.k51.zip,"GCA_900549055.1 uncultured Ruminococcaceae bacterium, UMGS1148",b6bd6ef8d4fb8c4e207aba61362330f3,0.026278069756330624,52000,420,11012000,ERR1018281_2.fastq.gz,ERR1018281,44e562bc,671849000,51,DNA,1000,671849,True,0.8315043579056001,0.931132823921268,0.881318590913434,0.931132823921268,False,53,1053475,2152301,d__Bacteria;p__Bacillota_A;c__Clostridia;o__Oscillospirales;f__Acutalibacteraceae;g__UBA737;s__UBA737 sp900549055
424000,0.0006310941893193262,0.025974025974025976,7.739834397312492e-05,4.181571257923497e-05,1.7307692307692308,1.0,0.9222752929447537,/tmp/nxf.XXXXpgkODl/sourmash_database/gtdb-rs214-reps.k51.zip,"GCA_900751995.1 Lachnospiraceae bacterium, ERS235547_23",bade4874fabdb283efa57fef3722cef1,0.21178821178821178,52000,421,10960000,ERR1018281_2.fastq.gz,ERR1018281,44e562bc,671849000,51,DNA,1000,671849,True,0.8654794265630995,0.9700237952872437,0.9177516109251715,0.9700237952872437,False,90,1053565,2152301,d__Bacteria;p__Bacillota_A;c__Clostridia;o__Lachnospirales;f__Lachnospiraceae;g__Blautia_A;s__Blautia_A sp900751995
135000,0.0002009380083917666,0.022988505747126436,7.739834397312492e-05,0.0001709798025462052,7.076923076923077,7.0,3.636598970330096,/tmp/nxf.XXXXpgkODl/sourmash_database/gtdb-rs214-reps.k51.zip,"GCA_900760745.1 Bacilli bacterium, SRS020869_41",7814a61427ee54ef644859bc7744b85a,0.05968169761273209,52000,422,10908000,ERR1018281_2.fastq.gz,ERR1018281,44e562bc,671849000,51,DNA,1000,671849,True,0.8462740451100271,0.9462303758601163,0.8962522104850716,0.9462303758601163,False,368,1053933,2152301,d__Bacteria;p__Bacillota;c__Bacilli;o__ML615J-28;f__CAG-313;g__CAG-313;s__CAG-313 sp900760745
268000,0.0003988991573999515,0.01435670900055218,7.739834397312492e-05,5.2037331209714626e-05,2.1538461538461537,1.0,4.106208317360692,/tmp/nxf.XXXXpgkODl/sourmash_database/gtdb-rs214-reps.k51.zip,"GCA_902363135.1 Lachnospiraceae bacterium, MGYG-HGUT-00092",c78203a529c51f95b34b67123fde0510,0.07399226946438432,52000,423,10856000,ERR1018281_2.fastq.gz,ERR1018281,44e562bc,671849000,51,DNA,1000,671849,True,0.8577293225550603,0.9502265993351047,0.9039779609450824,0.9502265993351047,False,112,1054045,2152301,d__Bacteria;p__Bacillota_A;c__Clostridia;o__Lachnospirales;f__Lachnospiraceae;g__Choladousia;s__Choladousia sp902363135
54000,8.037520335670664e-05,0.019719378081152827,7.739834397312492e-05,2.4624808518882816e-05,1.0192307692307692,1.0,0.13733516208736252,/tmp/nxf.XXXXpgkODl/sourmash_database/gtdb-rs214-reps.k51.zip,"GCA_905192745.1 uncultured Ruminococcaceae bacterium, ERR1430498-mag-bin.11",844ee9c92fc7045591d78a37a4e32ea7,0.020477815699658702,52000,424,10804000,ERR1018281_2.fastq.gz,ERR1018281,44e562bc,671849000,51,DNA,1000,671849,True,0.8312052472312815,0.926590651674053,0.8788979494526672,0.926590651674053,False,53,1054098,2152301,d__Bacteria;p__Bacillota_A;c__Clostridia;o__Oscillospirales;f__Acutalibacteraceae;g__Avimonas;s__Avimonas sp900551425
58000,8.632892212387009e-05,0.018112156043190525,7.739834397312492e-05,4.55326648085003e-05,1.8846153846153846,1.0,1.3251102443809397,/tmp/nxf.XXXXpgkODl/sourmash_database/gtdb-rs214-reps.k51.zip,"GCA_905199755.1 uncultured Clostridiales bacterium, ERR1430564-mag-bin.37",fe4233f92c7db3caf37b96c97b525734,0.020202020202020204,52000,425,10752000,ERR1018281_2.fastq.gz,ERR1018281,44e562bc,671849000,51,DNA,1000,671849,True,0.8323707118890817,0.926344328861196,0.8793575203751389,0.926344328861196,False,98,1054196,2152301,d__Bacteria;p__Bacillota_A;c__Clostridia;o__UBA1381;f__UBA1381;g__UBA4716;s__UBA4716 sp905199755
104000,0.00015479668794624984,0.0199921599372795,7.590991428133405e-05,0.0001240532806517304,5.235294117647059,2.0,8.952134667752336,/tmp/nxf.XXXXpgkODl/sourmash_database/gtdb-rs214-reps.k51.zip,"GCA_001916715.1 Firmicutes bacterium CAG:24053_14, ASM191671v1",7e2176433b3cbec7ec2ddaddec1f82cd,0.04076832614660917,51000,426,10701000,ERR1018281_2.fastq.gz,ERR1018281,44e562bc,671849000,51,DNA,1000,671849,True,0.841956093469809,0.9391856083678858,0.8905708509188475,0.9391856083678858,False,267,1054463,2152301,d__Bacteria;p__Bacillota_A;c__Clostridia;o__Oscillospirales;f__Oscillospiraceae;g__F23-B02;s__F23-B02 sp001916715
197000,0.0002932206492828002,0.0070209251101321585,7.590991428133405e-05,5.064347412374013e-05,2.1372549019607843,1.0,1.8684124313053483,/tmp/nxf.XXXXpgkODl/sourmash_database/gtdb-rs214-reps.k51.zip,"GCA_022845955.1 Lachnospiraceae bacterium strain=CE91-St56, ASM2284595v1",cc2b97d2ba13381bc3334dc529eb3795,0.027120044052863435,51000,427,10650000,ERR1018281_2.fastq.gz,ERR1018281,44e562bc,671849000,51,DNA,1000,671849,True,0.8525685437204958,0.9317088135449868,0.8921386786327413,0.9317088135449868,False,109,1054572,2152301,d__Bacteria;p__Bacillota_A;c__Clostridia;o__Lachnospirales;f__Lachnospiraceae;g__Eisenbergiella;s__Eisenbergiella sp003478085
82000,0.00012205123472685083,0.01722972972972973,7.590991428133405e-05,0.00011569013813588341,4.882352941176471,4.0,3.6334343869209995,/tmp/nxf.XXXXpgkODl/sourmash_database/gtdb-rs214-reps.k51.zip,"GCA_023391625.1 Bacteroidetes bacterium, ASM2339162v1",482320344c73d9b19c602aba1ec50c99,0.027702702702702704,51000,428,10599000,ERR1018281_2.fastq.gz,ERR1018281,44e562bc,671849000,51,DNA,1000,671849,True,0.8380415142155504,0.9320972323910847,0.8850693733033175,0.9320972323910847,False,249,1054821,2152301,d__Bacteria;p__Bacteroidota;c__Bacteroidia;o__Bacteroidales;f__Paludibacteraceae;g__QVMH01;s__QVMH01 sp023391625
52000,7.739834397312492e-05,0.02736051502145923,7.590991428133405e-05,2.4160189490224648e-05,1.0196078431372548,1.0,0.1386483884679505,/tmp/nxf.XXXXpgkODl/sourmash_database/gtdb-rs214-reps.k51.zip,"GCA_904420075.1 uncultured Clostridia bacterium, Coassembly_mag_187",efaef2c28c87677187ea1f37a2f030fd,0.027896995708154508,51000,429,10548000,ERR1018281_2.fastq.gz,ERR1018281,44e562bc,671849000,51,DNA,1000,671849,True,0.8305903775346433,0.932224975444969,0.8814076764898061,0.932224975444969,False,52,1054873,2152301,d__Bacteria;p__Bacillota_A;c__Clostridia;o__Oscillospirales;f__Feifaniaceae;g__CAJFTX01;s__CAJFTX01 sp904420075
60000,8.930578150745182e-05,0.026631853785900782,7.590991428133405e-05,2.787714171948998e-05,1.1764705882352942,1.0,0.3812200410828154,/tmp/nxf.XXXXpgkODl/sourmash_database/gtdb-rs214-reps.k51.zip,"GCA_934402125.1 uncultured Anaerosacchariphilus sp., ERR7747394_bin.71",13d16e5bdcc06cb2e12cf288212f56df,0.031331592689295036,51000,430,10497000,ERR1018281_2.fastq.gz,ERR1018281,44e562bc,671849000,51,DNA,1000,671849,True,0.8329242028648554,0.9343497209759232,0.8836369619203892,0.9343497209759232,False,60,1054933,2152301,d__Bacteria;p__Bacillota_A;c__Clostridia;o__Lachnospirales;f__Lachnospiraceae;g__Merdisoma;s__Merdisoma sp934402125
662000,0.0009853404559655517,0.01798941798941799,7.590991428133405e-05,5.436042635300546e-05,2.2941176470588234,2.0,1.902466073976027,/tmp/nxf.XXXXpgkODl/sourmash_database/gtdb-rs214-reps.k51.zip,"GCF_000146185.1 [Eubacterium] eligens ATCC 27750 strain=ATCC 27750, ASM14618v1",6f23354d1c492f2e5d90eb1f6ead0ebb,0.23350970017636685,51000,431,10446000,ERR1018281_2.fastq.gz,ERR1018281,44e562bc,671849000,51,DNA,1000,671849,True,0.8730733101603146,0.9718826340912734,0.9224779721257941,0.9718826340912734,False,117,1055050,2152301,d__Bacteria;p__Bacillota_A;c__Clostridia;o__Lachnospirales;f__Lachnospiraceae;g__Lachnospira;s__Lachnospira eligens
409000,0.0006087677439424633,0.010554635761589404,7.590991428133405e-05,8.27021871011536e-05,3.4901960784313726,3.0,2.979489027251826,/tmp/nxf.XXXXpgkODl/sourmash_database/gtdb-rs214-reps.k51.zip,"GCF_014647335.1 Butyricimonas faecihominis strain=JCM 18676, ASM1464733v1",4c87baca49e347dce18c35416649f893,0.08464403973509933,51000,432,10395000,ERR1018281_2.fastq.gz,ERR1018281,44e562bc,671849000,51,DNA,1000,671849,True,0.8648684051580627,0.9527357857684525,0.9088020954632576,0.9527357857684525,False,178,1055228,2152301,d__Bacteria;p__Bacteroidota;c__Bacteroidia;o__Bacteroidales;f__Marinifilaceae;g__Butyricimonas;s__Butyricimonas faecihominis
89000,0.00013247024256938687,0.01876172607879925,7.442148458954319e-05,6.829899721275045e-05,2.94,2.0,3.313065046146846,/tmp/nxf.XXXXpgkODl/sourmash_database/gtdb-rs214-reps.k51.zip,"GCA_900542445.1 uncultured Clostridiales bacterium, UMGS462",917e16810f9f1566642ec16dd806d217,0.033395872420262665,50000,433,10345000,ERR1018281_2.fastq.gz,ERR1018281,44e562bc,671849000,51,DNA,1000,671849,True,0.8393886732798438,0.9355194041184476,0.8874540386991456,0.9355194041184476,False,147,1055375,2152301,d__Bacteria;p__Bacillota_A;c__Clostridia;o__Christensenellales;f__CAG-74;g__Ventricola;s__Ventricola sp900542445
102000,0.0001518198285626681,0.02044989775051125,7.442148458954319e-05,0.00021279551512544016,9.16,3.0,12.841121446353508,/tmp/nxf.XXXXpgkODl/sourmash_database/gtdb-rs214-reps.k51.zip,"GCF_018918045.1 Pseudoflavonifractor sp. MSJ-30 strain=MSJ-30, ASM1891804v1",7bdbfc83b86e19c8b47e9d0f87bdd6ee,0.04171779141104295,50000,434,10295000,ERR1018281_2.fastq.gz,ERR1018281,44e562bc,671849000,51,DNA,1000,671849,True,0.841635582417694,0.9396096677496614,0.8906226250836777,0.9396096677496614,False,458,1055833,2152301,d__Bacteria;p__Bacillota_A;c__Clostridia;o__Oscillospirales;f__Oscillospiraceae;g__Faecousia;s__Faecousia sp018918045
213000,0.000317035524351454,0.010105092966855295,7.442148458954319e-05,6.969285429872495e-05,3.0,1.0,3.676955262170047,/tmp/nxf.XXXXpgkODl/sourmash_database/gtdb-rs214-reps.k51.zip,"GCF_903181435.1 Bacteroides acidifaciens, NZ_B_acidifaciens_9G3_hyb",412e4f9a7b9a4510ffa62b17cd3ef81d,0.043047696038803554,50000,435,10245000,ERR1018281_2.fastq.gz,ERR1018281,44e562bc,671849000,51,DNA,1000,671849,True,0.8538749503793288,0.9401880007684383,0.8970314755738835,0.9401880007684383,False,150,1055983,2152301,d__Bacteria;p__Bacteroidota;c__Bacteroidia;o__Bacteroidales;f__Bacteroidaceae;g__Bacteroides;s__Bacteroides sp900765785
