intersect_bp,f_orig_query,f_match,f_unique_to_query,f_unique_weighted,average_abund,median_abund,std_abund,filename,name,md5,f_match_orig,unique_intersect_bp,gather_result_rank,remaining_bp,query_filename,query_name,query_md5,query_bp,ksize,moltype,scaled,query_n_hashes,query_abundance,query_containment_ani,match_containment_ani,average_containment_ani,max_containment_ani,potential_false_negative,n_unique_weighted_found,sum_weighted_found,total_weighted_hashes,lineage
1365000,0.08322663252240717,0.21759923481587756,0.08322663252240717,0.0922325624251359,1.4666666666666666,1.0,0.9507018164671528,/tmp/nxf.XXXXqxThfE/sourmash_database/gtdb-rs214-reps.k51.zip,"GCF_000011065.1 Bacteroides thetaiotaomicron VPI-5482 strain=VPI-5482, ASM1106v1",36e5cf9f0e4c0a0411f3300c5364f87f,0.21759923481587756,1365000,0,8982000,ERR1293337.fastq.gz,ERR1293337,9f3090bf,16401000,51,DNA,1000,16401,True,0.9524203648247621,0.9705387715748318,0.961479568199797,0.9705387715748318,False,2002,2002,21706,d__Bacteria;p__Bacteroidota;c__Bacteroidia;o__Bacteroidales;f__Bacteroidaceae;g__Bacteroides;s__Bacteroides thetaiotaomicron
1353000,0.08249496981891348,0.29441292012221737,0.08225108225108226,0.09859025154335208,1.586360266864344,1.0,0.941265897175079,/tmp/nxf.XXXXqxThfE/sourmash_database/gtdb-rs214-reps.k51.zip,"GCA_025147485.1 Bacteroides uniformis strain=ATCC 8492, ASM2514748v1",177d80c9d0f18e5195e47e20bdf54706,0.2952859013531209,1349000,1,7633000,ERR1293337.fastq.gz,ERR1293337,9f3090bf,16401000,51,DNA,1000,16401,True,0.9522554781681463,0.9763658979835401,0.9643106880758432,0.9763658979835401,False,2140,4142,21706,d__Bacteria;p__Bacteroidota;c__Bacteroidia;o__Bacteroidales;f__Bacteroidaceae;g__Bacteroides;s__Bacteroides uniformis
1220000,0.0743857081885251,0.2432156702713732,0.07267849521370648,0.071823458951442,1.3078859060402686,1.0,1.0998802072062415,/tmp/nxf.XXXXqxThfE/sourmash_database/gtdb-rs214-reps.k51.zip,"GCF_000156195.1 Bacteroides finegoldii DSM 17565 strain=DSM 17565, ASM15619v1",9d0fea771ba61065a50bf9434f874c00,0.2489287900428484,1192000,2,6441000,ERR1293337.fastq.gz,ERR1293337,9f3090bf,16401000,51,DNA,1000,16401,True,0.9503254132842461,0.9731019343278441,0.9617136738060451,0.9731019343278441,False,1559,5701,21706,d__Bacteria;p__Bacteroidota;c__Bacteroidia;o__Bacteroidales;f__Bacteroidaceae;g__Bacteroides;s__Bacteroides finegoldii
1167000,0.0711541979147613,0.2661703117729176,0.06975184439973173,0.07735188427162996,1.4676573426573427,1.0,0.8784538833901802,/tmp/nxf.XXXXqxThfE/sourmash_database/gtdb-rs214-reps.k51.zip,"GCA_025151215.1 Parabacteroides merdae ATCC 43184 strain=ATCC 43184, ASM2515121v1",04366d02afc93cbeed4bfc2d3a9aa9a9,0.27152163797114937,1144000,3,5297000,ERR1293337.fastq.gz,ERR1293337,9f3090bf,16401000,51,DNA,1000,16401,True,0.9494981611357207,0.9747609585867009,0.9621295598612107,0.9747609585867009,False,1679,7380,21706,d__Bacteria;p__Bacteroidota;c__Bacteroidia;o__Bacteroidales;f__Tannerellaceae;g__Parabacteroides;s__Parabacteroides merdae
773000,0.04713127248338516,0.20342105263157895,0.04713127248338516,0.04630056205657422,1.3001293661060802,1.0,0.663568684108594,/tmp/nxf.XXXXqxThfE/sourmash_database/gtdb-rs214-reps.k51.zip,"GCF_020736365.1 Clostridium sp. M62/1 strain=FDAARGOS_1583, ASM2073636v1",0380dbe573a123194534af872fd30072,0.20342105263157895,773000,4,4524000,ERR1293337.fastq.gz,ERR1293337,9f3090bf,16401000,51,DNA,1000,16401,True,0.9418602191551542,0.9692574219530842,0.9555588205541192,0.9692574219530842,False,1005,8385,21706,d__Bacteria;p__Bacillota_A;c__Clostridia;o__Lachnospirales;f__Lachnospiraceae;g__Clostridium_Q;s__Clostridium_Q saccharolyticum_A
666000,0.04060728004389976,0.19016110471806674,0.040302420584110724,0.037961853865290704,1.2465960665658093,1.0,0.5344484639230165,/tmp/nxf.XXXXqxThfE/sourmash_database/gtdb-rs214-reps.k51.zip,"GCF_008121495.1 [Ruminococcus] gnavus ATCC 29149 strain=JCM6515, ASM812149v1",c0af2b4fd1a1fb3c5fc7e5a29e4fe5d1,0.1915995397008055,661000,5,3863000,ERR1293337.fastq.gz,ERR1293337,9f3090bf,16401000,51,DNA,1000,16401,True,0.9391127212218086,0.9681202475148237,0.9536164843683161,0.9681202475148237,False,824,9209,21706,d__Bacteria;p__Bacillota_A;c__Clostridia;o__Lachnospirales;f__Lachnospiraceae;g__Ruminococcus_B;s__Ruminococcus_B gnavus
556000,0.033900371928540944,0.1493820526598603,0.033900371928540944,0.03215700727909334,1.2553956834532374,1.0,0.5621992608517293,/tmp/nxf.XXXXqxThfE/sourmash_database/gtdb-rs214-reps.k51.zip,"GCF_000239295.1 Flavonifractor plautii ATCC 29863 strain=ATCC 29863, ASM23929v1",1ed22d796c79d0337723a67a4b313636,0.1493820526598603,556000,6,3307000,ERR1293337.fastq.gz,ERR1293337,9f3090bf,16401000,51,DNA,1000,16401,True,0.9357944812685933,0.9634069455937758,0.9496007134311846,0.9634069455937758,False,698,9907,21706,d__Bacteria;p__Bacillota_A;c__Clostridia;o__Oscillospirales;f__Oscillospiraceae;g__Flavonifractor;s__Flavonifractor plautii
552000,0.03365648436070971,0.11298377028714107,0.03310773733308944,0.03137381369206671,1.2541436464088398,1.0,1.606231062500932,/tmp/nxf.XXXXqxThfE/sourmash_database/gtdb-rs214-reps.k51.zip,"GCF_000012845.1 Parabacteroides distasonis ATCC 8503 strain=ATCC 8503, ASM1284v1",85c74583c59734abc0e8f1a3e909b79d,0.11485642946317104,543000,7,2764000,ERR1293337.fastq.gz,ERR1293337,9f3090bf,16401000,51,DNA,1000,16401,True,0.935662006955907,0.9584548796049744,0.9470584432804408,0.9584548796049744,False,681,10588,21706,d__Bacteria;p__Bacteroidota;c__Bacteroidia;o__Bacteroidales;f__Tannerellaceae;g__Parabacteroides;s__Parabacteroides distasonis
352000,0.021462105969148222,0.10557888422315537,0.021462105969148222,0.017644890813599927,1.0880681818181819,1.0,0.3209975854997888,/tmp/nxf.XXXXqxThfE/sourmash_database/gtdb-rs214-reps.k51.zip,"GCF_014131695.1 Erysipelatoclostridium ramosum DSM 1402 strain=DSM 1402, ASM1413169v1",7067e76f1f8fb6fb2a7b6a18482cbfb2,0.10557888422315537,352000,8,2412000,ERR1293337.fastq.gz,ERR1293337,9f3090bf,16401000,51,DNA,1000,16401,True,0.927443993377104,0.9568733349144984,0.9421586641458013,0.9568733349144984,False,383,10971,21706,d__Bacteria;p__Bacillota;c__Bacilli;o__Erysipelotrichales;f__Coprobacillaceae;g__Thomasclavelia;s__Thomasclavelia ramosa
318000,0.01938906164258277,0.13953488372093023,0.01938906164258277,0.01667741638256703,1.1383647798742138,1.0,0.3799699991696406,/tmp/nxf.XXXXqxThfE/sourmash_database/gtdb-rs214-reps.k51.zip,"GCF_003269275.1 Phascolarctobacterium faecium DSM 14760 strain=DSM 14760, ASM326927v1",7c43b2da8075c4100917842aa30c8367,0.13953488372093023,318000,9,2094000,ERR1293337.fastq.gz,ERR1293337,9f3090bf,16401000,51,DNA,1000,16401,True,0.9255985853476757,0.9621196273777919,0.9438591063627337,0.9621196273777919,False,362,11333,21706,d__Bacteria;p__Bacillota_C;c__Negativicutes;o__Acidaminococcales;f__Acidaminococcaceae;g__Phascolarctobacterium;s__Phascolarctobacterium faecium
242000,0.014755197853789403,0.0378654737178463,0.014450338394000365,0.011379342117386898,1.0421940928270041,1.0,0.22102617474613995,/tmp/nxf.XXXXqxThfE/sourmash_database/gtdb-rs214-reps.k51.zip,"GCF_020215665.1 Blautia sp. NBRC 113351 strain=NBRC 113351, ASM2021566v1",8b38cce8c2d4b1af0b9e70afdd8fa62f,0.03866432337434095,237000,10,1857000,ERR1293337.fastq.gz,ERR1293337,9f3090bf,16401000,51,DNA,1000,16401,True,0.9206550962398288,0.9382103167009209,0.9294327064703749,0.9382103167009209,False,247,11580,21706,d__Bacteria;p__Bacillota_A;c__Clostridia;o__Lachnospirales;f__Lachnospiraceae;g__Blautia;s__Blautia sp001304935
215000,0.013108956770928602,0.044950867656282666,0.013108956770928602,0.0109647102183728,1.1069767441860465,1.0,0.351339859870163,/tmp/nxf.XXXXqxThfE/sourmash_database/gtdb-rs214-reps.k51.zip,"GCF_000701705.1 Bilophila wadsworthia ATCC 49260 strain=ATCC 49260, ASM70170v1",b1bd0a4998658b6084d0785f2a2c686c,0.044950867656282666,215000,11,1642000,ERR1293337.fastq.gz,ERR1293337,9f3090bf,16401000,51,DNA,1000,16401,True,0.9185220178118042,0.9409858646935165,0.9297539412526603,0.9409858646935165,False,238,11818,21706,d__Bacteria;p__Desulfobacterota;c__Desulfovibrionia;o__Desulfovibrionales;f__Desulfovibrionaceae;g__Bilophila;s__Bilophila wadsworthia
149000,0.00908481190171331,0.021416083916083916,0.008962868117797696,0.007094812494241223,1.0476190476190477,1.0,0.21295885499997996,/tmp/nxf.XXXXqxThfE/sourmash_database/gtdb-rs214-reps.k51.zip,"GCF_003201875.1 Hungatella effluvii strain=DSM 24995, ASM320187v1",cf2a3220056f7a2960a252f7e48a83b8,0.021707459207459208,147000,12,1495000,ERR1293337.fastq.gz,ERR1293337,9f3090bf,16401000,51,DNA,1000,16401,True,0.9119414989125514,0.9276507287102765,0.9197961138114139,0.9276507287102765,False,154,11972,21706,d__Bacteria;p__Bacillota_A;c__Clostridia;o__Lachnospirales;f__Lachnospiraceae;g__Hungatella;s__Hungatella effluvii
347000,0.021157246509359184,0.03135405105438402,0.006889823791232242,0.008016216714272552,1.5398230088495575,1.0,0.8927971182401125,/tmp/nxf.XXXXqxThfE/sourmash_database/gtdb-rs214-reps.k51.zip,"GCA_900755095.1 uncultured Bacteroides sp., ERS473029_19",157ba610ccdcf1ff58761725bd879825,0.0962819089900111,113000,13,1382000,ERR1293337.fastq.gz,ERR1293337,9f3090bf,16401000,51,DNA,1000,16401,True,0.9271838655363056,0.9551454336937513,0.9411646496150284,0.9551454336937513,False,174,12146,21706,d__Bacteria;p__Bacteroidota;c__Bacteroidia;o__Bacteroidales;f__Bacteroidaceae;g__Bacteroides;s__Bacteroides sp900755095
108000,0.006584964331443205,0.02930298719772404,0.006280104871654167,0.005113793421173869,1.0776699029126213,1.0,0.36040215909263285,/tmp/nxf.XXXXqxThfE/sourmash_database/gtdb-rs214-reps.k51.zip,"GCF_014467075.1 Anaerostipes caccae strain=JCM 13470, ASM1446707v1",cd3c43f45300d7a0715be968dfa0cbde,0.030725462304409673,103000,14,1279000,ERR1293337.fastq.gz,ERR1293337,9f3090bf,16401000,51,DNA,1000,16401,True,0.9062051746613625,0.9339918925726748,0.9200985336170187,0.9339918925726748,False,111,12257,21706,d__Bacteria;p__Bacillota_A;c__Clostridia;o__Lachnospirales;f__Lachnospiraceae;g__Anaerostipes;s__Anaerostipes caccae
106000,0.00646302054752759,0.02811701221243965,0.006036217303822937,0.0047913019441629045,1.0505050505050506,1.0,0.32948497838990076,/tmp/nxf.XXXXqxThfE/sourmash_database/gtdb-rs214-reps.k51.zip,"GCF_900142265.1 Anaerotignum lactatifermentans DSM 14214 strain=DSM 14214, IMG-taxon 2585428190 annotated assembly",00cab793116387c76bf9dc97330f3ba2,0.030105083783016188,99000,15,1180000,ERR1293337.fastq.gz,ERR1293337,9f3090bf,16401000,51,DNA,1000,16401,True,0.9058731000754738,0.9336184135827389,0.9197457568291063,0.9336184135827389,False,104,12361,21706,d__Bacteria;p__Bacillota_A;c__Clostridia;o__Lachnospirales;f__Anaerotignaceae;g__Anaerotignum;s__Anaerotignum lactatifermentans
101000,0.006158161087738552,0.021241830065359478,0.005548442168160478,0.007371233760250622,1.7582417582417582,1.0,0.9871777881967343,/tmp/nxf.XXXXqxThfE/sourmash_database/gtdb-rs214-reps.k51.zip,"GCF_022809355.1 Parabacteroides sp. AGMB00274 strain=AGMB00274, ASM2280935v1",5983752ac0361c83bc804a957dfcef8d,0.02357609710550887,91000,16,1089000,ERR1293337.fastq.gz,ERR1293337,9f3090bf,16401000,51,DNA,1000,16401,True,0.9050152614217605,0.9291539650679065,0.9170846132448335,0.9291539650679065,False,160,12521,21706,d__Bacteria;p__Bacteroidota;c__Bacteroidia;o__Bacteroidales;f__Tannerellaceae;g__Parabacteroides;s__Parabacteroides faecavium
131000,0.007987317846472776,0.018867924528301886,0.004999695140540211,0.004514880678153506,1.1951219512195121,1.0,0.5282050689684809,/tmp/nxf.XXXXqxThfE/sourmash_database/gtdb-rs214-reps.k51.zip,"GCA_900754605.1 uncultured Oscillospiraceae bacterium, ERS396504_64",f167964a7b0f7c95cf930e6cf86141da,0.03014265991716521,82000,17,1007000,ERR1293337.fastq.gz,ERR1293337,9f3090bf,16401000,51,DNA,1000,16401,True,0.9096422153278675,0.9336412488398679,0.9216417320838677,0.9336412488398679,False,98,12619,21706,d__Bacteria;p__Bacillota_A;c__Clostridia;o__Oscillospirales;f__Oscillospiraceae;g__Lawsonibacter;s__Lawsonibacter sp900754605
511000,0.031156636790439608,0.01605691056910569,0.004816779464666789,0.006219478485211463,1.7088607594936709,1.0,1.4509001896612037,/tmp/nxf.XXXXqxThfE/sourmash_database/gtdb-rs214-reps.k51.zip,"GCF_000614125.1 Bacteroides rodentium JCM 16496 strain=JCM 16496, ASM61412v1",d114cb268bdc0e58bd5266fb76f6ef04,0.10386178861788618,79000,18,928000,ERR1293337.fastq.gz,ERR1293337,9f3090bf,16401000,51,DNA,1000,16401,True,0.9342471376104787,0.9565657339872288,0.9454064357988538,0.9565657339872288,False,135,12754,21706,d__Bacteria;p__Bacteroidota;c__Bacteroidia;o__Bacteroidales;f__Bacteroidaceae;g__Bacteroides;s__Bacteroides rodentium
82000,0.004999695140540211,0.016428880242109815,0.004633863788793366,0.0037316870911268773,1.0657894736842106,1.0,0.24791373265022068,/tmp/nxf.XXXXqxThfE/sourmash_database/gtdb-rs214-reps.k51.zip,"GCF_012317185.1 [Clostridium] innocuum strain=ATCC 14501, ASM1231718v1",91693cab416177f5c43d8f522dba510f,0.01772589710332901,76000,19,852000,ERR1293337.fastq.gz,ERR1293337,9f3090bf,16401000,51,DNA,1000,16401,True,0.9013246437187846,0.923972370617887,0.9126485071683358,0.923972370617887,False,81,12835,21706,d__Bacteria;p__Bacillota;c__Bacilli;o__Erysipelotrichales;f__Erysipelotrichaceae;g__Clostridium_AQ;s__Clostridium_AQ innocuum
67000,0.004085116761173099,0.018449030644152594,0.00359734162551064,0.003086704137104948,1.1355932203389831,1.0,0.5953955278050947,/tmp/nxf.XXXXqxThfE/sourmash_database/gtdb-rs214-reps.k51.zip,"GCF_900291975.1 Intestinibacillus sp. Marseille-P4005 strain=Marseille-P4005, PRJEB24950",65713af468298b7a867be5e7720bad95,0.020950594121325827,59000,20,793000,ERR1293337.fastq.gz,ERR1293337,9f3090bf,16401000,51,DNA,1000,16401,True,0.8977612830545316,0.9270054367841949,0.9123833599193633,0.9270054367841949,False,67,12902,21706,d__Bacteria;p__Bacillota_A;c__Clostridia;o__Oscillospirales;f__Butyricicoccaceae;g__Agathobaculum;s__Agathobaculum sp900291975
58000,0.0035363697335528323,0.01636568848758465,0.0035363697335528323,0.0028102828710955497,1.0517241379310345,1.0,0.22146952721836427,/tmp/nxf.XXXXqxThfE/sourmash_database/gtdb-rs214-reps.k51.zip,"GCA_900547035.1 uncultured Clostridium sp., UMGS945",3d7dd4d7872773816d09717617c102c7,0.01636568848758465,58000,21,735000,ERR1293337.fastq.gz,ERR1293337,9f3090bf,16401000,51,DNA,1000,16401,True,0.8952256214152315,0.9225270378811035,0.9088763296481674,0.9225270378811035,False,61,12963,21706,d__Bacteria;p__Bacillota_A;c__Clostridia;o__Lachnospirales;f__Lachnospiraceae;g__Enterocloster;s__Enterocloster excrementigallinarum
64000,0.0039022010852996767,0.013875123885034688,0.0034144259496372174,0.002856353082097116,1.1071428571428572,1.0,0.3624604130390079,/tmp/nxf.XXXXqxThfE/sourmash_database/gtdb-rs214-reps.k51.zip,"GCF_000949455.1 Ruthenibacterium lactatiformans strain=585-1, ASM94945v1",1562c71162861a5c6e3bb1e6d2a266f2,0.015857284440039643,56000,22,679000,ERR1293337.fastq.gz,ERR1293337,9f3090bf,16401000,51,DNA,1000,16401,True,0.8969552524048314,0.9219563692551007,0.9094558108299661,0.9219563692551007,False,62,13025,21706,d__Bacteria;p__Bacillota_A;c__Clostridia;o__Oscillospirales;f__Ruminococcaceae;g__Ruthenibacterium;s__Ruthenibacterium lactatiformans
68000,0.004146088653130907,0.008325764456554648,0.00335345405767941,0.008430848613286648,3.327272727272727,1.0,6.8038880474316645,/tmp/nxf.XXXXqxThfE/sourmash_database/gtdb-rs214-reps.k51.zip,"GCF_003464595.1 Bacteroides intestinalis strain=AF14-32, ASM346459v1",5018c46a831958831fc599a735d21972,0.010293672419013019,55000,23,624000,ERR1293337.fastq.gz,ERR1293337,9f3090bf,16401000,51,DNA,1000,16401,True,0.898022113298467,0.9141780534858988,0.9061000833921828,0.9141780534858988,False,183,13208,21706,d__Bacteria;p__Bacteroidota;c__Bacteroidia;o__Bacteroidales;f__Bacteroidaceae;g__Bacteroides;s__Bacteroides intestinalis_A
51000,0.00310956648984818,0.014583929082070346,0.00310956648984818,0.0023495807610798857,1.0,1.0,0.0,/tmp/nxf.XXXXqxThfE/sourmash_database/gtdb-rs214-reps.k51.zip,"GCF_000024265.1 Eggerthella lenta DSM 2243 strain=DSM 2243, ASM2426v1",9c03bee3a8ea07d1dca079c2919284a2,0.014583929082070346,51000,24,573000,ERR1293337.fastq.gz,ERR1293337,9f3090bf,16401000,51,DNA,1000,16401,True,0.8929707879710223,0.9204443581682654,0.9067075730696439,0.9204443581682654,False,51,13259,21706,d__Bacteria;p__Actinomycetota;c__Coriobacteriia;o__Coriobacteriales;f__Eggerthellaceae;g__Eggerthella;s__Eggerthella lenta
