intersect_bp,f_orig_query,f_match,f_unique_to_query,f_unique_weighted,average_abund,median_abund,std_abund,filename,name,md5,f_match_orig,unique_intersect_bp,gather_result_rank,remaining_bp,query_filename,query_name,query_md5,query_bp,ksize,moltype,scaled,query_n_hashes,query_abundance,query_containment_ani,match_containment_ani,average_containment_ani,max_containment_ani,potential_false_negative,n_unique_weighted_found,sum_weighted_found,total_weighted_hashes,lineage
890000,0.06199066657379675,0.24633268751729864,0.06199066657379675,0.10104231930284217,1.993258426966292,1.0,2.0981424504080426,/tmp/nxf.XXXXiaPxGB/sourmash_database/gtdb-rs214-reps.k51.zip,"GCF_002265625.1 Prevotella sp. 885 strain=885, ASM226562v1",6f27695917a933cec0a9bc03e9acdf60,0.24633268751729864,890000,0,3266000,ERR1293090.fastq.gz,ERR1293090,81d079d2,14357000,51,DNA,1000,14357,True,0.9469349012090685,0.9729019183053919,0.9599184097572302,0.9729019183053919,False,1774,1774,17557,d__Bacteria;p__Bacteroidota;c__Bacteroidia;o__Bacteroidales;f__Bacteroidaceae;g__Prevotella;s__Prevotella sp002265625
276000,0.01922407188131225,0.054133858267716536,0.01915441944695967,0.01634675627954662,1.0436363636363637,1.0,0.22137063643962798,/tmp/nxf.XXXXiaPxGB/sourmash_database/gtdb-rs214-reps.k51.zip,"GCF_000012825.1 Bacteroides vulgatus ATCC 8482 strain=ATCC 8482, ASM1282v1",63b92dc09e7b5ffbd878d8e5fce5cfec,0.05433070866141732,275000,1,2991000,ERR1293090.fastq.gz,ERR1293090,81d079d2,14357000,51,DNA,1000,14357,True,0.9254435000220347,0.9444891386682834,0.9349663193451591,0.9444891386682834,False,287,2061,17557,d__Bacteria;p__Bacteroidota;c__Bacteroidia;o__Bacteroidales;f__Bacteroidaceae;g__Phocaeicola;s__Phocaeicola vulgatus
267000,0.018597199972139027,0.05835892935498026,0.018527547537786446,0.016061969584781,1.0601503759398496,1.0,0.25308319819108027,/tmp/nxf.XXXXiaPxGB/sourmash_database/gtdb-rs214-reps.k51.zip,"GCF_002222615.2 Bacteroides caccae strain=ATCC 43185, ASM222261v2",d7e7663bc3ede65000c2f57952616ae4,0.05857832382623958,266000,2,2725000,ERR1293090.fastq.gz,ERR1293090,81d079d2,14357000,51,DNA,1000,14357,True,0.9248421171767714,0.9458842177068559,0.9353631674418137,0.9458842177068559,False,282,2343,17557,d__Bacteria;p__Bacteroidota;c__Bacteroidia;o__Bacteroidales;f__Bacteroidaceae;g__Bacteroides;s__Bacteroides caccae
203000,0.014139444173573866,0.10069444444444445,0.014139444173573866,0.013384974653984166,1.1576354679802956,1.0,0.4380637256239549,/tmp/nxf.XXXXiaPxGB/sourmash_database/gtdb-rs214-reps.k51.zip,"GCA_900545495.1 uncultured Clostridiales bacterium, UMGS785",8a5206463096ec0f2c1ea5850680a793,0.10069444444444445,203000,3,2522000,ERR1293090.fastq.gz,ERR1293090,81d079d2,14357000,51,DNA,1000,14357,True,0.9198859113409175,0.955985023014888,0.9379354671779028,0.955985023014888,False,235,2578,17557,d__Bacteria;p__Bacillota_A;c__Clostridia;o__Oscillospirales;f__Oscillospiraceae;g__Vescimonas;s__Vescimonas sp900545495
199000,0.013860834436163543,0.04233958969882148,0.01351257226440064,0.012473657230734181,1.1288659793814433,1.0,0.4750385253799684,/tmp/nxf.XXXXiaPxGB/sourmash_database/gtdb-rs214-reps.k51.zip,"GCA_025147485.1 Bacteroides uniformis strain=ATCC 8492, ASM2514748v1",177d80c9d0f18e5195e47e20bdf54706,0.043430816237450896,194000,4,2328000,ERR1293090.fastq.gz,ERR1293090,81d079d2,14357000,51,DNA,1000,14357,True,0.9195270246720124,0.9403513593415813,0.9299391920067969,0.9403513593415813,False,219,2797,17557,d__Bacteria;p__Bacteroidota;c__Bacteroidia;o__Bacteroidales;f__Bacteroidaceae;g__Bacteroides;s__Bacteroides uniformis
192000,0.01337326739569548,0.06689895470383275,0.01337326739569548,0.011448425129577946,1.046875,1.0,0.21137108216357317,/tmp/nxf.XXXXiaPxGB/sourmash_database/gtdb-rs214-reps.k51.zip,"GCA_000433355.1 Alistipes sp. CAG:435, MGS435",c5602f286afdfb9c0d45a72ae91e685d,0.06689895470383275,192000,5,2136000,ERR1293090.fastq.gz,ERR1293090,81d079d2,14357000,51,DNA,1000,14357,True,0.9188816089436005,0.9483507816901978,0.9336161953168991,0.9483507816901978,False,201,2998,17557,d__Bacteria;p__Bacteroidota;c__Bacteroidia;o__Bacteroidales;f__UBA932;g__Cryptobacteroides;s__Cryptobacteroides sp000433355
173000,0.012049871142996448,0.06038394415357766,0.012049871142996448,0.011277553112718573,1.1445086705202312,1.0,0.5007929160067162,/tmp/nxf.XXXXiaPxGB/sourmash_database/gtdb-rs214-reps.k51.zip,"GCF_003287455.1 Faecalibacterium prausnitzii strain=APC922/41-1, ASM328745v1",5119c8b56a74125fb9f68b12c2037b01,0.06038394415357766,173000,6,1963000,ERR1293090.fastq.gz,ERR1293090,81d079d2,14357000,51,DNA,1000,14357,True,0.917006056362311,0.9464474371240281,0.9317267467431696,0.9464474371240281,False,198,3196,17557,d__Bacteria;p__Bacillota_A;c__Clostridia;o__Oscillospirales;f__Ruminococcaceae;g__Faecalibacterium;s__Faecalibacterium hattorii
154000,0.010726474890297415,0.05072967338429465,0.010169255415476771,0.009056216893546734,1.0890410958904109,1.0,0.30791461360258937,/tmp/nxf.XXXXiaPxGB/sourmash_database/gtdb-rs214-reps.k51.zip,"GCF_020687245.1 Faecalibacterium longum CLA-AA-H243 strain=CLA-AA-H243, ASM2068724v1",e1ff3e2f54ab82a776eb959bb6aa8673,0.05350938151494093,146000,7,1817000,ERR1293090.fastq.gz,ERR1293090,81d079d2,14357000,51,DNA,1000,14357,True,0.9149166059339906,0.9442070820696377,0.9295618440018141,0.9442070820696377,False,159,3355,17557,d__Bacteria;p__Bacillota_A;c__Clostridia;o__Oscillospirales;f__Ruminococcaceae;g__Faecalibacterium;s__Faecalibacterium longum
124000,0.008636901859719997,0.045454545454545456,0.008427944556662256,0.008828387537734237,1.28099173553719,1.0,0.9977092812282815,/tmp/nxf.XXXXiaPxGB/sourmash_database/gtdb-rs214-reps.k51.zip,"GCA_022009975.1 Phocaeicola vulgatus, ASM2200997v1",dba93bdfe7eb472a4f122248b63f06b4,0.04658151765589782,121000,8,1696000,ERR1293090.fastq.gz,ERR1293090,81d079d2,14357000,51,DNA,1000,14357,True,0.9110378720630099,0.9416435627744721,0.926340717418741,0.9416435627744721,False,155,3510,17557,d__Bacteria;p__Bacteroidota;c__Bacteroidia;o__Bacteroidales;f__Tannerellaceae;g__Parabacteroides;s__Parabacteroides sp900549585
117000,0.008149334819251933,0.03939184519695923,0.007940377516194192,0.007005752691234266,1.0789473684210527,1.0,0.30043059279901246,/tmp/nxf.XXXXiaPxGB/sourmash_database/gtdb-rs214-reps.k51.zip,"GCA_900112995.1 Lactobacillus rogosae strain=ATCC 27753, IMG-taxon 2597490368 annotated assembly",ed1efb2cfdd72a79a58a29bdfe7eb6ab,0.040428472702142365,114000,9,1582000,ERR1293090.fastq.gz,ERR1293090,81d079d2,14357000,51,DNA,1000,14357,True,0.9100004582244304,0.9390314628465757,0.9245159605355031,0.9390314628465757,False,123,3633,17557,d__Bacteria;p__Bacillota_A;c__Clostridia;o__Lachnospirales;f__Lachnospiraceae;g__Lachnospira;s__Lachnospira rogosae
112000,0.0078010726474890294,0.034235916588857766,0.007661767778783869,0.006493136640656149,1.0363636363636364,1.0,0.18719327529067278,/tmp/nxf.XXXXiaPxGB/sourmash_database/gtdb-rs214-reps.k51.zip,"GCF_001404675.1 Coprococcus eutactus strain=2789STDY5834963, 14207_7#86",6309e330103cdd129eb9c6193ed4268b,0.034858387799564274,110000,10,1472000,ERR1293090.fastq.gz,ERR1293090,81d079d2,14357000,51,DNA,1000,14357,True,0.9092214912703738,0.9363059648940499,0.9227637280822119,0.9363059648940499,False,114,3747,17557,d__Bacteria;p__Bacillota_A;c__Clostridia;o__Lachnospirales;f__Lachnospiraceae;g__Coprococcus;s__Coprococcus eutactus_A
111000,0.007731420213136449,0.026134122287968443,0.007383158041373546,0.006037477929031155,1.0,1.0,0.0,/tmp/nxf.XXXXiaPxGB/sourmash_database/gtdb-rs214-reps.k51.zip,"GCF_000174195.1 Roseburia inulinivorans DSM 16841 strain=DSM 16841, ASM17419v1",e3692c21f5a57009b8f3ea43032066c2,0.027366863905325445,106000,11,1366000,ERR1293090.fastq.gz,ERR1293090,81d079d2,14357000,51,DNA,1000,14357,True,0.9090616130247303,0.9318743407929757,0.9204679769088531,0.9318743407929757,False,106,3853,17557,d__Bacteria;p__Bacillota_A;c__Clostridia;o__Lachnospirales;f__Lachnospiraceae;g__Roseburia;s__Roseburia inulinivorans
100000,0.0069652434352580625,0.028985507246376812,0.00668663369784774,0.006037477929031155,1.1041666666666667,1.0,0.36739983517809166,/tmp/nxf.XXXXiaPxGB/sourmash_database/gtdb-rs214-reps.k51.zip,"GCF_001406815.1 Roseburia faecis strain=M72, M72",a0f3a6070b93943510064cfd96143d45,0.030193236714975844,96000,12,1270000,ERR1293090.fastq.gz,ERR1293090,81d079d2,14357000,51,DNA,1000,14357,True,0.9072033250773394,0.9336719406602966,0.920437632868818,0.9336719406602966,False,106,3959,17557,d__Bacteria;p__Bacillota_A;c__Clostridia;o__Lachnospirales;f__Lachnospiraceae;g__Agathobacter;s__Agathobacter faecis
125000,0.008706554294072577,0.031205673758865248,0.006129414223027095,0.0055248618784530384,1.1022727272727273,1.0,0.30300662786303145,/tmp/nxf.XXXXiaPxGB/sourmash_database/gtdb-rs214-reps.k51.zip,"GCF_023347275.1 Faecalibacterium sp. I3389 strain=I3389, ASM2334727v1",105d513d0b8d24a4f97fa1ab6cc3e404,0.044326241134751775,88000,13,1182000,ERR1293090.fastq.gz,ERR1293090,81d079d2,14357000,51,DNA,1000,14357,True,0.9111813659626141,0.9407277155253824,0.9259545407439982,0.9407277155253824,False,97,4056,17557,d__Bacteria;p__Bacillota_A;c__Clostridia;o__Oscillospirales;f__Ruminococcaceae;g__Faecalibacterium;s__Faecalibacterium sp900758465
87000,0.006059761788674514,0.03212703101920236,0.006059761788674514,0.005297032522640542,1.0689655172413792,1.0,0.2533954906327426,/tmp/nxf.XXXXiaPxGB/sourmash_database/gtdb-rs214-reps.k51.zip,"GCA_000434935.1 Bacteroides sp. CAG:709, MGS709",402ef3bcc9b348a1306a17f4ae68b4a5,0.03212703101920236,87000,14,1095000,ERR1293090.fastq.gz,ERR1293090,81d079d2,14357000,51,DNA,1000,14357,True,0.9047294687053644,0.9348091459961816,0.919769307350773,0.9348091459961816,False,93,4149,17557,d__Bacteria;p__Bacteroidota;c__Bacteroidia;o__Bacteroidales;f__UBA932;g__Cryptobacteroides;s__Cryptobacteroides sp000434935
86000,0.005990109354321933,0.03409992069785884,0.005990109354321933,0.005297032522640542,1.0813953488372092,1.0,0.2734413027047639,/tmp/nxf.XXXXiaPxGB/sourmash_database/gtdb-rs214-reps.k51.zip,"GCF_000297775.1 Sutterella wadsworthensis 2_1_59BFAA strain=2_1_59BFAA, Sutt_wads_2_1_59BFAA_V1",3734ccb9f3bdf4dec767943ba7d441a9,0.03409992069785884,86000,15,1009000,ERR1293090.fastq.gz,ERR1293090,81d079d2,14357000,51,DNA,1000,14357,True,0.9045244053462781,0.9359021785665871,0.9202132919564325,0.9359021785665871,False,93,4242,17557,d__Bacteria;p__Pseudomonadota;c__Gammaproteobacteria;o__Burkholderiales;f__Burkholderiaceae_A;g__Sutterella;s__Sutterella wadsworthensis_A
92000,0.006408023960437418,0.024428437206388976,0.005432889879501288,0.004613544455203053,1.0384615384615385,1.0,0.1923076923076923,/tmp/nxf.XXXXiaPxGB/sourmash_database/gtdb-rs214-reps.k51.zip,"GCF_900167555.1 Gemmiger formicilis strain=ATCC 27749, IMG-taxon 2590828806 annotated assembly",316f66857e7940a11e48de3faf3d397d,0.028813028499843407,78000,16,931000,ERR1293090.fastq.gz,ERR1293090,81d079d2,14357000,51,DNA,1000,14357,True,0.9057213197822251,0.9328157300124744,0.9192685248973498,0.9328157300124744,False,81,4323,17557,d__Bacteria;p__Bacillota_A;c__Clostridia;o__Oscillospirales;f__Ruminococcaceae;g__Gemmiger;s__Gemmiger formicilis
85000,0.005920456919969353,0.016966320587490504,0.004666713101622901,0.0038730990488124394,1.0149253731343284,1.0,0.12125430454680534,/tmp/nxf.XXXXiaPxGB/sourmash_database/gtdb-rs214-reps.k51.zip,"GCA_025147325.1 Bacteroides stercoris ATCC 43183 strain=ATCC 43183, ASM2514732v1",457cfca025715f640ca0a2d4865521d7,0.021524436566219295,67000,17,864000,ERR1293090.fastq.gz,ERR1293090,81d079d2,14357000,51,DNA,1000,14357,True,0.9043169908286091,0.9274967320182772,0.9159068614234431,0.9274967320182772,False,68,4391,17557,d__Bacteria;p__Bacteroidota;c__Bacteroidia;o__Bacteroidales;f__Bacteroidaceae;g__Bacteroides;s__Bacteroides stercoris
67000,0.004666713101622901,0.032305433186490456,0.0045970606672703215,0.0037591843709061912,1.0,1.0,0.0,/tmp/nxf.XXXXiaPxGB/sourmash_database/gtdb-rs214-reps.k51.zip,"GCA_934561515.1 uncultured Oscillospiraceae bacterium, ERR7738188_bin.23",f171f404e9b0d19b0ee51974771a51ef,0.032794909446891826,66000,18,798000,ERR1293090.fastq.gz,ERR1293090,81d079d2,14357000,51,DNA,1000,14357,True,0.900107406599285,0.9351863633176332,0.9176468849584591,0.9351863633176332,False,66,4457,17557,d__Bacteria;p__Bacillota_A;c__Clostridia;o__Oscillospirales;f__Oscillospiraceae;g__ER4;s__ER4 sp900556145
64000,0.00445775579856516,0.03242147922998987,0.00445775579856516,0.003702227031953067,1.015625,1.0,0.12401959270615269,/tmp/nxf.XXXXiaPxGB/sourmash_database/gtdb-rs214-reps.k51.zip,"GCA_900762555.1 uncultured Sutterella sp., SRS144537_2",2e31ba841544d3ce1d3adf3eb8120501,0.03242147922998987,64000,19,734000,ERR1293090.fastq.gz,ERR1293090,81d079d2,14357000,51,DNA,1000,14357,True,0.8992992695461113,0.9349763887565521,0.9171378291513317,0.9349763887565521,False,65,4522,17557,d__Bacteria;p__Pseudomonadota;c__Gammaproteobacteria;o__Burkholderiales;f__Burkholderiaceae_A;g__Duodenibacillus;s__Duodenibacillus sp900762555
61000,0.004248798495507418,0.0178359096313912,0.004179146061154837,0.003588312354046819,1.05,1.0,0.2843120351538664,/tmp/nxf.XXXXiaPxGB/sourmash_database/gtdb-rs214-reps.k51.zip,"GCA_000434735.1 Bacteroides sp. CAG:530, MGS530",d6c6277fce76d67f954d155cb4b1580c,0.018133174791914387,60000,20,674000,ERR1293090.fastq.gz,ERR1293090,81d079d2,14357000,51,DNA,1000,14357,True,0.8984531060023176,0.9243840183996702,0.9114185622009939,0.9243840183996702,False,63,4585,17557,d__Bacteria;p__Bacteroidota;c__Bacteroidia;o__Bacteroidales;f__Bacteroidaceae;g__Phocaeicola;s__Phocaeicola sp000434735
65000,0.004527408232917741,0.029895366218236172,0.004179146061154837,0.003588312354046819,1.05,1.0,0.2179449471770337,/tmp/nxf.XXXXiaPxGB/sourmash_database/gtdb-rs214-reps.k51.zip,"GCA_003522105.1 Oscillibacter sp., ASM352210v1",3a0c55ad38bb72b6562163e2580de420,0.03238664673642252,60000,21,614000,ERR1293090.fastq.gz,ERR1293090,81d079d2,14357000,51,DNA,1000,14357,True,0.8995727013733333,0.9349566821870007,0.917264691780167,0.9349566821870007,False,63,4648,17557,d__Bacteria;p__Bacillota_A;c__Clostridia;o__Oscillospirales;f__Oscillospiraceae;g__ER4;s__ER4 sp003522105
60000,0.004179146061154837,0.020789288231148697,0.0041094936268022565,0.0034174403371874467,1.0169491525423728,1.0,0.12908090009938827,/tmp/nxf.XXXXiaPxGB/sourmash_database/gtdb-rs214-reps.k51.zip,"GCF_000723465.1 Ruminococcus bicirculans strain=80/3, Rb803",70a947f02b8a53314791d97d0ad7467e,0.021141649048625793,59000,22,555000,ERR1293090.fastq.gz,ERR1293090,81d079d2,14357000,51,DNA,1000,14357,True,0.8981619609761193,0.9271704580476597,0.9126662095118896,0.9271704580476597,False,60,4708,17557,d__Bacteria;p__Bacillota_A;c__Clostridia;o__Oscillospirales;f__Ruminococcaceae;g__Ruminococcus_D;s__Ruminococcus_D bicirculans
67000,0.004666713101622901,0.013881877839475013,0.0038308838893919344,0.0031896109813749503,1.018181818181818,1.0,0.133608531424537,/tmp/nxf.XXXXiaPxGB/sourmash_database/gtdb-rs214-reps.k51.zip,"GCA_003584705.1 Lachnospiraceae bacterium GAM79 strain=GAM79, ASM358470v1",70a12b75803f82aa8bff2c80aad9821b,0.01691065118626956,55000,23,500000,ERR1293090.fastq.gz,ERR1293090,81d079d2,14357000,51,DNA,1000,14357,True,0.900107406599285,0.9231197563509146,0.9116135814750999,0.9231197563509146,False,56,4764,17557,d__Bacteria;p__Bacillota_A;c__Clostridia;o__Lachnospirales;f__Lachnospiraceae;g__Acetatifactor;s__Acetatifactor sp900066565
80000,0.00557219474820645,0.018151815181518153,0.0038308838893919344,0.0031896109813749503,1.018181818181818,1.0,0.133608531424537,/tmp/nxf.XXXXiaPxGB/sourmash_database/gtdb-rs214-reps.k51.zip,"GCF_023347255.1 Faecalibacterium sp. I4384 strain=I4384, ASM2334725v1",1ea2dc0eabe05329a021ee2c38093f28,0.026402640264026403,55000,24,445000,ERR1293090.fastq.gz,ERR1293090,81d079d2,14357000,51,DNA,1000,14357,True,0.9032426515460033,0.9312191726636481,0.9172309121048257,0.9312191726636481,False,56,4820,17557,d__Bacteria;p__Bacillota_A;c__Clostridia;o__Oscillospirales;f__Ruminococcaceae;g__Faecalibacterium;s__Faecalibacterium prausnitzii_D
