intersect_bp,f_orig_query,f_match,f_unique_to_query,f_unique_weighted,average_abund,median_abund,std_abund,filename,name,md5,f_match_orig,unique_intersect_bp,gather_result_rank,remaining_bp,query_filename,query_name,query_md5,query_bp,ksize,moltype,scaled,query_n_hashes,query_abundance,query_containment_ani,match_containment_ani,average_containment_ani,max_containment_ani,potential_false_negative,n_unique_weighted_found,sum_weighted_found,total_weighted_hashes,lineage
1217000,0.1105660034523485,0.23956692913385827,0.1105660034523485,0.1335833138036091,1.4050944946589976,1.0,0.9205444845383968,/tmp/nxf.XXXXkkEP2J/sourmash_database/gtdb-rs214-reps.k51.zip,"GCF_000012825.1 Bacteroides vulgatus ATCC 8482 strain=ATCC 8482, ASM1282v1",63b92dc09e7b5ffbd878d8e5fce5cfec,0.23956692913385827,1217000,0,5154000,ERR1293133.fastq.gz,ERR1293133,c1f4b3fe,11007000,51,DNA,1000,11007,True,0.9577396834999717,0.9723707791700943,0.965055231335033,0.9723707791700943,False,1710,1710,12801,d__Bacteria;p__Bacteroidota;c__Bacteroidia;o__Bacteroidales;f__Bacteroidaceae;g__Phocaeicola;s__Phocaeicola vulgatus
687000,0.062414826928318345,0.14622435617634222,0.06087035522849096,0.06335442543551285,1.2104477611940299,1.0,0.55895273299168,/tmp/nxf.XXXXkkEP2J/sourmash_database/gtdb-rs214-reps.k51.zip,"GCA_025147485.1 Bacteroides uniformis strain=ATCC 8492, ASM2514748v1",177d80c9d0f18e5195e47e20bdf54706,0.14993452640768223,670000,1,4484000,ERR1293133.fastq.gz,ERR1293133,c1f4b3fe,11007000,51,DNA,1000,11007,True,0.9470615208785016,0.9634766831423768,0.9552691020104391,0.9634766831423768,False,811,2521,12801,d__Bacteria;p__Bacteroidota;c__Bacteroidia;o__Bacteroidales;f__Bacteroidaceae;g__Bacteroides;s__Bacteroides uniformis
631000,0.05732715544653402,0.13777972795085563,0.05705460161715272,0.054995703460667136,1.1210191082802548,1.0,0.3885350318471337,/tmp/nxf.XXXXkkEP2J/sourmash_database/gtdb-rs214-reps.k51.zip,"GCF_002222615.2 Bacteroides caccae strain=ATCC 43185, ASM222261v2",d7e7663bc3ede65000c2f57952616ae4,0.1384379113646336,628000,2,3856000,ERR1293133.fastq.gz,ERR1293133,c1f4b3fe,11007000,51,DNA,1000,11007,True,0.945483872587994,0.9619707423820246,0.9537273074850093,0.9619707423820246,False,704,3225,12801,d__Bacteria;p__Bacteroidota;c__Bacteroidia;o__Bacteroidales;f__Bacteroidaceae;g__Bacteroides;s__Bacteroides caccae
501000,0.04551648950667757,0.0757213454487486,0.043154356318706275,0.040309350831966254,1.0863157894736841,1.0,0.3093662541784038,/tmp/nxf.XXXXkkEP2J/sourmash_database/gtdb-rs214-reps.k51.zip,"GCF_000011065.1 Bacteroides thetaiotaomicron VPI-5482 strain=VPI-5482, ASM1106v1",36e5cf9f0e4c0a0411f3300c5364f87f,0.07986609277857484,475000,3,3381000,ERR1293133.fastq.gz,ERR1293133,c1f4b3fe,11007000,51,DNA,1000,11007,True,0.9412166117108794,0.9516509705762695,0.9464337911435745,0.9516509705762695,False,516,3741,12801,d__Bacteria;p__Bacteroidota;c__Bacteroidia;o__Bacteroidales;f__Bacteroidaceae;g__Bacteroides;s__Bacteroides thetaiotaomicron
286000,0.0259834650676842,0.06428410878849179,0.0259834650676842,0.024607452542770095,1.1013986013986015,1.0,0.3348073267000439,/tmp/nxf.XXXXkkEP2J/sourmash_database/gtdb-rs214-reps.k51.zip,"GCF_900537995.1 Roseburia intestinalis L1-82 strain=L1-82, Roseburia intestinalis strain L1-82",a0a31bbf8562bc7e5e4b2fd755c9aae9,0.06428410878849179,286000,4,3095000,ERR1293133.fastq.gz,ERR1293133,c1f4b3fe,11007000,51,DNA,1000,11007,True,0.9309270048814869,0.947609667828445,0.939268336354966,0.947609667828445,False,315,4056,12801,d__Bacteria;p__Bacillota_A;c__Clostridia;o__Lachnospirales;f__Lachnospiraceae;g__Roseburia;s__Roseburia intestinalis
235000,0.021350049968202053,0.10329670329670329,0.021350049968202053,0.020076556519021953,1.0936170212765957,1.0,0.3055544352513403,/tmp/nxf.XXXXkkEP2J/sourmash_database/gtdb-rs214-reps.k51.zip,"GCA_900540455.1 uncultured Faecalibacterium sp., UMGS253",a6dea697c972d5c74e46b458d8fdf516,0.10329670329670329,235000,5,2860000,ERR1293133.fastq.gz,ERR1293133,c1f4b3fe,11007000,51,DNA,1000,11007,True,0.9273488027393669,0.9564634132235069,0.9419061079814369,0.9564634132235069,False,257,4313,12801,d__Bacteria;p__Bacillota_A;c__Clostridia;o__Oscillospirales;f__Ruminococcaceae;g__Faecalibacterium;s__Faecalibacterium sp900540455
234000,0.02125919869174162,0.04744069912609238,0.020714091032979012,0.019373486446371376,1.087719298245614,1.0,0.3260987771130019,/tmp/nxf.XXXXkkEP2J/sourmash_database/gtdb-rs214-reps.k51.zip,"GCF_000012845.1 Parabacteroides distasonis ATCC 8503 strain=ATCC 8503, ASM1284v1",85c74583c59734abc0e8f1a3e909b79d,0.04868913857677903,228000,6,2632000,ERR1293133.fastq.gz,ERR1293133,c1f4b3fe,11007000,51,DNA,1000,11007,True,0.9272712650966022,0.942460970990883,0.9348661180437425,0.942460970990883,False,248,4561,12801,d__Bacteria;p__Bacteroidota;c__Bacteroidia;o__Bacteroidales;f__Tannerellaceae;g__Parabacteroides;s__Parabacteroides distasonis
232000,0.02107749613882075,0.09043824701195219,0.02062323975651858,0.019451605343332554,1.0969162995594715,1.0,0.36273460529055335,/tmp/nxf.XXXXkkEP2J/sourmash_database/gtdb-rs214-reps.k51.zip,"GCF_000154465.1 Alistipes putredinis DSM 17216 strain=DSM 17216, ASM15446v1",2f08d0845365d89ec7bf59fbef01de57,0.09243027888446215,227000,7,2405000,ERR1293133.fastq.gz,ERR1293133,c1f4b3fe,11007000,51,DNA,1000,11007,True,0.9271152104086321,0.9543811397014758,0.9407481750550539,0.9543811397014758,False,249,4810,12801,d__Bacteria;p__Bacteroidota;c__Bacteroidia;o__Bacteroidales;f__Rikenellaceae;g__Alistipes;s__Alistipes putredinis
219000,0.019896429544835104,0.0403518837253777,0.01916961933315163,0.017264276228419653,1.04739336492891,1.0,0.21247878456360086,/tmp/nxf.XXXXkkEP2J/sourmash_database/gtdb-rs214-reps.k51.zip,"GCF_000025985.1 Bacteroides fragilis NCTC 9343, ASM2598v1",5ed7bd7e8a301425ed2ad891c3e399f5,0.04188181296615032,211000,8,2194000,ERR1293133.fastq.gz,ERR1293133,c1f4b3fe,11007000,51,DNA,1000,11007,True,0.9260675147230997,0.9396819649140717,0.9328747398185857,0.9396819649140717,False,221,5031,12801,d__Bacteria;p__Bacteroidota;c__Bacteroidia;o__Bacteroidales;f__Bacteroidaceae;g__Bacteroides;s__Bacteroides fragilis
215000,0.01953302443899337,0.05525894287239722,0.018806214227309895,0.01781110850714788,1.1014492753623188,1.0,0.5053795876568895,/tmp/nxf.XXXXkkEP2J/sourmash_database/gtdb-rs214-reps.k51.zip,"GCF_003473545.1 Clostridium sp. AM22-11AC strain=AM22-11AC, ASM347354v1",50efc7fa47c0997c24a73c521b04bdd3,0.05739455419113721,207000,9,1987000,ERR1293133.fastq.gz,ERR1293133,c1f4b3fe,11007000,51,DNA,1000,11007,True,0.9257328526134219,0.945505655964333,0.9356192542888775,0.945505655964333,False,228,5259,12801,d__Bacteria;p__Bacillota_A;c__Clostridia;o__Lachnospirales;f__Lachnospiraceae;g__Enterocloster;s__Enterocloster sp000431375
182000,0.01653493231579904,0.030881017257039057,0.015444716998273825,0.014373877040856183,1.0823529411764705,1.0,0.3148020743590506,/tmp/nxf.XXXXkkEP2J/sourmash_database/gtdb-rs214-reps.k51.zip,"GCA_000613465.1 Bacteroides nordii WAL 11050 = JCM 12987 strain=JCM 12987, ASM61346v1",2622449679f676b2a7b48fe066bdf236,0.03306085376930064,170000,10,1817000,ERR1293133.fastq.gz,ERR1293133,c1f4b3fe,11007000,51,DNA,1000,11007,True,0.9227131588511884,0.9353344758033478,0.9290238173272681,0.9353344758033478,False,184,5443,12801,d__Bacteria;p__Bacteroidota;c__Bacteroidia;o__Bacteroidales;f__Bacteroidaceae;g__Bacteroides;s__Bacteroides nordii
186000,0.016898337421640774,0.042907622412922765,0.015444716998273825,0.014061401453011484,1.0588235294117647,1.0,0.23529411764705885,/tmp/nxf.XXXXkkEP2J/sourmash_database/gtdb-rs214-reps.k51.zip,"GCA_003584705.1 Lachnospiraceae bacterium GAM79 strain=GAM79, ASM358470v1",70a12b75803f82aa8bff2c80aad9821b,0.046945986875315496,170000,11,1647000,ERR1293133.fastq.gz,ERR1293133,c1f4b3fe,11007000,51,DNA,1000,11007,True,0.9231065715537823,0.9417874768442241,0.9324470241990033,0.9417874768442241,False,180,5623,12801,d__Bacteria;p__Bacillota_A;c__Clostridia;o__Lachnospirales;f__Lachnospiraceae;g__Acetatifactor;s__Acetatifactor sp900066565
133000,0.012083219769237758,0.039313572542901715,0.011447260834014717,0.011014764471525662,1.119047619047619,1.0,0.3474885599839625,/tmp/nxf.XXXXkkEP2J/sourmash_database/gtdb-rs214-reps.k51.zip,"GCA_000020605.1 [Eubacterium] rectale ATCC 33656 strain=ATCC 33656, ASM2060v1",bb4d1c2199066ffc1226ec8433ce5698,0.041497659906396256,126000,12,1521000,ERR1293133.fastq.gz,ERR1293133,c1f4b3fe,11007000,51,DNA,1000,11007,True,0.9170557509471581,0.9395121993103429,0.9282839751287505,0.9395121993103429,False,141,5764,12801,d__Bacteria;p__Bacillota_A;c__Clostridia;o__Lachnospirales;f__Lachnospiraceae;g__Agathobacter;s__Agathobacter rectalis
122000,0.01108385572817298,0.046229632436528986,0.01108385572817298,0.009999218811030388,1.0491803278688525,1.0,0.2162443599716872,/tmp/nxf.XXXXkkEP2J/sourmash_database/gtdb-rs214-reps.k51.zip,"GCA_000436475.1 Eubacterium sp. CAG:248, MGS248",0cbfa984f760c0f973970a752712a480,0.046229632436528986,122000,13,1399000,ERR1293133.fastq.gz,ERR1293133,c1f4b3fe,11007000,51,DNA,1000,11007,True,0.9155047568418626,0.9415035663231215,0.928504161582492,0.9415035663231215,False,128,5892,12801,d__Bacteria;p__Bacillota_A;c__Clostridia;o__Lachnospirales;f__Lachnospiraceae;g__Lachnospira;s__Lachnospira sp000436475
138000,0.012537476151539929,0.027237354085603113,0.010175342963568638,0.017264276228419653,1.9732142857142858,1.0,2.144177420649814,/tmp/nxf.XXXXkkEP2J/sourmash_database/gtdb-rs214-reps.k51.zip,"GCF_000154845.1 Bacteroides coprocola DSM 17136 strain=DSM 17136, ASM15484v1",6c4a84c6881f2933a9b05588fca9caee,0.03356031128404669,112000,14,1287000,ERR1293133.fastq.gz,ERR1293133,c1f4b3fe,11007000,51,DNA,1000,11007,True,0.9177195898498404,0.9356095089712241,0.9266645494105322,0.9356095089712241,False,221,6113,12801,d__Bacteria;p__Bacteroidota;c__Bacteroidia;o__Bacteroidales;f__Bacteroidaceae;g__Phocaeicola;s__Phocaeicola coprocola
127000,0.011538112110475153,0.02294405774684197,0.00808576360497865,0.0072650574173892665,1.0449438202247192,1.0,0.20718077432118848,/tmp/nxf.XXXXkkEP2J/sourmash_database/gtdb-rs214-reps.k51.zip,"GCA_025145285.1 Alistipes onderdonkii strain=DSM 19147, ASM2514528v1",2de6e539bf1bbcefae850f4a041e233c,0.03274039700953854,89000,15,1198000,ERR1293133.fastq.gz,ERR1293133,c1f4b3fe,11007000,51,DNA,1000,11007,True,0.9162260644182685,0.9351558583008799,0.9256909613595742,0.9351558583008799,False,93,6206,12801,d__Bacteria;p__Bacteroidota;c__Bacteroidia;o__Bacteroidales;f__Rikenellaceae;g__Alistipes;s__Alistipes onderdonkii
98000,0.008903425093122558,0.01802990325417766,0.00744980466975561,0.007186938520428092,1.1219512195121952,1.0,0.6877010819449603,/tmp/nxf.XXXXkkEP2J/sourmash_database/gtdb-rs214-reps.k51.zip,"GCA_025148125.1 Blautia wexlerae DSM 19850 strain=DSM 19850, ASM2514812v1",7f2073ec6218c72ec98b02ac15cb9880,0.021547933157431837,82000,16,1116000,ERR1293133.fastq.gz,ERR1293133,c1f4b3fe,11007000,51,DNA,1000,11007,True,0.9115809428935455,0.927516573906155,0.9195487583998503,0.927516573906155,False,92,6298,12801,d__Bacteria;p__Bacillota_A;c__Clostridia;o__Lachnospirales;f__Lachnospiraceae;g__Blautia_A;s__Blautia_A wexlerae
418000,0.037975833560461525,0.014764855997083486,0.007358953393295176,0.00828060307788454,1.308641975308642,1.0,0.6012738598462183,/tmp/nxf.XXXXkkEP2J/sourmash_database/gtdb-rs214-reps.k51.zip,"GCF_013009555.1 Bacteroides dorei strain=DSM 17855, ASM1300955v1",92c62d3d608447418f79f40c554d2f69,0.07619394823186293,81000,17,1035000,ERR1293133.fastq.gz,ERR1293133,c1f4b3fe,11007000,51,DNA,1000,11007,True,0.937879843427587,0.9507730699842322,0.9443264567059095,0.9507730699842322,False,106,6404,12801,d__Bacteria;p__Bacteroidota;c__Bacteroidia;o__Bacteroidales;f__Bacteroidaceae;g__Phocaeicola;s__Phocaeicola dorei
78000,0.007086399563913873,0.03422553751645459,0.007086399563913873,0.006249511756893993,1.0256410256410255,1.0,0.15806189751202504,/tmp/nxf.XXXXkkEP2J/sourmash_database/gtdb-rs214-reps.k51.zip,"GCF_003269275.1 Phascolarctobacterium faecium DSM 14760 strain=DSM 14760, ASM326927v1",7c43b2da8075c4100917842aa30c8367,0.03422553751645459,78000,18,957000,ERR1293133.fastq.gz,ERR1293133,c1f4b3fe,11007000,51,DNA,1000,11007,True,0.9075101332490113,0.9359696580362038,0.9217398956426075,0.9359696580362038,False,80,6484,12801,d__Bacteria;p__Bacillota_C;c__Negativicutes;o__Acidaminococcales;f__Acidaminococcaceae;g__Phascolarctobacterium;s__Phascolarctobacterium faecium
98000,0.008903425093122558,0.018943436499466382,0.006450440628690833,0.005546441684243419,1.0,1.0,0.0,/tmp/nxf.XXXXkkEP2J/sourmash_database/gtdb-rs214-reps.k51.zip,"GCF_003435375.1 Clostridium sp. AM34-11AC strain=AM34-11AC, ASM343537v1",dbc6837b95ffa97bbc27800d0a9cc61b,0.026147278548559232,71000,19,886000,ERR1293133.fastq.gz,ERR1293133,c1f4b3fe,11007000,51,DNA,1000,11007,True,0.9115809428935455,0.9310417302221531,0.9213113365578494,0.9310417302221531,False,71,6555,12801,d__Bacteria;p__Bacillota_A;c__Clostridia;o__Lachnospirales;f__Lachnospiraceae;g__Copromonas;s__Copromonas sp900066535
78000,0.007086399563913873,0.019807583474816072,0.006359589352230399,0.005468322787282243,1.0,1.0,0.0,/tmp/nxf.XXXXkkEP2J/sourmash_database/gtdb-rs214-reps.k51.zip,"GCF_005121165.3 Dysosmobacter welbionis strain=J115, ASM512116v3",09a34dca3e142e3d9e58ce200e89b31c,0.022071307300509338,70000,20,816000,ERR1293133.fastq.gz,ERR1293133,c1f4b3fe,11007000,51,DNA,1000,11007,True,0.9075101332490113,0.9279531286279814,0.9177316309384964,0.9279531286279814,False,70,6625,12801,d__Bacteria;p__Bacillota_A;c__Clostridia;o__Oscillospirales;f__Oscillospiraceae;g__Dysosmobacter;s__Dysosmobacter welbionis
589000,0.05351140183519579,0.013843443241882709,0.0049968202053238845,0.006015155066010468,1.4,1.0,0.7769403861535087,/tmp/nxf.XXXXkkEP2J/sourmash_database/gtdb-rs214-reps.k51.zip,"GCA_900760795.1 Bacteroidaceae bacterium, SRS021948_34",d1db19c7390bdd0d48d0186cf7ff78fb,0.1482506921721621,55000,21,761000,ERR1293133.fastq.gz,ERR1293133,c1f4b3fe,11007000,51,DNA,1000,11007,True,0.9442077810730991,0.9632633438833608,0.95373556247823,0.9632633438833608,False,77,6702,12801,d__Bacteria;p__Bacteroidota;c__Bacteroidia;o__Bacteroidales;f__Bacteroidaceae;g__Phocaeicola;s__Phocaeicola sp900760795
67000,0.006087035522849096,0.013190034196384953,0.004905968928863451,0.00429653933286462,1.0185185185185186,1.0,0.13481684980149106,/tmp/nxf.XXXXkkEP2J/sourmash_database/gtdb-rs214-reps.k51.zip,"GCF_020554845.1 Blautia faecis strain=DFI.3.66, ASM2055484v1",966f2aea56b388fc36102b75054e49d4,0.016365412799218368,54000,22,707000,ERR1293133.fastq.gz,ERR1293133,c1f4b3fe,11007000,51,DNA,1000,11007,True,0.9048091362119514,0.922526733164111,0.9136679346880312,0.922526733164111,False,55,6757,12801,d__Bacteria;p__Bacillota_A;c__Clostridia;o__Lachnospirales;f__Lachnospiraceae;g__Blautia_A;s__Blautia_A faecis
57000,0.005178522758244753,0.00818639798488665,0.004724266375942582,0.00414030153894227,1.0192307692307692,1.0,0.13733516208736252,/tmp/nxf.XXXXkkEP2J/sourmash_database/gtdb-rs214-reps.k51.zip,"GCA_025149125.1 [Clostridium] asparagiforme DSM 15981 strain=DSM 15981, ASM2514912v1",e521dfe7385306788110be8c24c20c64,0.008973551637279597,52000,23,655000,ERR1293133.fastq.gz,ERR1293133,c1f4b3fe,11007000,51,DNA,1000,11007,True,0.9019459392721715,0.9117211852020676,0.9068335622371195,0.9117211852020676,False,53,6810,12801,d__Bacteria;p__Bacillota_A;c__Clostridia;o__Lachnospirales;f__Lachnospiraceae;g__Enterocloster;s__Enterocloster asparagiformis
65000,0.005905332969928227,0.007621951219512195,0.004542563823021714,0.0039059448480587454,1.0,1.0,0.0,/tmp/nxf.XXXXkkEP2J/sourmash_database/gtdb-rs214-reps.k51.zip,"GCF_002234575.2 Enterocloster bolteae strain=ATCC BAA-613, ASM223457v2",b5edd45c572fe04753d4848d8e14e842,0.009908536585365854,50000,24,605000,ERR1293133.fastq.gz,ERR1293133,c1f4b3fe,11007000,51,DNA,1000,11007,True,0.9042716379422181,0.9134947778278427,0.9088832078850304,0.9134947778278427,False,50,6860,12801,d__Bacteria;p__Bacillota_A;c__Clostridia;o__Lachnospirales;f__Lachnospiraceae;g__Enterocloster;s__Enterocloster bolteae
