intersect_bp,f_orig_query,f_match,f_unique_to_query,f_unique_weighted,average_abund,median_abund,std_abund,filename,name,md5,f_match_orig,unique_intersect_bp,gather_result_rank,remaining_bp,query_filename,query_name,query_md5,query_bp,ksize,moltype,scaled,query_n_hashes,query_abundance,query_containment_ani,match_containment_ani,average_containment_ani,max_containment_ani,potential_false_negative,n_unique_weighted_found,sum_weighted_found,total_weighted_hashes,lineage
1772000,0.16898722105664696,0.41228478362028853,0.16898722105664696,0.2113252064490759,1.5163656884875847,1.0,0.908489367981092,/tmp/nxf.XXXXN9csKG/sourmash_database/gtdb-rs214-reps.k51.zip,"GCA_025151215.1 Parabacteroides merdae ATCC 43184 strain=ATCC 43184, ASM2515121v1",04366d02afc93cbeed4bfc2d3a9aa9a9,0.41228478362028853,1772000,0,3995000,ERR1293063.fastq.gz,ERR1293063,5c97d6dc,10486000,51,DNA,1000,10486,True,0.9657392436359234,0.9827766946013793,0.9742579691186514,0.9827766946013793,False,2687,2687,12715,d__Bacteria;p__Bacteroidota;c__Bacteroidia;o__Bacteroidales;f__Tannerellaceae;g__Parabacteroides;s__Parabacteroides merdae
1152000,0.10986076673660118,0.18157181571815717,0.10862101850085829,0.11734172237514746,1.3099209833187007,1.0,0.5893389198931942,/tmp/nxf.XXXXN9csKG/sourmash_database/gtdb-rs214-reps.k51.zip,"GCF_000011065.1 Bacteroides thetaiotaomicron VPI-5482 strain=VPI-5482, ASM1106v1",36e5cf9f0e4c0a0411f3300c5364f87f,0.1836441893830703,1139000,1,2856000,ERR1293063.fastq.gz,ERR1293063,5c97d6dc,10486000,51,DNA,1000,10486,True,0.9576195256589404,0.9673155743502134,0.962467550004577,0.9673155743502134,False,1492,4179,12715,d__Bacteria;p__Bacteroidota;c__Bacteroidia;o__Bacteroidales;f__Bacteroidaceae;g__Bacteroides;s__Bacteroides thetaiotaomicron
238000,0.022696929238985315,0.07425897035881435,0.022696929238985315,0.020605583955957532,1.1008403361344539,1.0,0.3404139344626739,/tmp/nxf.XXXXN9csKG/sourmash_database/gtdb-rs214-reps.k51.zip,"GCA_000020605.1 [Eubacterium] rectale ATCC 33656 strain=ATCC 33656, ASM2060v1",bb4d1c2199066ffc1226ec8433ce5698,0.07425897035881435,238000,2,2618000,ERR1293063.fastq.gz,ERR1293063,5c97d6dc,10486000,51,DNA,1000,10486,True,0.928461844316771,0.9502936385514472,0.9393777414341091,0.9502936385514472,False,262,4441,12715,d__Bacteria;p__Bacillota_A;c__Clostridia;o__Lachnospirales;f__Lachnospiraceae;g__Agathobacter;s__Agathobacter rectalis
166000,0.01583063131794774,0.042760487144790256,0.015067709326721343,0.013291388124262681,1.0696202531645569,1.0,0.27826516375924826,/tmp/nxf.XXXXN9csKG/sourmash_database/gtdb-rs214-reps.k51.zip,"GCA_025145845.1 Alistipes shahii WAL 8301 strain=WAL 8301, ASM2514584v1",ce3fdcea4344bf5e1303cba1f2181070,0.0449255751014885,158000,3,2460000,ERR1293063.fastq.gz,ERR1293063,5c97d6dc,10486000,51,DNA,1000,10486,True,0.9219259591765282,0.9409754801512406,0.9314507196638844,0.9409754801512406,False,169,4610,12715,d__Bacteria;p__Bacteroidota;c__Bacteroidia;o__Bacteroidales;f__Rikenellaceae;g__Alistipes;s__Alistipes shahii
158000,0.015067709326721343,0.05567300916138125,0.015067709326721343,0.013841918993314982,1.1139240506329113,1.0,0.49008761221787195,/tmp/nxf.XXXXN9csKG/sourmash_database/gtdb-rs214-reps.k51.zip,"GCF_000723465.1 Ruminococcus bicirculans strain=80/3, Rb803",70a947f02b8a53314791d97d0ad7467e,0.05567300916138125,158000,4,2302000,ERR1293063.fastq.gz,ERR1293063,5c97d6dc,10486000,51,DNA,1000,10486,True,0.9210335195735765,0.9449412284089803,0.9329873739912784,0.9449412284089803,False,176,4786,12715,d__Bacteria;p__Bacillota_A;c__Clostridia;o__Oscillospirales;f__Ruminococcaceae;g__Ruminococcus_D;s__Ruminococcus_D bicirculans
162000,0.015449170322334541,0.03483928972802877,0.014781613580011444,0.012740857255210382,1.0451612903225806,1.0,0.20765776696040109,/tmp/nxf.XXXXN9csKG/sourmash_database/gtdb-rs214-reps.k51.zip,"GCF_900537995.1 Roseburia intestinalis L1-82 strain=L1-82, Roseburia intestinalis strain L1-82",a0a31bbf8562bc7e5e4b2fd755c9aae9,0.03641267700606878,155000,5,2147000,ERR1293063.fastq.gz,ERR1293063,5c97d6dc,10486000,51,DNA,1000,10486,True,0.921485140798327,0.9371071830992507,0.9292961619487888,0.9371071830992507,False,162,4948,12715,d__Bacteria;p__Bacillota_A;c__Clostridia;o__Lachnospirales;f__Lachnospiraceae;g__Roseburia;s__Roseburia intestinalis
135000,0.012874308601945451,0.0447396015379238,0.012206751859622354,0.01108926464805348,1.1015625,1.0,0.5706334713226608,/tmp/nxf.XXXXN9csKG/sourmash_database/gtdb-rs214-reps.k51.zip,"GCF_020564355.1 Lachnospira pectinoschiza strain=SL.1.13, ASM2056435v1",3bf2c0fcdedffa7ce0c88a9624ebba72,0.04718629849702901,128000,6,2019000,ERR1293063.fastq.gz,ERR1293063,5c97d6dc,10486000,51,DNA,1000,10486,True,0.9181967749780235,0.941881768135999,0.9300392715570113,0.941881768135999,False,141,5089,12715,d__Bacteria;p__Bacillota_A;c__Clostridia;o__Lachnospirales;f__Lachnospiraceae;g__Lachnospira;s__Lachnospira sp000437735
114000,0.010871638374976159,0.02829684997330486,0.010108716383749761,0.008887141171844278,1.0660377358490567,1.0,0.34391936101053183,/tmp/nxf.XXXXN9csKG/sourmash_database/gtdb-rs214-reps.k51.zip,"GCF_003473545.1 Clostridium sp. AM22-11AC strain=AM22-11AC, ASM347354v1",50efc7fa47c0997c24a73c521b04bdd3,0.030432461292044848,106000,7,1913000,ERR1293063.fastq.gz,ERR1293063,5c97d6dc,10486000,51,DNA,1000,10486,True,0.9151577889247968,0.9338164310714859,0.9244871099981413,0.9338164310714859,False,113,5202,12715,d__Bacteria;p__Bacillota_A;c__Clostridia;o__Lachnospirales;f__Lachnospiraceae;g__Enterocloster;s__Enterocloster sp000431375
105000,0.010013351134846462,0.045714285714285714,0.009917985885943162,0.00896578843885175,1.0961538461538463,1.0,0.2948021099376133,/tmp/nxf.XXXXN9csKG/sourmash_database/gtdb-rs214-reps.k51.zip,"GCA_900540455.1 uncultured Faecalibacterium sp., UMGS253",a6dea697c972d5c74e46b458d8fdf516,0.046153846153846156,104000,8,1809000,ERR1293063.fastq.gz,ERR1293063,5c97d6dc,10486000,51,DNA,1000,10486,True,0.9136832754099009,0.9414732782813832,0.927578276845642,0.9414732782813832,False,114,5316,12715,d__Bacteria;p__Bacillota_A;c__Clostridia;o__Oscillospirales;f__Ruminococcaceae;g__Faecalibacterium;s__Faecalibacterium sp900540455
103000,0.009822620637039862,0.05162907268170426,0.009822620637039862,0.009044435705859222,1.116504854368932,1.0,0.3208293522690932,/tmp/nxf.XXXXN9csKG/sourmash_database/gtdb-rs214-reps.k51.zip,"GCA_900543625.1 uncultured Clostridiales bacterium, UMGS596",230628a283f5731e4baeb5b079cd6331,0.05162907268170426,103000,9,1706000,ERR1293063.fastq.gz,ERR1293063,5c97d6dc,10486000,51,DNA,1000,10486,True,0.9133388036213151,0.943545035287264,0.9284419194542896,0.943545035287264,False,115,5431,12715,d__Bacteria;p__Bacillota_A;c__Clostridia;o__Oscillospirales;f__Oscillospiraceae;g__CAG-103;s__CAG-103 sp900543625
96000,0.009155063894716766,0.03676183026984748,0.008964333396910166,0.008022021234762092,1.0851063829787233,1.0,0.3148648635521009,/tmp/nxf.XXXXN9csKG/sourmash_database/gtdb-rs214-reps.k51.zip,"GCF_018408575.1 Oscillibacter sp. MM50 strain=MM50, ASM1840857v1",e6e6d5e92963e67195839cba6e2f7cae,0.03754399687133359,94000,10,1612000,ERR1293063.fastq.gz,ERR1293063,5c97d6dc,10486000,51,DNA,1000,10486,True,0.9120792511043972,0.937669551988308,0.9248744015463526,0.937669551988308,False,102,5533,12715,d__Bacteria;p__Bacillota_A;c__Clostridia;o__Oscillospirales;f__Oscillospiraceae;g__Vescimonas;s__Vescimonas coprocola
89000,0.008487507152393667,0.036595394736842105,0.008487507152393667,0.00739284309870232,1.0561797752808988,1.0,0.23026855653841793,/tmp/nxf.XXXXN9csKG/sourmash_database/gtdb-rs214-reps.k51.zip,"GCA_900544375.1 uncultured Ruminococcaceae bacterium, UMGS668",10109c779a5baf5bc4fa694e8a809e35,0.036595394736842105,89000,11,1523000,ERR1293063.fastq.gz,ERR1293063,5c97d6dc,10486000,51,DNA,1000,10486,True,0.9107262324917809,0.9371991604974008,0.9239626964945908,0.9371991604974008,False,94,5627,12715,d__Bacteria;p__Bacillota_A;c__Clostridia;o__Oscillospirales;f__Acutalibacteraceae;g__Fimivicinus;s__Fimivicinus sp900544375
87000,0.008296776654587069,0.03817463799912242,0.008296776654587069,0.007235548564687377,1.0574712643678161,1.0,0.23274088196915615,/tmp/nxf.XXXXN9csKG/sourmash_database/gtdb-rs214-reps.k51.zip,"GCF_003269275.1 Phascolarctobacterium faecium DSM 14760 strain=DSM 14760, ASM326927v1",7c43b2da8075c4100917842aa30c8367,0.03817463799912242,87000,12,1436000,ERR1293063.fastq.gz,ERR1293063,5c97d6dc,10486000,51,DNA,1000,10486,True,0.9103204559655632,0.9379758682957784,0.9241481621306709,0.9379758682957784,False,92,5719,12715,d__Bacteria;p__Bacillota_C;c__Negativicutes;o__Acidaminococcales;f__Acidaminococcaceae;g__Phascolarctobacterium;s__Phascolarctobacterium faecium
202000,0.019263780278466525,0.013570112246607473,0.0077245851611672705,0.008651199370821865,1.3580246913580247,1.0,0.7081298962814808,/tmp/nxf.XXXXN9csKG/sourmash_database/gtdb-rs214-reps.k51.zip,"GCF_900106755.1 Bacteroides faecis MAJ27 strain=MAJ27, IMG-taxon 2693429916 annotated assembly",29f2cc9d2d6e4b636e9cf811c74231fd,0.033841514491539625,81000,13,1355000,ERR1293063.fastq.gz,ERR1293063,5c97d6dc,10486000,51,DNA,1000,10486,True,0.9254809436007292,0.9357625969551497,0.9306217702779395,0.9357625969551497,False,110,5829,12715,d__Bacteria;p__Bacteroidota;c__Bacteroidia;o__Bacteroidales;f__Bacteroidaceae;g__Bacteroides;s__Bacteroides faecis
87000,0.008296776654587069,0.022354272778720995,0.0075338546633606715,0.006449075894612662,1.0379746835443038,1.0,0.1911350489941962,/tmp/nxf.XXXXN9csKG/sourmash_database/gtdb-rs214-reps.k51.zip,"GCF_005121165.3 Dysosmobacter welbionis strain=J115, ASM512116v3",09a34dca3e142e3d9e58ce200e89b31c,0.02461799660441426,79000,14,1276000,ERR1293063.fastq.gz,ERR1293063,5c97d6dc,10486000,51,DNA,1000,10486,True,0.9103204559655632,0.9299421558053835,0.9201313058854734,0.9299421558053835,False,82,5911,12715,d__Bacteria;p__Bacillota_A;c__Clostridia;o__Oscillospirales;f__Oscillospiraceae;g__Dysosmobacter;s__Dysosmobacter welbionis
81000,0.0077245851611672705,0.027857142857142858,0.007438489414457372,0.006606370428627605,1.0769230769230769,1.0,0.26646935501059654,/tmp/nxf.XXXXN9csKG/sourmash_database/gtdb-rs214-reps.k51.zip,"GCA_001304995.1 Clostridia bacterium UC5.1-1D10 strain=UC5.1-1D10, ASM130499v1",b3eb83ec1585e4f34c5370ace6dfe9b6,0.02892857142857143,78000,15,1198000,ERR1293063.fastq.gz,ERR1293063,5c97d6dc,10486000,51,DNA,1000,10486,True,0.909045848025199,0.9328889328403698,0.9209673904327844,0.9328889328403698,False,84,5995,12715,d__Bacteria;p__Bacillota_A;c__Clostridia;o__Lachnospirales;f__Anaerotignaceae;g__Anaerotignum;s__Anaerotignum sp001304995
91000,0.008678237650200267,0.0176678445229682,0.006675567423230975,0.005977192292567833,1.0857142857142856,1.0,0.27994168488950605,/tmp/nxf.XXXXN9csKG/sourmash_database/gtdb-rs214-reps.k51.zip,"GCA_003584705.1 Lachnospiraceae bacterium GAM79 strain=GAM79, ASM358470v1",70a12b75803f82aa8bff2c80aad9821b,0.022968197879858657,70000,16,1128000,ERR1293063.fastq.gz,ERR1293063,5c97d6dc,10486000,51,DNA,1000,10486,True,0.9111231659010063,0.9286781632322648,0.9199006645666356,0.9286781632322648,False,76,6071,12715,d__Bacteria;p__Bacillota_A;c__Clostridia;o__Lachnospirales;f__Lachnospiraceae;g__Acetatifactor;s__Acetatifactor sp900066565
222000,0.02117108525653252,0.019145394006659266,0.006580202174327675,0.007864726700747149,1.4492753623188406,1.0,0.7715264727076038,/tmp/nxf.XXXXN9csKG/sourmash_database/gtdb-rs214-reps.k51.zip,"GCA_900755095.1 uncultured Bacteroides sp., ERS473029_19",157ba610ccdcf1ff58761725bd879825,0.061598224195338516,69000,17,1059000,ERR1293063.fastq.gz,ERR1293063,5c97d6dc,10486000,51,DNA,1000,10486,True,0.927195753134225,0.9468169911579599,0.9370063721460924,0.9468169911579599,False,100,6171,12715,d__Bacteria;p__Bacteroidota;c__Bacteroidia;o__Bacteroidales;f__Bacteroidaceae;g__Bacteroides;s__Bacteroides sp900755095
64000,0.006103375929811177,0.03173029251363411,0.006103375929811177,0.0050334250884781755,1.0,1.0,0.0,/tmp/nxf.XXXXN9csKG/sourmash_database/gtdb-rs214-reps.k51.zip,"GCA_000435195.1 Clostridium sp. CAG:169, MGS169",2c628f16ba407b3bc78d968830c8b716,0.03173029251363411,64000,18,995000,ERR1293063.fastq.gz,ERR1293063,5c97d6dc,10486000,51,DNA,1000,10486,True,0.9048566996211294,0.9345814113557551,0.9197190554884422,0.9345814113557551,False,64,6235,12715,d__Bacteria;p__Bacillota_A;c__Clostridia;o__Oscillospirales;f__Ruminococcaceae;g__Negativibacillus;s__Negativibacillus sp000435195
67000,0.006389471676521076,0.017133532771280935,0.006008010680907877,0.005977192292567833,1.2063492063492063,1.0,0.5392154841734293,/tmp/nxf.XXXXN9csKG/sourmash_database/gtdb-rs214-reps.k51.zip,"GCA_900755895.1 Clostridia bacterium, ERS473283_28",58318ee12a4ac30ff9128e9078d0382d,0.018221376121838457,63000,19,932000,ERR1293063.fastq.gz,ERR1293063,5c97d6dc,10486000,51,DNA,1000,10486,True,0.9056698307461502,0.9244719712887365,0.9150709010174434,0.9244719712887365,False,76,6311,12715,d__Bacteria;p__Bacillota_A;c__Clostridia;o__Oscillospirales;f__Acutalibacteraceae;g__Acutalibacter;s__Acutalibacter sp900755895
69000,0.006580202174327675,0.016497113005224086,0.005721914934197978,0.0047974832874557605,1.0166666666666666,1.0,0.12801909579781015,/tmp/nxf.XXXXN9csKG/sourmash_database/gtdb-rs214-reps.k51.zip,"GCF_015557635.1 Fusicatenibacter saccharivorans strain=D41t1_190614_C8, ASM1555763v1",d2fdc17cdae8aecf1aac02f627d3979a,0.0189716799560077,60000,20,872000,ERR1293063.fastq.gz,ERR1293063,5c97d6dc,10486000,51,DNA,1000,10486,True,0.9061923199994284,0.925203716036577,0.9156980180180028,0.925203716036577,False,61,6372,12715,d__Bacteria;p__Bacillota_A;c__Clostridia;o__Lachnospirales;f__Lachnospiraceae;g__Fusicatenibacter;s__Fusicatenibacter saccharivorans
67000,0.006389471676521076,0.020768431983385256,0.005721914934197978,0.0047188360204482895,1.0,1.0,0.0,/tmp/nxf.XXXXN9csKG/sourmash_database/gtdb-rs214-reps.k51.zip,"GCF_020709055.1 Ruminococcus callidus strain=MSK.21.81, ASM2070905v1",3d36fa1fd7c6961f5ace5e67bf2b8252,0.0231914157147802,60000,21,812000,ERR1293063.fastq.gz,ERR1293063,5c97d6dc,10486000,51,DNA,1000,10486,True,0.9056698307461502,0.9288542944532991,0.9172620625997246,0.9288542944532991,False,60,6432,12715,d__Bacteria;p__Bacillota_A;c__Clostridia;o__Oscillospirales;f__Ruminococcaceae;g__Ruminococcus_C;s__Ruminococcus_C sp000437175
60000,0.005721914934197978,0.022463206816421378,0.005531184436391379,0.005112072355485647,1.1206896551724137,1.0,0.5594820944685501,/tmp/nxf.XXXXN9csKG/sourmash_database/gtdb-rs214-reps.k51.zip,"GCA_004000625.1 Candidatus Cibiobacter qucibialis, ASM400062v1",442a7b6ad44794daf4265d6e6158d0b9,0.023237800154918668,58000,22,754000,ERR1293063.fastq.gz,ERR1293063,5c97d6dc,10486000,51,DNA,1000,10486,True,0.9037123627869484,0.9288906857084425,0.9163015242476955,0.9288906857084425,False,65,6497,12715,d__Bacteria;p__Bacillota_A;c__Clostridia;o__Oscillospirales;f__Ruminococcaceae;g__Gemmiger;s__Gemmiger qucibialis
81000,0.0077245851611672705,0.01157595450852965,0.0054358191874880795,0.006291781360597719,1.4035087719298245,1.0,0.8555217782622181,/tmp/nxf.XXXXN9csKG/sourmash_database/gtdb-rs214-reps.k51.zip,"GCF_003991565.1 Butyricimonas faecalis strain=H184, ASM399156v1",581503195c7853767e6bbb31d66720f7,0.01645004061738424,57000,23,697000,ERR1293063.fastq.gz,ERR1293063,5c97d6dc,10486000,51,DNA,1000,10486,True,0.909045848025199,0.92262003634252,0.9158329421838596,0.92262003634252,False,80,6577,12715,d__Bacteria;p__Bacteroidota;c__Bacteroidia;o__Bacteroidales;f__Marinifilaceae;g__Butyricimonas;s__Butyricimonas faecalis
78000,0.007438489414457372,0.016342892383595438,0.005054358191874881,0.004404246952418403,1.0566037735849056,1.0,0.23108393799841306,/tmp/nxf.XXXXN9csKG/sourmash_database/gtdb-rs214-reps.k51.zip,"GCF_003024715.1 Lachnoclostridium sp. SNUG30386 strain=SNUG30386, ASM302471v1",f96d0bd7faefddb572480835d902e5a6,0.024051803885291396,53000,24,644000,ERR1293063.fastq.gz,ERR1293063,5c97d6dc,10486000,51,DNA,1000,10486,True,0.9083733970912482,0.9295179847821625,0.9189456909367053,0.9295179847821625,False,56,6633,12715,d__Bacteria;p__Bacillota_A;c__Clostridia;o__Lachnospirales;f__Lachnospiraceae;g__Clostridium_Q;s__Clostridium_Q fessum
60000,0.005721914934197978,0.0174496644295302,0.004958992942971581,0.004404246952418403,1.0769230769230769,1.0,0.33085866411702414,/tmp/nxf.XXXXN9csKG/sourmash_database/gtdb-rs214-reps.k51.zip,"GCA_001305115.1 Clostridia bacterium UC5.1-1E11 strain=UC5.1-1E11, ASM130511v1",8750d84a6363d192c30301441fa2cb09,0.020134228187919462,52000,25,592000,ERR1293063.fastq.gz,ERR1293063,5c97d6dc,10486000,51,DNA,1000,10486,True,0.9037123627869484,0.9262832766499852,0.9149978197184668,0.9262832766499852,False,56,6689,12715,d__Bacteria;p__Bacillota_A;c__Clostridia;o__Oscillospirales;f__Acutalibacteraceae;g__Anaeromassilibacillus;s__Anaeromassilibacillus sp001305115
67000,0.006389471676521076,0.016069221260815822,0.004958992942971581,0.004404246952418403,1.0769230769230769,1.0,0.33085866411702414,/tmp/nxf.XXXXN9csKG/sourmash_database/gtdb-rs214-reps.k51.zip,"GCA_025149785.1 Coprococcus comes ATCC 27758 strain=ATCC 27758, ASM2514978v1",3a055d916786f743b82f17b95fcc483f,0.020704573547589616,52000,26,540000,ERR1293063.fastq.gz,ERR1293063,5c97d6dc,10486000,51,DNA,1000,10486,True,0.9056698307461502,0.9267907529233426,0.9162302918347464,0.9267907529233426,False,56,6745,12715,d__Bacteria;p__Bacillota_A;c__Clostridia;o__Lachnospirales;f__Lachnospiraceae;g__Bariatricus;s__Bariatricus comes
136000,0.01296967385084875,0.006016847172081829,0.004768262445164982,0.004954777821470704,1.26,1.0,0.5936328831862332,/tmp/nxf.XXXXN9csKG/sourmash_database/gtdb-rs214-reps.k51.zip,"GCA_900761785.1 uncultured Bacteroides sp., SRS098827_17",45fd8f7382853829c2c562be7916791a,0.016365824308062576,50000,27,490000,ERR1293063.fastq.gz,ERR1293063,5c97d6dc,10486000,51,DNA,1000,10486,True,0.9183296549984598,0.9225271880009579,0.9204284214997088,0.9225271880009579,False,63,6808,12715,d__Bacteria;p__Bacteroidota;c__Bacteroidia;o__Bacteroidales;f__Bacteroidaceae;g__Bacteroides;s__Bacteroides sp900761785
