intersect_bp,f_orig_query,f_match,f_unique_to_query,f_unique_weighted,average_abund,median_abund,std_abund,filename,name,md5,f_match_orig,unique_intersect_bp,gather_result_rank,remaining_bp,query_filename,query_name,query_md5,query_bp,ksize,moltype,scaled,query_n_hashes,query_abundance,query_containment_ani,match_containment_ani,average_containment_ani,max_containment_ani,potential_false_negative,n_unique_weighted_found,sum_weighted_found,total_weighted_hashes,lineage
1358000,0.10182963407318536,0.40404641475751263,0.10182963407318536,0.17363325740318908,2.2452135493372607,2.0,2.0675884168792336,/tmp/nxf.XXXXa4vNei/sourmash_database/gtdb-rs214-reps.k51.zip,"GCF_009494135.1 Prevotella copri strain=iAK278, ASM949413v1",29c5ed357ad46138fbfbe389c1783ea0,0.40404641475751263,1358000,0,5288000,ERR1293086.fastq.gz,ERR1293086,b40b02e0,13336000,51,DNA,1000,13336,True,0.956195185376096,0.9823878121793733,0.9692914987777347,0.9823878121793733,False,3049,3049,17560,d__Bacteria;p__Bacteroidota;c__Bacteroidia;o__Bacteroidales;f__Bacteroidaceae;g__Prevotella;s__Prevotella copri_B
521000,0.03906718656268746,0.10255905511811024,0.03906718656268746,0.03394077448747153,1.143953934740883,1.0,0.4843093800589832,/tmp/nxf.XXXXa4vNei/sourmash_database/gtdb-rs214-reps.k51.zip,"GCF_000012825.1 Bacteroides vulgatus ATCC 8482 strain=ATCC 8482, ASM1282v1",63b92dc09e7b5ffbd878d8e5fce5cfec,0.10255905511811024,521000,1,4767000,ERR1293086.fastq.gz,ERR1293086,b40b02e0,13336000,51,DNA,1000,13336,True,0.9384010245329681,0.9563290173974969,0.9473650209652325,0.9563290173974969,False,596,3645,17560,d__Bacteria;p__Bacteroidota;c__Bacteroidia;o__Bacteroidales;f__Bacteroidaceae;g__Phocaeicola;s__Phocaeicola vulgatus
419000,0.03141871625674865,0.09585853885528153,0.03089382123575285,0.02744874715261959,1.1699029126213591,1.0,0.6155485282039435,/tmp/nxf.XXXXa4vNei/sourmash_database/gtdb-rs214-reps.k51.zip,"GCA_025151215.1 Parabacteroides merdae ATCC 43184 strain=ATCC 43184, ASM2515121v1",04366d02afc93cbeed4bfc2d3a9aa9a9,0.09748720335039553,412000,2,4355000,ERR1293086.fastq.gz,ERR1293086,b40b02e0,13336000,51,DNA,1000,13336,True,0.9344005955942324,0.9553784554495074,0.9448895255218699,0.9553784554495074,False,482,4127,17560,d__Bacteria;p__Bacteroidota;c__Bacteroidia;o__Bacteroidales;f__Tannerellaceae;g__Parabacteroides;s__Parabacteroides merdae
363000,0.027219556088782244,0.056910569105691054,0.026769646070785844,0.021924829157175398,1.0784313725490196,1.0,0.3077155438623968,/tmp/nxf.XXXXa4vNei/sourmash_database/gtdb-rs214-reps.k51.zip,"GCF_000011065.1 Bacteroides thetaiotaomicron VPI-5482 strain=VPI-5482, ASM1106v1",36e5cf9f0e4c0a0411f3300c5364f87f,0.05786704925872788,357000,3,3998000,ERR1293086.fastq.gz,ERR1293086,b40b02e0,13336000,51,DNA,1000,13336,True,0.9317757272807023,0.9456576665787881,0.9387166969297452,0.9456576665787881,False,385,4512,17560,d__Bacteria;p__Bacteroidota;c__Bacteroidia;o__Bacteroidales;f__Bacteroidaceae;g__Bacteroides;s__Bacteroides thetaiotaomicron
322000,0.024145170965806838,0.1072975674775075,0.024145170965806838,0.024943052391799544,1.360248447204969,1.0,0.80412596762843,/tmp/nxf.XXXXa4vNei/sourmash_database/gtdb-rs214-reps.k51.zip,"GCF_003324185.1 Faecalibacterium prausnitzii strain=ATCC 27768, ASM332418v1",a294186b3cb8cdd319bb9d5fdcde1f5a,0.1072975674775075,322000,4,3676000,ERR1293086.fastq.gz,ERR1293086,b40b02e0,13336000,51,DNA,1000,13336,True,0.9295886016832907,0.9571763475132661,0.9433824745982784,0.9571763475132661,False,438,4950,17560,d__Bacteria;p__Bacillota_A;c__Clostridia;o__Oscillospirales;f__Ruminococcaceae;g__Faecalibacterium;s__Faecalibacterium prausnitzii
284000,0.021295740851829635,0.06023570493234395,0.020695860827834433,0.017255125284738042,1.0978260869565217,1.0,0.40983690487172214,/tmp/nxf.XXXXa4vNei/sourmash_database/gtdb-rs214-reps.k51.zip,"GCA_025147485.1 Bacteroides uniformis strain=ATCC 8492, ASM2514748v1",177d80c9d0f18e5195e47e20bdf54706,0.06198166739415103,276000,5,3400000,ERR1293086.fastq.gz,ERR1293086,b40b02e0,13336000,51,DNA,1000,13336,True,0.9273024912348771,0.9469322055965178,0.9371173484156974,0.9469322055965178,False,303,5253,17560,d__Bacteria;p__Bacteroidota;c__Bacteroidia;o__Bacteroidales;f__Bacteroidaceae;g__Bacteroides;s__Bacteroides uniformis
265000,0.01987102579484103,0.08315029808597427,0.01987102579484103,0.016059225512528474,1.0641509433962264,1.0,0.2450216314075159,/tmp/nxf.XXXXa4vNei/sourmash_database/gtdb-rs214-reps.k51.zip,"GCF_018847895.1 Akkermansia muciniphila strain=Akk0196, ASM1884789v1",442a6fcabd8680d9ec163fa382ba4ec9,0.08315029808597427,265000,6,3135000,ERR1293086.fastq.gz,ERR1293086,b40b02e0,13336000,51,DNA,1000,13336,True,0.926044315837843,0.9524032287238233,0.9392237722808332,0.9524032287238233,False,282,5535,17560,d__Bacteria;p__Verrucomicrobiota;c__Verrucomicrobiae;o__Verrucomicrobiales;f__Akkermansiaceae;g__Akkermansia;s__Akkermansia sp001580195
263000,0.019721055788842232,0.05326674989596338,0.01919616076784643,0.015774487471526197,1.08203125,1.0,0.3142286174482482,/tmp/nxf.XXXXa4vNei/sourmash_database/gtdb-rs214-reps.k51.zip,"GCF_000012845.1 Parabacteroides distasonis ATCC 8503 strain=ATCC 8503, ASM1284v1",85c74583c59734abc0e8f1a3e909b79d,0.054723262588431125,256000,7,2879000,ERR1293086.fastq.gz,ERR1293086,b40b02e0,13336000,51,DNA,1000,13336,True,0.925906766822943,0.9446224745870616,0.9352646207050024,0.9446224745870616,False,277,5812,17560,d__Bacteria;p__Bacteroidota;c__Bacteroidia;o__Bacteroidales;f__Tannerellaceae;g__Parabacteroides;s__Parabacteroides distasonis
640000,0.04799040191961608,0.053142702994335045,0.014772045590881824,0.024658314350797267,2.197969543147208,2.0,1.4343133411126385,/tmp/nxf.XXXXa4vNei/sourmash_database/gtdb-rs214-reps.k51.zip,"GCA_934191715.1 uncultured Prevotella sp., ERR7738153_bin.18",e49a79ea8e699dd2582485325f49b0cd,0.17264634475316967,197000,8,2682000,ERR1293086.fastq.gz,ERR1293086,b40b02e0,13336000,51,DNA,1000,13336,True,0.9421938868128347,0.9661449801359674,0.9541694334744011,0.9661449801359674,False,433,6245,17560,d__Bacteria;p__Bacteroidota;c__Bacteroidia;o__Bacteroidales;f__Bacteroidaceae;g__Prevotella;s__Prevotella sp934191715
187000,0.014022195560887822,0.05585023400936037,0.013422315536892621,0.010933940774487472,1.0726256983240223,1.0,0.28022203807786483,/tmp/nxf.XXXXa4vNei/sourmash_database/gtdb-rs214-reps.k51.zip,"GCA_000020605.1 [Eubacterium] rectale ATCC 33656 strain=ATCC 33656, ASM2060v1",bb4d1c2199066ffc1226ec8433ce5698,0.05834633385335414,179000,9,2503000,ERR1293086.fastq.gz,ERR1293086,b40b02e0,13336000,51,DNA,1000,13336,True,0.9197357318536988,0.945810623338861,0.93277317759628,0.945810623338861,False,192,6437,17560,d__Bacteria;p__Bacillota_A;c__Clostridia;o__Lachnospirales;f__Lachnospiraceae;g__Agathobacter;s__Agathobacter rectalis
151000,0.011322735452909419,0.05016357688113413,0.010347930413917216,0.008542141230068337,1.0869565217391304,1.0,0.30641122480965177,/tmp/nxf.XXXXa4vNei/sourmash_database/gtdb-rs214-reps.k51.zip,"GCF_003287495.1 Faecalibacterium prausnitzii strain=APC923/61-1, ASM328749v1",e6bface39e3d16e80204535c16bd0cef,0.05488913122500909,138000,10,2365000,ERR1293086.fastq.gz,ERR1293086,b40b02e0,13336000,51,DNA,1000,13336,True,0.9158876090633907,0.9446785323707954,0.930283070717093,0.9446785323707954,False,150,6587,17560,d__Bacteria;p__Bacillota_A;c__Clostridia;o__Oscillospirales;f__Ruminococcaceae;g__Faecalibacterium;s__Faecalibacterium prausnitzii_I
713000,0.05346430713857229,0.037788881948782015,0.009073185362927415,0.016343963553530752,2.371900826446281,2.0,1.8547782002123026,/tmp/nxf.XXXXa4vNei/sourmash_database/gtdb-rs214-reps.k51.zip,"GCA_025151535.1 Prevotella copri DSM 18205 strain=DSM 18205, ASM2515153v1",70d597ce0e2cee5b6ea444c78a111191,0.2226733291692692,121000,11,2244000,ERR1293086.fastq.gz,ERR1293086,b40b02e0,13336000,51,DNA,1000,13336,True,0.9441914802136062,0.9709775315501245,0.9575845058818653,0.9709775315501245,False,287,6874,17560,d__Bacteria;p__Bacteroidota;c__Bacteroidia;o__Bacteroidales;f__Bacteroidaceae;g__Prevotella;s__Prevotella copri
110000,0.008248350329934014,0.037722668529514496,0.008098380323935212,0.0066628701594533025,1.0833333333333333,1.0,0.4930066485916345,/tmp/nxf.XXXXa4vNei/sourmash_database/gtdb-rs214-reps.k51.zip,"GCA_025150745.1 Eubacterium ventriosum strain=ATCC 27560, ASM2515074v1",440e1bb1587f3739d335baca21132760,0.03842123646524624,108000,12,2136000,ERR1293086.fastq.gz,ERR1293086,b40b02e0,13336000,51,DNA,1000,13336,True,0.9102159738778425,0.9380942992950183,0.9241551365864304,0.9380942992950183,False,117,6991,17560,d__Bacteria;p__Bacillota_A;c__Clostridia;o__Lachnospirales;f__Lachnospiraceae;g__Eubacterium_G;s__Eubacterium_G ventriosum
107000,0.008023395320935814,0.014874496436318562,0.007198560287942412,0.005580865603644647,1.0208333333333333,1.0,0.1428261375083551,/tmp/nxf.XXXXa4vNei/sourmash_database/gtdb-rs214-reps.k51.zip,"GCF_001314995.1 Bacteroides ovatus strain=ATCC 8483, ASM131499v1",c28ea957513bf36bf9dc694cd077b880,0.01657886581964673,96000,13,2040000,ERR1293086.fastq.gz,ERR1293086,b40b02e0,13336000,51,DNA,1000,13336,True,0.909722600473181,0.9227611681022119,0.9162418842876965,0.9227611681022119,False,98,7089,17560,d__Bacteria;p__Bacteroidota;c__Bacteroidia;o__Bacteroidales;f__Bacteroidaceae;g__Bacteroides;s__Bacteroides ovatus
112000,0.008398320335932814,0.030112508272667107,0.006823635272945411,0.00592255125284738,1.1428571428571428,1.0,0.34992710611188266,/tmp/nxf.XXXXa4vNei/sourmash_database/gtdb-rs214-reps.k51.zip,"GCF_010509575.1 Faecalibacterium prausnitzii A2-165 strain=JCM 31915, ASM1050957v1",5136f6c0a3924e615495681fbaf7095d,0.037061548643282594,91000,14,1949000,ERR1293086.fastq.gz,ERR1293086,b40b02e0,13336000,51,DNA,1000,13336,True,0.9105376136640668,0.9374317912034537,0.9239847024337602,0.9374317912034537,False,104,7193,17560,d__Bacteria;p__Bacillota_A;c__Clostridia;o__Oscillospirales;f__Ruminococcaceae;g__Faecalibacterium;s__Faecalibacterium duncaniae
91000,0.006823635272945411,0.019981412639405203,0.00644871025794841,0.005011389521640091,1.0232558139534884,1.0,0.1507148999629735,/tmp/nxf.XXXXa4vNei/sourmash_database/gtdb-rs214-reps.k51.zip,"GCF_000190535.1 Odoribacter splanchnicus DSM 20712 strain=DSM 220712, ASM19053v1",903d4323f292a4facda7c7138f35e12d,0.021143122676579924,86000,15,1863000,ERR1293086.fastq.gz,ERR1293086,b40b02e0,13336000,51,DNA,1000,13336,True,0.9068380234523233,0.9271717251846322,0.9170048743184778,0.9271717251846322,False,88,7281,17560,d__Bacteria;p__Bacteroidota;c__Bacteroidia;o__Bacteroidales;f__Marinifilaceae;g__Odoribacter;s__Odoribacter splanchnicus
90000,0.006748650269946011,0.03376521397722811,0.00644871025794841,0.006378132118451025,1.302325581395349,1.0,0.928486733845448,/tmp/nxf.XXXXa4vNei/sourmash_database/gtdb-rs214-reps.k51.zip,"GCF_004168205.1 Catenibacterium sp. co_0103 strain=co_0103, ASM416820v1",2d9c5297cdf08f3d4b31f68972515305,0.0353356890459364,86000,16,1777000,ERR1293086.fastq.gz,ERR1293086,b40b02e0,13336000,51,DNA,1000,13336,True,0.9066415660766997,0.936555673960341,0.9215986200185203,0.936555673960341,False,112,7393,17560,d__Bacteria;p__Bacillota;c__Bacilli;o__Erysipelotrichales;f__Coprobacillaceae;g__Catenibacterium;s__Catenibacterium sp000437715
83000,0.00622375524895021,0.02821869488536155,0.00599880023995201,0.0046697038724373575,1.025,1.0,0.15612494995995996,/tmp/nxf.XXXXa4vNei/sourmash_database/gtdb-rs214-reps.k51.zip,"GCF_000146185.1 [Eubacterium] eligens ATCC 27750 strain=ATCC 27750, ASM14618v1",6f23354d1c492f2e5d90eb1f6ead0ebb,0.02927689594356261,80000,17,1697000,ERR1293086.fastq.gz,ERR1293086,b40b02e0,13336000,51,DNA,1000,13336,True,0.905203297946486,0.9331078935376738,0.9191555957420798,0.9331078935376738,False,82,7475,17560,d__Bacteria;p__Bacillota_A;c__Clostridia;o__Lachnospirales;f__Lachnospiraceae;g__Lachnospira;s__Lachnospira eligens
728000,0.05458908218356329,0.02100954979536153,0.00577384523095381,0.00888382687927107,2.0259740259740258,2.0,1.6901089335062276,/tmp/nxf.XXXXa4vNei/sourmash_database/gtdb-rs214-reps.k51.zip,"GCF_015074785.1 Prevotella copri strain=YF2, ASM1507478v1",7e930297e6a022bb1488dcb6fef424b2,0.19863574351978172,77000,18,1620000,ERR1293086.fastq.gz,ERR1293086,b40b02e0,13336000,51,DNA,1000,13336,True,0.9445770042946696,0.9688051072569742,0.9566910557758219,0.9688051072569742,False,156,7631,17560,d__Bacteria;p__Bacteroidota;c__Bacteroidia;o__Bacteroidales;f__Bacteroidaceae;g__Prevotella;s__Prevotella sp015074785
80000,0.00599880023995201,0.020441988950276244,0.005548890221955609,0.004214123006833713,1.0,1.0,0.0,/tmp/nxf.XXXXa4vNei/sourmash_database/gtdb-rs214-reps.k51.zip,"GCF_000265365.1 Alistipes finegoldii DSM 17242 strain=DSM 17242, ASM26536v1",32e9ec95ec567198d44d9d52c769243b,0.022099447513812154,74000,19,1546000,ERR1293086.fastq.gz,ERR1293086,b40b02e0,13336000,51,DNA,1000,13336,True,0.904550119409502,0.9279763123898893,0.9162632158996957,0.9279763123898893,False,74,7705,17560,d__Bacteria;p__Bacteroidota;c__Bacteroidia;o__Bacteroidales;f__Rikenellaceae;g__Alistipes;s__Alistipes finegoldii
178000,0.01334733053389322,0.02364755425979916,0.0054739052189562085,0.0046697038724373575,1.1232876712328768,1.0,0.3287671232876712,/tmp/nxf.XXXXa4vNei/sourmash_database/gtdb-rs214-reps.k51.zip,"GCF_023347235.1 Faecalibacterium sp. I4179 strain=I4179, ASM2334723v1",907fa411823bfbb5be9253d5f9643455,0.05766115970197603,73000,20,1473000,ERR1293086.fastq.gz,ERR1293086,b40b02e0,13336000,51,DNA,1000,13336,True,0.9188466319477573,0.9455915781648615,0.9322191050563093,0.9455915781648615,False,82,7787,17560,d__Bacteria;p__Bacillota_A;c__Clostridia;o__Oscillospirales;f__Ruminococcaceae;g__Faecalibacterium;s__Faecalibacterium prausnitzii_A
95000,0.007123575284943011,0.018303686517143595,0.005323935212957409,0.004100227790432802,1.0140845070422535,1.0,0.11783944035691205,/tmp/nxf.XXXXa4vNei/sourmash_database/gtdb-rs214-reps.k51.zip,"GCA_025145285.1 Alistipes onderdonkii strain=DSM 19147, ASM2514528v1",2de6e539bf1bbcefae850f4a041e233c,0.024490848156741428,71000,21,1402000,ERR1293086.fastq.gz,ERR1293086,b40b02e0,13336000,51,DNA,1000,13336,True,0.9076032441787337,0.9298477397130043,0.9187254919458689,0.9298477397130043,False,72,7859,17560,d__Bacteria;p__Bacteroidota;c__Bacteroidia;o__Bacteroidales;f__Rikenellaceae;g__Alistipes;s__Alistipes onderdonkii
75000,0.005623875224955009,0.026512322628827484,0.005323935212957409,0.004271070615034169,1.056338028169014,1.0,0.37104055978364753,/tmp/nxf.XXXXa4vNei/sourmash_database/gtdb-rs214-reps.k51.zip,"GCA_025152405.1 [Ruminococcus] lactaris ATCC 29176 strain=ATCC 29176, ASM2515240v1",5ce8603892234499b54852ec8c952d29,0.028005974607916356,71000,22,1331000,ERR1293086.fastq.gz,ERR1293086,b40b02e0,13336000,51,DNA,1000,13336,True,0.9034061702953091,0.9322962451956192,0.9178512077454641,0.9322962451956192,False,75,7934,17560,d__Bacteria;p__Bacillota_A;c__Clostridia;o__Lachnospirales;f__Lachnospiraceae;g__Mediterraneibacter;s__Mediterraneibacter lactaris
79000,0.005923815236952609,0.02067021609771375,0.004949010197960408,0.004043280182232346,1.0757575757575757,1.0,0.3167355297025284,/tmp/nxf.XXXXa4vNei/sourmash_database/gtdb-rs214-reps.k51.zip,"GCF_900167555.1 Gemmiger formicilis strain=ATCC 27749, IMG-taxon 2590828806 annotated assembly",316f66857e7940a11e48de3faf3d397d,0.02474162229877858,66000,23,1265000,ERR1293086.fastq.gz,ERR1293086,b40b02e0,13336000,51,DNA,1000,13336,True,0.9043270461566659,0.9300334987351792,0.9171802724459226,0.9300334987351792,False,71,8005,17560,d__Bacteria;p__Bacillota_A;c__Clostridia;o__Oscillospirales;f__Ruminococcaceae;g__Gemmiger;s__Gemmiger formicilis
69000,0.005173965206958608,0.016497113005224086,0.004499100179964007,0.003530751708428246,1.0333333333333334,1.0,0.17950549357115012,/tmp/nxf.XXXXa4vNei/sourmash_database/gtdb-rs214-reps.k51.zip,"GCF_015557635.1 Fusicatenibacter saccharivorans strain=D41t1_190614_C8, ASM1555763v1",d2fdc17cdae8aecf1aac02f627d3979a,0.0189716799560077,60000,24,1205000,ERR1293086.fastq.gz,ERR1293086,b40b02e0,13336000,51,DNA,1000,13336,True,0.9019303680236382,0.925203716036577,0.9135670420301076,0.925203716036577,False,62,8067,17560,d__Bacteria;p__Bacillota_A;c__Clostridia;o__Lachnospirales;f__Lachnospiraceae;g__Fusicatenibacter;s__Fusicatenibacter saccharivorans
61000,0.004574085182963408,0.02188427299703264,0.004424115176964607,0.0033599088838268793,1.0,1.0,0.0,/tmp/nxf.XXXXa4vNei/sourmash_database/gtdb-rs214-reps.k51.zip,"GCF_000332875.2 Anaerostipes hadrus DSM 3319 strain=DSM 3319, ASM33287v2",11a8e5e9f5fa6b11c020b08a3ba744de,0.022626112759643918,59000,25,1146000,ERR1293086.fastq.gz,ERR1293086,b40b02e0,13336000,51,DNA,1000,13336,True,0.8997536408707144,0.9284049555906242,0.9140792982306694,0.9284049555906242,False,59,8126,17560,d__Bacteria;p__Bacillota_A;c__Clostridia;o__Lachnospirales;f__Lachnospiraceae;g__Anaerostipes;s__Anaerostipes hadrus
71000,0.005323935212957409,0.012532981530343008,0.004274145170965807,0.003986332574031891,1.2280701754385965,1.0,0.5928682543409054,/tmp/nxf.XXXXa4vNei/sourmash_database/gtdb-rs214-reps.k51.zip,"GCA_025148125.1 Blautia wexlerae DSM 19850 strain=DSM 19850, ASM2514812v1",7f2073ec6218c72ec98b02ac15cb9880,0.015611257695690413,57000,26,1089000,ERR1293086.fastq.gz,ERR1293086,b40b02e0,13336000,51,DNA,1000,13336,True,0.902435827101777,0.9216737393208319,0.9120547832113044,0.9216737393208319,False,70,8196,17560,d__Bacteria;p__Bacillota_A;c__Clostridia;o__Lachnospirales;f__Lachnospiraceae;g__Blautia_A;s__Blautia_A wexlerae
573000,0.04296640671865627,0.016840171463563994,0.004124175164967007,0.007232346241457859,2.309090909090909,2.0,1.980566744166723,/tmp/nxf.XXXXa4vNei/sourmash_database/gtdb-rs214-reps.k51.zip,"GCA_021619875.1 Prevotella copri, ASM2161987v1",6eb1dd46ddb0b79c6c16e3f2bdc00d11,0.1754439681567667,55000,27,1034000,ERR1293086.fastq.gz,ERR1293086,b40b02e0,13336000,51,DNA,1000,13336,True,0.9401531565736243,0.9664495431986564,0.9533013498861403,0.9664495431986564,False,127,8323,17560,d__Bacteria;p__Bacteroidota;c__Bacteroidia;o__Bacteroidales;f__Bacteroidaceae;g__Prevotella;s__Prevotella copri_D
58000,0.004349130173965207,0.018691588785046728,0.003749250149970006,0.00296127562642369,1.04,1.0,0.19595917942265428,/tmp/nxf.XXXXa4vNei/sourmash_database/gtdb-rs214-reps.k51.zip,"GCF_000765235.1 Oscillibacter sp. ER4 strain=ER4, ASM76523v1",b86d494b379656b1b7a7b4d8bf763e29,0.021682242990654205,50000,28,984000,ERR1293086.fastq.gz,ERR1293086,b40b02e0,13336000,51,DNA,1000,13336,True,0.8988643679869464,0.9276295873625179,0.9132469776747321,0.9276295873625179,False,52,8375,17560,d__Bacteria;p__Bacillota_A;c__Clostridia;o__Oscillospirales;f__Oscillospiraceae;g__ER4;s__ER4 sp000765235
