intersect_bp,f_orig_query,f_match,f_unique_to_query,f_unique_weighted,average_abund,median_abund,std_abund,filename,name,md5,f_match_orig,unique_intersect_bp,gather_result_rank,remaining_bp,query_filename,query_name,query_md5,query_bp,ksize,moltype,scaled,query_n_hashes,query_abundance,query_containment_ani,match_containment_ani,average_containment_ani,max_containment_ani,potential_false_negative,n_unique_weighted_found,sum_weighted_found,total_weighted_hashes,lineage
1157000,0.11750964858825919,0.22775590551181102,0.11750964858825919,0.14145141451414514,1.3915298184961107,1.0,0.9145123019442186,/tmp/nxf.XXXX2huvBd/sourmash_database/gtdb-rs214-reps.k51.zip,"GCF_000012825.1 Bacteroides vulgatus ATCC 8482 strain=ATCC 8482, ASM1282v1",63b92dc09e7b5ffbd878d8e5fce5cfec,0.22775590551181102,1157000,0,4535000,ERR1293135.fastq.gz,ERR1293135,3baf0a49,9846000,51,DNA,1000,9846,True,0.9588841668646019,0.9714073062738429,0.9651457365692224,0.9714073062738429,False,1610,1610,11382,d__Bacteria;p__Bacteroidota;c__Bacteroidia;o__Bacteroidales;f__Bacteroidaceae;g__Phocaeicola;s__Phocaeicola vulgatus
640000,0.0650010156408694,0.1368398079441292,0.06368068251066424,0.06615709014233,1.200956937799043,1.0,0.4869581818523225,/tmp/nxf.XXXX2huvBd/sourmash_database/gtdb-rs214-reps.k51.zip,"GCA_025147485.1 Bacteroides uniformis strain=ATCC 8492, ASM2514748v1",177d80c9d0f18e5195e47e20bdf54706,0.1396769969445657,627000,1,3908000,ERR1293135.fastq.gz,ERR1293135,3baf0a49,9846000,51,DNA,1000,9846,True,0.9478157569884952,0.9621388314735466,0.9549772942310208,0.9621388314735466,False,753,2363,11382,d__Bacteria;p__Bacteroidota;c__Bacteroidia;o__Bacteroidales;f__Bacteroidaceae;g__Bacteroides;s__Bacteroides uniformis
595000,0.06043063172862076,0.12966213251426065,0.06002437538086532,0.05886487436302935,1.1336717428087986,1.0,0.39549051194572876,/tmp/nxf.XXXX2huvBd/sourmash_database/gtdb-rs214-reps.k51.zip,"GCF_002222615.2 Bacteroides caccae strain=ATCC 43185, ASM222261v2",d7e7663bc3ede65000c2f57952616ae4,0.13053971039929793,591000,2,3317000,ERR1293135.fastq.gz,ERR1293135,3baf0a49,9846000,51,DNA,1000,9846,True,0.9464617801774196,0.9608633322730108,0.9536625562252152,0.9608633322730108,False,670,3033,11382,d__Bacteria;p__Bacteroidota;c__Bacteroidia;o__Bacteroidales;f__Bacteroidaceae;g__Bacteroides;s__Bacteroides caccae
483000,0.049055453991468614,0.0730113183484776,0.046516351817997154,0.04410472676155333,1.0960698689956332,1.0,0.3296581720542754,/tmp/nxf.XXXX2huvBd/sourmash_database/gtdb-rs214-reps.k51.zip,"GCF_000011065.1 Bacteroides thetaiotaomicron VPI-5482 strain=VPI-5482, ASM1106v1",36e5cf9f0e4c0a0411f3300c5364f87f,0.07699665231946437,458000,3,2859000,ERR1293135.fastq.gz,ERR1293135,3baf0a49,9846000,51,DNA,1000,9846,True,0.9425994932593421,0.9509684628237598,0.946783978041551,0.9509684628237598,False,502,3535,11382,d__Bacteria;p__Bacteroidota;c__Bacteroidia;o__Bacteroidales;f__Bacteroidaceae;g__Bacteroides;s__Bacteroides thetaiotaomicron
234000,0.02376599634369287,0.052596089008766014,0.02376599634369287,0.022755227552275523,1.106837606837607,1.0,0.37169661733443643,/tmp/nxf.XXXX2huvBd/sourmash_database/gtdb-rs214-reps.k51.zip,"GCF_900537995.1 Roseburia intestinalis L1-82 strain=L1-82, Roseburia intestinalis strain L1-82",a0a31bbf8562bc7e5e4b2fd755c9aae9,0.052596089008766014,234000,4,2625000,ERR1293135.fastq.gz,ERR1293135,3baf0a49,9846000,51,DNA,1000,9846,True,0.9293001355757795,0.9438884154154666,0.9365942754956231,0.9438884154154666,False,259,3794,11382,d__Bacteria;p__Bacillota_A;c__Clostridia;o__Lachnospirales;f__Lachnospiraceae;g__Roseburia;s__Roseburia intestinalis
226000,0.022953483648182,0.046192259675405745,0.02254722730042657,0.021085925144965736,1.0810810810810811,1.0,0.30417915344385826,/tmp/nxf.XXXX2huvBd/sourmash_database/gtdb-rs214-reps.k51.zip,"GCF_000012845.1 Parabacteroides distasonis ATCC 8503 strain=ATCC 8503, ASM1284v1",85c74583c59734abc0e8f1a3e909b79d,0.04702455264253017,222000,5,2403000,ERR1293135.fastq.gz,ERR1293135,3baf0a49,9846000,51,DNA,1000,9846,True,0.9286664940036848,0.9418183557275952,0.93524242486564,0.9418183557275952,False,240,4034,11382,d__Bacteria;p__Bacteroidota;c__Bacteroidia;o__Bacteroidales;f__Tannerellaceae;g__Parabacteroides;s__Parabacteroides distasonis
210000,0.021328458257160267,0.08087649402390439,0.02061750964858826,0.020207344930592164,1.1330049261083743,1.0,0.5224462495985362,/tmp/nxf.XXXX2huvBd/sourmash_database/gtdb-rs214-reps.k51.zip,"GCF_000154465.1 Alistipes putredinis DSM 17216 strain=DSM 17216, ASM15446v1",2f08d0845365d89ec7bf59fbef01de57,0.08366533864541832,203000,6,2200000,ERR1293135.fastq.gz,ERR1293135,3baf0a49,9846000,51,DNA,1000,9846,True,0.927330404490345,0.9525185509518085,0.9399244777210767,0.9525185509518085,False,230,4264,11382,d__Bacteria;p__Bacteroidota;c__Bacteroidia;o__Bacteroidales;f__Rikenellaceae;g__Alistipes;s__Alistipes putredinis
199000,0.020211253300832826,0.05205552589428724,0.019804996953077393,0.01809875241609559,1.0564102564102564,1.0,0.3387721962033588,/tmp/nxf.XXXX2huvBd/sourmash_database/gtdb-rs214-reps.k51.zip,"GCF_003473545.1 Clostridium sp. AM22-11AC strain=AM22-11AC, ASM347354v1",50efc7fa47c0997c24a73c521b04bdd3,0.053123331553657234,195000,7,2005000,ERR1293135.fastq.gz,ERR1293135,3baf0a49,9846000,51,DNA,1000,9846,True,0.9263526284709634,0.9440730368917643,0.9352128326813638,0.9440730368917643,False,206,4470,11382,d__Bacteria;p__Bacillota_A;c__Clostridia;o__Lachnospirales;f__Lachnospiraceae;g__Enterocloster;s__Enterocloster sp000431375
200000,0.020312817387771683,0.03690954293363932,0.019601868779199675,0.018010894394658233,1.0621761658031088,1.0,0.24147523725867448,/tmp/nxf.XXXX2huvBd/sourmash_database/gtdb-rs214-reps.k51.zip,"GCF_000025985.1 Bacteroides fragilis NCTC 9343, ASM2598v1",5ed7bd7e8a301425ed2ad891c3e399f5,0.038248231019315355,193000,8,1812000,ERR1293135.fastq.gz,ERR1293135,3baf0a49,9846000,51,DNA,1000,9846,True,0.9264436796374088,0.938011290298169,0.932227484967789,0.938011290298169,False,205,4675,11382,d__Bacteria;p__Bacteroidota;c__Bacteroidia;o__Bacteroidales;f__Bacteroidaceae;g__Bacteroides;s__Bacteroides fragilis
187000,0.018992484257566524,0.08175824175824176,0.018890920170627667,0.01774732033034616,1.086021505376344,1.0,0.2803958023743075,/tmp/nxf.XXXX2huvBd/sourmash_database/gtdb-rs214-reps.k51.zip,"GCA_900540455.1 uncultured Faecalibacterium sp., UMGS253",a6dea697c972d5c74e46b458d8fdf516,0.08219780219780219,186000,9,1626000,ERR1293135.fastq.gz,ERR1293135,3baf0a49,9846000,51,DNA,1000,9846,True,0.9252235990037271,0.9521880990451883,0.9387058490244578,0.9521880990451883,False,202,4877,11382,d__Bacteria;p__Bacillota_A;c__Clostridia;o__Oscillospirales;f__Ruminococcaceae;g__Faecalibacterium;s__Faecalibacterium sp900540455
150000,0.015234613040828763,0.02488646684831971,0.013914279910623604,0.012651555086979441,1.051094890510949,1.0,0.2511627815194928,/tmp/nxf.XXXX2huvBd/sourmash_database/gtdb-rs214-reps.k51.zip,"GCA_000613465.1 Bacteroides nordii WAL 11050 = JCM 12987 strain=JCM 12987, ASM61346v1",2622449679f676b2a7b48fe066bdf236,0.027247956403269755,137000,10,1489000,ERR1293135.fastq.gz,ERR1293135,3baf0a49,9846000,51,DNA,1000,9846,True,0.9212324845520066,0.9317947801899793,0.9265136323709929,0.9317947801899793,False,144,5021,11382,d__Bacteria;p__Bacteroidota;c__Bacteroidia;o__Bacteroidales;f__Bacteroidaceae;g__Bacteroides;s__Bacteroides nordii
152000,0.01543774121470648,0.03457849570923776,0.013914279910623604,0.01300298717272887,1.0802919708029197,1.0,0.29739487280968413,/tmp/nxf.XXXX2huvBd/sourmash_database/gtdb-rs214-reps.k51.zip,"GCA_003584705.1 Lachnospiraceae bacterium GAM79 strain=GAM79, ASM358470v1",70a12b75803f82aa8bff2c80aad9821b,0.03836446239273095,137000,11,1352000,ERR1293135.fastq.gz,ERR1293135,3baf0a49,9846000,51,DNA,1000,9846,True,0.9214717692141356,0.9380670992385234,0.9297694342263295,0.9380670992385234,False,148,5169,11382,d__Bacteria;p__Bacillota_A;c__Clostridia;o__Lachnospirales;f__Lachnospiraceae;g__Acetatifactor;s__Acetatifactor sp900066565
110000,0.011172049563274427,0.041682455475558926,0.011172049563274427,0.010191530486733439,1.0545454545454545,1.0,0.22709083630539625,/tmp/nxf.XXXX2huvBd/sourmash_database/gtdb-rs214-reps.k51.zip,"GCA_000436475.1 Eubacterium sp. CAG:248, MGS248",0cbfa984f760c0f973970a752712a480,0.041682455475558926,110000,12,1242000,ERR1293135.fastq.gz,ERR1293135,3baf0a49,9846000,51,DNA,1000,9846,True,0.9156470386603399,0.9395940559499382,0.9276205473051391,0.9395940559499382,False,116,5285,11382,d__Bacteria;p__Bacillota_A;c__Clostridia;o__Lachnospirales;f__Lachnospiraceae;g__Lachnospira;s__Lachnospira sp000436475
112000,0.011375177737152143,0.03338533541341654,0.010867357302457852,0.010103672465296082,1.074766355140187,1.0,0.29642526218978893,/tmp/nxf.XXXX2huvBd/sourmash_database/gtdb-rs214-reps.k51.zip,"GCA_000020605.1 [Eubacterium] rectale ATCC 33656 strain=ATCC 33656, ASM2060v1",bb4d1c2199066ffc1226ec8433ce5698,0.03494539781591264,107000,13,1135000,ERR1293135.fastq.gz,ERR1293135,3baf0a49,9846000,51,DNA,1000,9846,True,0.9159705976026391,0.9363517346633646,0.9261611661330018,0.9363517346633646,False,115,5400,11382,d__Bacteria;p__Bacillota_A;c__Clostridia;o__Lachnospirales;f__Lachnospiraceae;g__Agathobacter;s__Agathobacter rectalis
120000,0.01218769043266301,0.026553235369940708,0.010461100954702417,0.009576524336671938,1.058252427184466,1.0,0.2725372591770524,/tmp/nxf.XXXX2huvBd/sourmash_database/gtdb-rs214-reps.k51.zip,"GCA_025145285.1 Alistipes onderdonkii strain=DSM 19147, ASM2514528v1",2de6e539bf1bbcefae850f4a041e233c,0.030935808197989172,103000,14,1032000,ERR1293135.fastq.gz,ERR1293135,3baf0a49,9846000,51,DNA,1000,9846,True,0.917210562434976,0.9341168480303269,0.9256637052326515,0.9341168480303269,False,109,5509,11382,d__Bacteria;p__Bacteroidota;c__Bacteroidia;o__Bacteroidales;f__Rikenellaceae;g__Alistipes;s__Alistipes onderdonkii
124000,0.012593946780418443,0.020184824902723737,0.008429819215925248,0.014848005622913373,2.036144578313253,1.0,1.8198754302167912,/tmp/nxf.XXXX2huvBd/sourmash_database/gtdb-rs214-reps.k51.zip,"GCF_000154845.1 Bacteroides coprocola DSM 17136 strain=DSM 17136, ASM15484v1",6c4a84c6881f2933a9b05588fca9caee,0.030155642023346304,83000,15,949000,ERR1293135.fastq.gz,ERR1293135,3baf0a49,9846000,51,DNA,1000,9846,True,0.9178004613004057,0.9336491316626903,0.925724796481548,0.9336491316626903,False,169,5678,11382,d__Bacteria;p__Bacteroidota;c__Bacteroidia;o__Bacteroidales;f__Bacteroidaceae;g__Phocaeicola;s__Phocaeicola coprocola
91000,0.009242331911436117,0.016710642040457344,0.00771887060735324,0.0069407836935512215,1.0394736842105263,1.0,0.19471906035458872,/tmp/nxf.XXXX2huvBd/sourmash_database/gtdb-rs214-reps.k51.zip,"GCA_025148125.1 Blautia wexlerae DSM 19850 strain=DSM 19850, ASM2514812v1",7f2073ec6218c72ec98b02ac15cb9880,0.020008795074758137,76000,16,873000,ERR1293135.fastq.gz,ERR1293135,3baf0a49,9846000,51,DNA,1000,9846,True,0.912248932724349,0.926169780645635,0.919209356684992,0.926169780645635,False,79,5757,11382,d__Bacteria;p__Bacillota_A;c__Clostridia;o__Lachnospirales;f__Lachnospiraceae;g__Blautia_A;s__Blautia_A wexlerae
61000,0.0061954093032703635,0.02676612549363756,0.0061954093032703635,0.005447197329116148,1.0163934426229508,1.0,0.12698306053139075,/tmp/nxf.XXXX2huvBd/sourmash_database/gtdb-rs214-reps.k51.zip,"GCF_003269275.1 Phascolarctobacterium faecium DSM 14760 strain=DSM 14760, ASM326927v1",7c43b2da8075c4100917842aa30c8367,0.02676612549363756,61000,17,812000,ERR1293135.fastq.gz,ERR1293135,3baf0a49,9846000,51,DNA,1000,9846,True,0.9051222791412976,0.9314688659710352,0.9182955725561663,0.9314688659710352,False,62,5819,11382,d__Bacteria;p__Bacillota_C;c__Negativicutes;o__Acidaminococcales;f__Acidaminococcaceae;g__Phascolarctobacterium;s__Phascolarctobacterium faecium
69000,0.007007921998781231,0.00899390243902439,0.005992281129392647,0.005447197329116148,1.0508474576271187,1.0,0.2866361783947078,/tmp/nxf.XXXX2huvBd/sourmash_database/gtdb-rs214-reps.k51.zip,"GCF_002234575.2 Enterocloster bolteae strain=ATCC BAA-613, ASM223457v2",b5edd45c572fe04753d4848d8e14e842,0.01051829268292683,59000,18,753000,ERR1293135.fastq.gz,ERR1293135,3baf0a49,9846000,51,DNA,1000,9846,True,0.9073119943613622,0.9145650751114911,0.9109385347364267,0.9145650751114911,False,62,5881,11382,d__Bacteria;p__Bacillota_A;c__Clostridia;o__Lachnospirales;f__Lachnospiraceae;g__Enterocloster;s__Enterocloster bolteae
291000,0.0295551492992078,0.020662768031189084,0.005382896607759496,0.005974345457740292,1.2830188679245282,1.0,0.490566037735849,/tmp/nxf.XXXX2huvBd/sourmash_database/gtdb-rs214-reps.k51.zip,"GCA_019414665.1 Bacteroides sp., ASM1941466v1",020e6e4bea30c62d0c7beb17e6beaf5f,0.11345029239766082,53000,19,700000,ERR1293135.fastq.gz,ERR1293135,3baf0a49,9846000,51,DNA,1000,9846,True,0.9332809794260977,0.9582234102534577,0.9457521948397777,0.9582234102534577,False,68,5949,11382,d__Bacteria;p__Bacteroidota;c__Bacteroidia;o__Bacteroidales;f__Bacteroidaceae;g__Phocaeicola;s__Phocaeicola sp019414665
54000,0.005484460694698354,0.01574326369966697,0.005281332520820638,0.004568617114742576,1.0,1.0,0.0,/tmp/nxf.XXXX2huvBd/sourmash_database/gtdb-rs214-reps.k51.zip,"GCF_000173975.1 Anaerobutyricum hallii DSM 3353 strain=DSM 3353, ASM17397v1",8fce16b2b7ed2405807ddf248dc6febb,0.01634877384196185,52000,20,648000,ERR1293135.fastq.gz,ERR1293135,3baf0a49,9846000,51,DNA,1000,9846,True,0.9029616231396782,0.922508332882706,0.9127349780111921,0.922508332882706,False,52,6001,11382,d__Bacteria;p__Bacillota_A;c__Clostridia;o__Lachnospirales;f__Lachnospiraceae;g__Anaerobutyricum;s__Anaerobutyricum hallii
59000,0.005992281129392647,0.014714204867006225,0.005281332520820638,0.004920049200492005,1.0769230769230769,1.0,0.4317296984739164,/tmp/nxf.XXXX2huvBd/sourmash_database/gtdb-rs214-reps.k51.zip,"GCF_005121165.3 Dysosmobacter welbionis strain=J115, ASM512116v3",09a34dca3e142e3d9e58ce200e89b31c,0.016694963214487834,52000,21,596000,ERR1293135.fastq.gz,ERR1293135,3baf0a49,9846000,51,DNA,1000,9846,True,0.9045308344884885,0.9228874381365022,0.9137091363124954,0.9228874381365022,False,56,6057,11382,d__Bacteria;p__Bacillota_A;c__Clostridia;o__Oscillospirales;f__Oscillospiraceae;g__Dysosmobacter;s__Dysosmobacter welbionis
