intersect_bp,f_orig_query,f_match,f_unique_to_query,f_unique_weighted,average_abund,median_abund,std_abund,filename,name,md5,f_match_orig,unique_intersect_bp,gather_result_rank,remaining_bp,query_filename,query_name,query_md5,query_bp,ksize,moltype,scaled,query_n_hashes,query_abundance,query_containment_ani,match_containment_ani,average_containment_ani,max_containment_ani,potential_false_negative,n_unique_weighted_found,sum_weighted_found,total_weighted_hashes,lineage
1297000,0.09922729706984929,0.3858970544480809,0.09922729706984929,0.167420814479638,2.1966075558982268,2.0,2.0902654786413266,/tmp/nxf.XXXXCzao9i/sourmash_database/gtdb-rs214-reps.k51.zip,"GCF_009494135.1 Prevotella copri strain=iAK278, ASM949413v1",29c5ed357ad46138fbfbe389c1783ea0,0.3858970544480809,1297000,0,5233000,ERR1293087.fastq.gz,ERR1293087,1264b96f,13071000,51,DNA,1000,13071,True,0.9557099361036532,0.9815029230487246,0.9686064295761889,0.9815029230487246,False,2849,2849,17017,d__Bacteria;p__Bacteroidota;c__Bacteroidia;o__Bacteroidales;f__Bacteroidaceae;g__Prevotella;s__Prevotella copri_B
567000,0.04337847142529263,0.11161417322834645,0.04337847142529263,0.03819709702062643,1.146384479717813,1.0,0.4090037972239384,/tmp/nxf.XXXXCzao9i/sourmash_database/gtdb-rs214-reps.k51.zip,"GCF_000012825.1 Bacteroides vulgatus ATCC 8482 strain=ATCC 8482, ASM1282v1",63b92dc09e7b5ffbd878d8e5fce5cfec,0.11161417322834645,567000,1,4666000,ERR1293087.fastq.gz,ERR1293087,1264b96f,13071000,51,DNA,1000,13071,True,0.9403291235626677,0.9579168889291074,0.9491230062458875,0.9579168889291074,False,650,3499,17017,d__Bacteria;p__Bacteroidota;c__Bacteroidia;o__Bacteroidales;f__Bacteroidaceae;g__Phocaeicola;s__Phocaeicola vulgatus
442000,0.03381531634916992,0.10120986505351326,0.03327977966490705,0.029558676617500147,1.1563218390804597,1.0,0.4968177235592494,/tmp/nxf.XXXXCzao9i/sourmash_database/gtdb-rs214-reps.k51.zip,"GCA_025151215.1 Parabacteroides merdae ATCC 43184 strain=ATCC 43184, ASM2515121v1",04366d02afc93cbeed4bfc2d3a9aa9a9,0.10283852954862727,435000,2,4231000,ERR1293087.fastq.gz,ERR1293087,1264b96f,13071000,51,DNA,1000,13071,True,0.9357483873806578,0.9563800474194888,0.9460642174000733,0.9563800474194888,False,503,4002,17017,d__Bacteria;p__Bacteroidota;c__Bacteroidia;o__Bacteroidales;f__Tannerellaceae;g__Parabacteroides;s__Parabacteroides merdae
332000,0.02539973988218193,0.11062979006997667,0.02539973988218193,0.02632661456190868,1.3493975903614457,1.0,0.7144588471924349,/tmp/nxf.XXXXCzao9i/sourmash_database/gtdb-rs214-reps.k51.zip,"GCF_003324185.1 Faecalibacterium prausnitzii strain=ATCC 27768, ASM332418v1",a294186b3cb8cdd319bb9d5fdcde1f5a,0.11062979006997667,332000,3,3899000,ERR1293087.fastq.gz,ERR1293087,1264b96f,13071000,51,DNA,1000,13071,True,0.9305123520502543,0.957750514348441,0.9441314331993477,0.957750514348441,False,448,4450,17017,d__Bacteria;p__Bacillota_A;c__Clostridia;o__Oscillospirales;f__Ruminococcaceae;g__Faecalibacterium;s__Faecalibacterium prausnitzii
330000,0.025246729400963966,0.051490514905149054,0.024711192716701094,0.020391373332549804,1.0743034055727554,1.0,0.31581982492400235,/tmp/nxf.XXXXCzao9i/sourmash_database/gtdb-rs214-reps.k51.zip,"GCF_000011065.1 Bacteroides thetaiotaomicron VPI-5482 strain=VPI-5482, ASM1106v1",36e5cf9f0e4c0a0411f3300c5364f87f,0.052606408417025345,323000,4,3576000,ERR1293087.fastq.gz,ERR1293087,1264b96f,13071000,51,DNA,1000,13071,True,0.9304021144976133,0.9438920462800927,0.9371470803888531,0.9438920462800927,False,347,4797,17017,d__Bacteria;p__Bacteroidota;c__Bacteroidia;o__Bacteroidales;f__Bacteroidaceae;g__Bacteroides;s__Bacteroides thetaiotaomicron
295000,0.022569045979649607,0.05930087390761548,0.021803993573559787,0.018452136099194924,1.1017543859649124,1.0,0.3353402190026769,/tmp/nxf.XXXXCzao9i/sourmash_database/gtdb-rs214-reps.k51.zip,"GCF_000012845.1 Parabacteroides distasonis ATCC 8503 strain=ATCC 8503, ASM1284v1",85c74583c59734abc0e8f1a3e909b79d,0.06138160632542655,285000,5,3291000,ERR1293087.fastq.gz,ERR1293087,1264b96f,13071000,51,DNA,1000,13071,True,0.9283589851993835,0.9467515920683031,0.9375552886338433,0.9467515920683031,False,314,5111,17017,d__Bacteria;p__Bacteroidota;c__Bacteroidia;o__Bacteroidales;f__Tannerellaceae;g__Parabacteroides;s__Parabacteroides distasonis
282000,0.021574477851732842,0.05979921431689219,0.02096243592686099,0.017629429394135275,1.094890510948905,1.0,0.305263119216445,/tmp/nxf.XXXXCzao9i/sourmash_database/gtdb-rs214-reps.k51.zip,"GCA_025147485.1 Bacteroides uniformis strain=ATCC 8492, ASM2514748v1",177d80c9d0f18e5195e47e20bdf54706,0.06154517677869926,274000,6,3017000,ERR1293087.fastq.gz,ERR1293087,1264b96f,13071000,51,DNA,1000,13071,True,0.9275389642874147,0.9468009964867763,0.9371699803870954,0.9468009964867763,False,300,5411,17017,d__Bacteria;p__Bacteroidota;c__Bacteroidia;o__Bacteroidales;f__Bacteroidaceae;g__Bacteroides;s__Bacteroides uniformis
248000,0.018973299671027465,0.07781612802008159,0.018973299671027465,0.015513897866839044,1.064516129032258,1.0,0.2615689474230138,/tmp/nxf.XXXXCzao9i/sourmash_database/gtdb-rs214-reps.k51.zip,"GCF_018847895.1 Akkermansia muciniphila strain=Akk0196, ASM1884789v1",442a6fcabd8680d9ec163fa382ba4ec9,0.07781612802008159,248000,7,2769000,ERR1293087.fastq.gz,ERR1293087,1264b96f,13071000,51,DNA,1000,13071,True,0.9252052647884237,0.9511658888195829,0.9381855768040033,0.9511658888195829,False,264,5675,17017,d__Bacteria;p__Verrucomicrobiota;c__Verrucomicrobiae;o__Verrucomicrobiales;f__Akkermansiaceae;g__Akkermansia;s__Akkermansia sp001580195
628000,0.04804529110244052,0.05341246290801187,0.01514803764057838,0.023212082035611446,1.994949494949495,1.5,1.489008465244725,/tmp/nxf.XXXXCzao9i/sourmash_database/gtdb-rs214-reps.k51.zip,"GCA_934191715.1 uncultured Prevotella sp., ERR7738153_bin.18",e49a79ea8e699dd2582485325f49b0cd,0.16940922578904774,198000,8,2571000,ERR1293087.fastq.gz,ERR1293087,1264b96f,13071000,51,DNA,1000,13071,True,0.9422150051201993,0.9657864740845568,0.954000739602378,0.9657864740845568,False,395,6070,17017,d__Bacteria;p__Bacteroidota;c__Bacteroidia;o__Bacteroidales;f__Bacteroidaceae;g__Prevotella;s__Prevotella sp934191715
156000,0.011934817535001148,0.047737909516380655,0.011705301813174203,0.009931245225362872,1.1045751633986929,1.0,0.3820036391164041,/tmp/nxf.XXXXCzao9i/sourmash_database/gtdb-rs214-reps.k51.zip,"GCA_000020605.1 [Eubacterium] rectale ATCC 33656 strain=ATCC 33656, ASM2060v1",bb4d1c2199066ffc1226ec8433ce5698,0.048673946957878314,153000,9,2418000,ERR1293087.fastq.gz,ERR1293087,1264b96f,13071000,51,DNA,1000,13071,True,0.9168335676568251,0.9424552042346043,0.9296443859457146,0.9424552042346043,False,169,6239,17017,d__Bacteria;p__Bacillota_A;c__Clostridia;o__Lachnospirales;f__Lachnospiraceae;g__Agathobacter;s__Agathobacter rectalis
156000,0.011934817535001148,0.0519810977826245,0.010940249407084386,0.00928483281424458,1.1048951048951048,1.0,0.3064182139889041,/tmp/nxf.XXXXCzao9i/sourmash_database/gtdb-rs214-reps.k51.zip,"GCF_003287495.1 Faecalibacterium prausnitzii strain=APC923/61-1, ASM328749v1",e6bface39e3d16e80204535c16bd0cef,0.05670665212649945,143000,10,2275000,ERR1293087.fastq.gz,ERR1293087,1264b96f,13071000,51,DNA,1000,13071,True,0.9168335676568251,0.9452821370648047,0.9310578523608148,0.9452821370648047,False,158,6397,17017,d__Bacteria;p__Bacillota_A;c__Clostridia;o__Oscillospirales;f__Ruminococcaceae;g__Faecalibacterium;s__Faecalibacterium prausnitzii_I
557000,0.04261341901920281,0.033374157991426824,0.008339071226379008,0.014808720691073632,2.311926605504587,2.0,2.1912974151369147,/tmp/nxf.XXXXCzao9i/sourmash_database/gtdb-rs214-reps.k51.zip,"GCA_021619875.1 Prevotella copri, ASM2161987v1",6eb1dd46ddb0b79c6c16e3f2bdc00d11,0.17054500918554807,109000,11,2166000,ERR1293087.fastq.gz,ERR1293087,1264b96f,13071000,51,DNA,1000,13071,True,0.940001096939431,0.9659130193977477,0.9529570581685893,0.9659130193977477,False,252,6649,17017,d__Bacteria;p__Bacteroidota;c__Bacteroidia;o__Bacteroidales;f__Bacteroidaceae;g__Prevotella;s__Prevotella copri_D
119000,0.009104123632468824,0.01673380849085838,0.008262565985770026,0.006405359346535817,1.0092592592592593,1.0,0.09577852252582036,/tmp/nxf.XXXXCzao9i/sourmash_database/gtdb-rs214-reps.k51.zip,"GCF_001314995.1 Bacteroides ovatus strain=ATCC 8483, ASM131499v1",c28ea957513bf36bf9dc694cd077b880,0.01843817787418655,108000,12,2058000,ERR1293087.fastq.gz,ERR1293087,1264b96f,13071000,51,DNA,1000,13071,True,0.9119794697274209,0.9246864008240354,0.9183329352757281,0.9246864008240354,False,109,6758,17017,d__Bacteria;p__Bacteroidota;c__Bacteroidia;o__Bacteroidales;f__Bacteroidaceae;g__Bacteroides;s__Bacteroides ovatus
100000,0.007650524060898172,0.034229828850855744,0.007497513579680208,0.005817711700064641,1.010204081632653,1.0,0.10049854899791943,/tmp/nxf.XXXXCzao9i/sourmash_database/gtdb-rs214-reps.k51.zip,"GCA_025150745.1 Eubacterium ventriosum strain=ATCC 27560, ASM2515074v1",440e1bb1587f3739d335baca21132760,0.0349283967865875,98000,13,1960000,ERR1293087.fastq.gz,ERR1293087,1264b96f,13071000,51,DNA,1000,13071,True,0.9088741442288353,0.9363428004223682,0.9226084723256017,0.9363428004223682,False,99,6857,17017,d__Bacteria;p__Bacillota_A;c__Clostridia;o__Lachnospirales;f__Lachnospiraceae;g__Eubacterium_G;s__Eubacterium_G ventriosum
122000,0.00933363935429577,0.030774321641297155,0.0071149873766353,0.0059352412293588765,1.086021505376344,1.0,0.2803958023743075,/tmp/nxf.XXXXCzao9i/sourmash_database/gtdb-rs214-reps.k51.zip,"GCF_010509575.1 Faecalibacterium prausnitzii A2-165 strain=JCM 31915, ASM1050957v1",5136f6c0a3924e615495681fbaf7095d,0.04037061548643282,93000,14,1867000,ERR1293087.fastq.gz,ERR1293087,1264b96f,13071000,51,DNA,1000,13071,True,0.912424795202547,0.939005094371774,0.9257149447871605,0.939005094371774,False,101,6958,17017,d__Bacteria;p__Bacillota_A;c__Clostridia;o__Oscillospirales;f__Ruminococcaceae;g__Faecalibacterium;s__Faecalibacterium duncaniae
110000,0.00841557646698799,0.02268625934519206,0.006732461173590391,0.005288828818240583,1.0227272727272727,1.0,0.14903269373413638,/tmp/nxf.XXXXCzao9i/sourmash_database/gtdb-rs214-reps.k51.zip,"GCA_025145285.1 Alistipes onderdonkii strain=DSM 19147, ASM2514528v1",2de6e539bf1bbcefae850f4a041e233c,0.028357824181490073,88000,15,1779000,ERR1293087.fastq.gz,ERR1293087,1264b96f,13071000,51,DNA,1000,13071,True,0.9105742609363912,0.9325245049414006,0.9215493829388959,0.9325245049414006,False,90,7048,17017,d__Bacteria;p__Bacteroidota;c__Bacteroidia;o__Bacteroidales;f__Rikenellaceae;g__Alistipes;s__Alistipes onderdonkii
681000,0.05210006885471655,0.025921299188007497,0.006349934970545482,0.011341599576893695,2.325301204819277,2.0,2.201360114806024,/tmp/nxf.XXXXCzao9i/sourmash_database/gtdb-rs214-reps.k51.zip,"GCA_025151535.1 Prevotella copri DSM 18205 strain=DSM 18205, ASM2515153v1",70d597ce0e2cee5b6ea444c78a111191,0.21267957526545908,83000,16,1696000,ERR1293087.fastq.gz,ERR1293087,1264b96f,13071000,51,DNA,1000,13071,True,0.9437130629164708,0.9701036813149352,0.956908372115703,0.9701036813149352,False,193,7241,17017,d__Bacteria;p__Bacteroidota;c__Bacteroidia;o__Bacteroidales;f__Bacteroidaceae;g__Prevotella;s__Prevotella copri
94000,0.007191492617244282,0.02505480739116818,0.006120419248718537,0.004995004995004995,1.0625,1.0,0.2891258376555094,/tmp/nxf.XXXXCzao9i/sourmash_database/gtdb-rs214-reps.k51.zip,"GCF_900167555.1 Gemmiger formicilis strain=ATCC 27749, IMG-taxon 2590828806 annotated assembly",316f66857e7940a11e48de3faf3d397d,0.02943939868462261,80000,17,1616000,ERR1293087.fastq.gz,ERR1293087,1264b96f,13071000,51,DNA,1000,13071,True,0.9077721274868028,0.9332091723056312,0.920490649896217,0.9332091723056312,False,85,7326,17017,d__Bacteria;p__Bacillota_A;c__Clostridia;o__Oscillospirales;f__Ruminococcaceae;g__Gemmiger;s__Gemmiger formicilis
185000,0.014153469512661618,0.025267249757045675,0.005967408767500574,0.005406358347534818,1.1794871794871795,1.0,0.445593517871353,/tmp/nxf.XXXXCzao9i/sourmash_database/gtdb-rs214-reps.k51.zip,"GCF_023347235.1 Faecalibacterium sp. I4179 strain=I4179, ASM2334723v1",907fa411823bfbb5be9253d5f9643455,0.05992873339812115,78000,18,1538000,ERR1293087.fastq.gz,ERR1293087,1264b96f,13071000,51,DNA,1000,13071,True,0.9199037940676095,0.9463070176651309,0.9331054058663701,0.9463070176651309,False,92,7418,17017,d__Bacteria;p__Bacillota_A;c__Clostridia;o__Oscillospirales;f__Ruminococcaceae;g__Faecalibacterium;s__Faecalibacterium prausnitzii_A
84000,0.006426440211154464,0.017657992565055763,0.005814398286282611,0.005171299288946348,1.1578947368421053,1.0,0.5631824883955973,/tmp/nxf.XXXXCzao9i/sourmash_database/gtdb-rs214-reps.k51.zip,"GCF_000190535.1 Odoribacter splanchnicus DSM 20712 strain=DSM 220712, ASM19053v1",903d4323f292a4facda7c7138f35e12d,0.019516728624535316,76000,19,1462000,ERR1293087.fastq.gz,ERR1293087,1264b96f,13071000,51,DNA,1000,13071,True,0.905772286938688,0.925717703062934,0.915744995000811,0.925717703062934,False,88,7506,17017,d__Bacteria;p__Bacteroidota;c__Bacteroidia;o__Bacteroidales;f__Marinifilaceae;g__Odoribacter;s__Odoribacter splanchnicus
79000,0.006043914008109556,0.0298390263054574,0.005814398286282611,0.006111535523300229,1.368421052631579,1.0,1.6846216603451811,/tmp/nxf.XXXXCzao9i/sourmash_database/gtdb-rs214-reps.k51.zip,"GCF_004168205.1 Catenibacterium sp. co_0103 strain=co_0103, ASM416820v1",2d9c5297cdf08f3d4b31f68972515305,0.031016882606988615,76000,20,1386000,ERR1293087.fastq.gz,ERR1293087,1264b96f,13071000,51,DNA,1000,13071,True,0.9046830151647169,0.9341647878100601,0.9194239014873885,0.9341647878100601,False,104,7610,17017,d__Bacteria;p__Bacillota;c__Bacilli;o__Erysipelotrichales;f__Coprobacillaceae;g__Catenibacterium;s__Catenibacterium sp000437715
80000,0.006120419248718537,0.015611257695690413,0.005431872083237701,0.005230064053593465,1.2535211267605635,1.0,0.7261379580084644,/tmp/nxf.XXXXCzao9i/sourmash_database/gtdb-rs214-reps.k51.zip,"GCA_025148125.1 Blautia wexlerae DSM 19850 strain=DSM 19850, ASM2514812v1",7f2073ec6218c72ec98b02ac15cb9880,0.01759014951627089,71000,21,1315000,ERR1293087.fastq.gz,ERR1293087,1264b96f,13071000,51,DNA,1000,13071,True,0.9049061762255698,0.9238331036088571,0.9143696399172134,0.9238331036088571,False,89,7699,17017,d__Bacteria;p__Bacillota_A;c__Clostridia;o__Lachnospirales;f__Lachnospiraceae;g__Blautia_A;s__Blautia_A wexlerae
76000,0.005814398286282611,0.019613259668508288,0.005431872083237701,0.004289827819239584,1.028169014084507,1.0,0.16545549471085536,/tmp/nxf.XXXXCzao9i/sourmash_database/gtdb-rs214-reps.k51.zip,"GCF_000265365.1 Alistipes finegoldii DSM 17242 strain=DSM 17242, ASM26536v1",32e9ec95ec567198d44d9d52c769243b,0.020994475138121547,71000,22,1244000,ERR1293087.fastq.gz,ERR1293087,1264b96f,13071000,51,DNA,1000,13071,True,0.903996523569905,0.9270434685889104,0.9155199960794077,0.9270434685889104,False,73,7772,17017,d__Bacteria;p__Bacteroidota;c__Bacteroidia;o__Bacteroidales;f__Rikenellaceae;g__Alistipes;s__Alistipes finegoldii
68000,0.005202356361410756,0.013801501928151005,0.005202356361410756,0.004113533525298231,1.0294117647058822,1.0,0.1689577248981773,/tmp/nxf.XXXXCzao9i/sourmash_database/gtdb-rs214-reps.k51.zip,"GCF_003697165.2 Escherichia coli DSM 30083 = JCM 1649 = ATCC 11775 strain=ATCC 11775, ASM369716v2",84efa859553c7c5d22f6f6377fa345fd,0.013801501928151005,68000,23,1176000,ERR1293087.fastq.gz,ERR1293087,1264b96f,13071000,51,DNA,1000,13071,True,0.9020271505252344,0.9194496835324165,0.9107384170288255,0.9194496835324165,False,70,7842,17017,d__Bacteria;p__Pseudomonadota;c__Gammaproteobacteria;o__Enterobacterales;f__Enterobacteriaceae;g__Escherichia;s__Escherichia coli
72000,0.005508377323846684,0.024271844660194174,0.004972840639583811,0.0039372392313568785,1.0307692307692307,1.0,0.1726918793895665,/tmp/nxf.XXXXCzao9i/sourmash_database/gtdb-rs214-reps.k51.zip,"GCA_025152405.1 [Ruminococcus] lactaris ATCC 29176 strain=ATCC 29176, ASM2515240v1",5ce8603892234499b54852ec8c952d29,0.0268857356235997,65000,24,1111000,ERR1293087.fastq.gz,ERR1293087,1264b96f,13071000,51,DNA,1000,13071,True,0.9030386670763236,0.9315503047094963,0.91729448589291,0.9315503047094963,False,67,7909,17017,d__Bacteria;p__Bacillota_A;c__Clostridia;o__Lachnospirales;f__Lachnospiraceae;g__Mediterraneibacter;s__Mediterraneibacter lactaris
689000,0.0527121107795884,0.015006821282401092,0.004207788233493995,0.006699183169771405,2.0727272727272728,2.0,1.6276535867152773,/tmp/nxf.XXXXCzao9i/sourmash_database/gtdb-rs214-reps.k51.zip,"GCF_015074785.1 Prevotella copri strain=YF2, ASM1507478v1",7e930297e6a022bb1488dcb6fef424b2,0.18799454297407914,55000,25,1056000,ERR1293087.fastq.gz,ERR1293087,1264b96f,13071000,51,DNA,1000,13071,True,0.943929197304087,0.9677597462865813,0.9558444717953342,0.9677597462865813,False,114,8023,17017,d__Bacteria;p__Bacteroidota;c__Bacteroidia;o__Bacteroidales;f__Bacteroidaceae;g__Prevotella;s__Prevotella sp015074785
55000,0.004207788233493995,0.01798941798941799,0.0039017672710580675,0.0031732972909443496,1.0588235294117647,1.0,0.23529411764705882,/tmp/nxf.XXXXCzao9i/sourmash_database/gtdb-rs214-reps.k51.zip,"GCF_000146185.1 [Eubacterium] eligens ATCC 27750 strain=ATCC 27750, ASM14618v1",6f23354d1c492f2e5d90eb1f6ead0ebb,0.019400352733686066,51000,26,1005000,ERR1293087.fastq.gz,ERR1293087,1264b96f,13071000,51,DNA,1000,13071,True,0.8982822560825208,0.9256091512765163,0.9119457036795185,0.9256091512765163,False,54,8077,17017,d__Bacteria;p__Bacillota_A;c__Clostridia;o__Lachnospirales;f__Lachnospiraceae;g__Lachnospira;s__Lachnospira eligens
51000,0.0039017672710580675,0.010662763955676354,0.0039017672710580675,0.0030557677616501145,1.0196078431372548,1.0,0.1386483884679505,/tmp/nxf.XXXXCzao9i/sourmash_database/gtdb-rs214-reps.k51.zip,"GCF_000701705.1 Bilophila wadsworthia ATCC 49260 strain=ATCC 49260, ASM70170v1",b1bd0a4998658b6084d0785f2a2c686c,0.010662763955676354,51000,27,954000,ERR1293087.fastq.gz,ERR1293087,1264b96f,13071000,51,DNA,1000,13071,True,0.8969532970821883,0.9148097408342437,0.905881518958216,0.9148097408342437,False,52,8129,17017,d__Bacteria;p__Desulfobacterota;c__Desulfovibrionia;o__Desulfovibrionales;f__Desulfovibrionaceae;g__Bilophila;s__Bilophila wadsworthia
55000,0.004207788233493995,0.019065420560747663,0.0039017672710580675,0.003114532526297232,1.0392156862745099,1.0,0.1941077438551307,/tmp/nxf.XXXXCzao9i/sourmash_database/gtdb-rs214-reps.k51.zip,"GCF_000765235.1 Oscillibacter sp. ER4 strain=ER4, ASM76523v1",b86d494b379656b1b7a7b4d8bf763e29,0.020560747663551402,51000,28,903000,ERR1293087.fastq.gz,ERR1293087,1264b96f,13071000,51,DNA,1000,13071,True,0.8982822560825208,0.9266640853611523,0.9124731707218365,0.9266640853611523,False,53,8182,17017,d__Bacteria;p__Bacillota_A;c__Clostridia;o__Oscillospirales;f__Oscillospiraceae;g__ER4;s__ER4 sp000765235
