intersect_bp,f_orig_query,f_match,f_unique_to_query,f_unique_weighted,average_abund,median_abund,std_abund,filename,name,md5,f_match_orig,unique_intersect_bp,gather_result_rank,remaining_bp,query_filename,query_name,query_md5,query_bp,ksize,moltype,scaled,query_n_hashes,query_abundance,query_containment_ani,match_containment_ani,average_containment_ani,max_containment_ani,potential_false_negative,n_unique_weighted_found,sum_weighted_found,total_weighted_hashes,lineage
1242000,0.11064587973273943,0.24448818897637795,0.11064587973273943,0.1312151531352631,1.3832528180354267,1.0,0.9104738810619025,/tmp/nxf.XXXXGHQPBC/sourmash_database/gtdb-rs214-reps.k51.zip,"GCF_000012825.1 Bacteroides vulgatus ATCC 8482 strain=ATCC 8482, ASM1282v1",63b92dc09e7b5ffbd878d8e5fce5cfec,0.24448818897637795,1242000,0,5238000,ERR1293132.fastq.gz,ERR1293132,99185f74,11225000,51,DNA,1000,11225,True,0.9577532453761771,0.972758549650086,0.9652558975131316,0.972758549650086,False,1718,1718,13093,d__Bacteria;p__Bacteroidota;c__Bacteroidia;o__Bacteroidales;f__Bacteroidaceae;g__Phocaeicola;s__Phocaeicola vulgatus
711000,0.06334075723830734,0.15168048886948932,0.061915367483296214,0.06484380966928893,1.2215827338129497,1.0,0.5199284109448475,/tmp/nxf.XXXXGHQPBC/sourmash_database/gtdb-rs214-reps.k51.zip,"GCA_025147485.1 Bacteroides uniformis strain=ATCC 8492, ASM2514748v1",177d80c9d0f18e5195e47e20bdf54706,0.15517241379310345,695000,1,4543000,ERR1293132.fastq.gz,ERR1293132,99185f74,11225000,51,DNA,1000,11225,True,0.9473350222972861,0.9641256073595533,0.9557303148284197,0.9641256073595533,False,849,2567,13093,d__Bacteria;p__Bacteroidota;c__Bacteroidia;o__Bacteroidales;f__Bacteroidaceae;g__Bacteroides;s__Bacteroides uniformis
619000,0.05514476614699332,0.13514699429574376,0.05487750556792873,0.05392194302298938,1.146103896103896,1.0,0.4005893575239409,/tmp/nxf.XXXXGHQPBC/sourmash_database/gtdb-rs214-reps.k51.zip,"GCF_002222615.2 Bacteroides caccae strain=ATCC 43185, ASM222261v2",d7e7663bc3ede65000c2f57952616ae4,0.13580517770952172,616000,2,3927000,ERR1293132.fastq.gz,ERR1293132,99185f74,11225000,51,DNA,1000,11225,True,0.9447646036221825,0.9616086457305388,0.9531866246763607,0.9616086457305388,False,706,3273,13093,d__Bacteria;p__Bacteroidota;c__Bacteroidia;o__Bacteroidales;f__Bacteroidaceae;g__Bacteroides;s__Bacteroides caccae
535000,0.047661469933184854,0.08209787980232744,0.045879732739420934,0.04269456961735278,1.0854368932038836,1.0,0.29309455944253526,/tmp/nxf.XXXXGHQPBC/sourmash_database/gtdb-rs214-reps.k51.zip,"GCF_000011065.1 Bacteroides thetaiotaomicron VPI-5482 strain=VPI-5482, ASM1106v1",36e5cf9f0e4c0a0411f3300c5364f87f,0.08528614697911685,515000,3,3412000,ERR1293132.fastq.gz,ERR1293132,99185f74,11225000,51,DNA,1000,11225,True,0.9420668337425225,0.9528769756511826,0.9474719046968525,0.9528769756511826,False,559,3832,13093,d__Bacteria;p__Bacteroidota;c__Bacteroidia;o__Bacteroidales;f__Bacteroidaceae;g__Bacteroides;s__Bacteroides thetaiotaomicron
271000,0.024142538975501112,0.0609125646212632,0.024142538975501112,0.023142137019781562,1.118081180811808,1.0,0.3553564927676307,/tmp/nxf.XXXXGHQPBC/sourmash_database/gtdb-rs214-reps.k51.zip,"GCF_900537995.1 Roseburia intestinalis L1-82 strain=L1-82, Roseburia intestinalis strain L1-82",a0a31bbf8562bc7e5e4b2fd755c9aae9,0.0609125646212632,271000,4,3141000,ERR1293132.fastq.gz,ERR1293132,99185f74,11225000,51,DNA,1000,11225,True,0.9295866146834983,0.9466092048403792,0.9380979097619389,0.9466092048403792,False,303,4135,13093,d__Bacteria;p__Bacillota_A;c__Clostridia;o__Lachnospirales;f__Lachnospiraceae;g__Roseburia;s__Roseburia intestinalis
267000,0.023786191536748328,0.054307116104868915,0.023251670378619152,0.02153822653326205,1.0804597701149425,1.0,0.2720036681884881,/tmp/nxf.XXXXGHQPBC/sourmash_database/gtdb-rs214-reps.k51.zip,"GCF_000012845.1 Parabacteroides distasonis ATCC 8503 strain=ATCC 8503, ASM1284v1",85c74583c59734abc0e8f1a3e909b79d,0.05555555555555555,261000,5,2880000,ERR1293132.fastq.gz,ERR1293132,99185f74,11225000,51,DNA,1000,11225,True,0.9293156129387697,0.9449020987729916,0.9371088558558807,0.9449020987729916,False,282,4417,13093,d__Bacteria;p__Bacteroidota;c__Bacteroidia;o__Bacteroidales;f__Tannerellaceae;g__Parabacteroides;s__Parabacteroides distasonis
248000,0.022093541202672606,0.09721115537848606,0.02173719376391982,0.021156343084090735,1.1352459016393444,1.0,0.4367206653369906,/tmp/nxf.XXXXGHQPBC/sourmash_database/gtdb-rs214-reps.k51.zip,"GCF_000154465.1 Alistipes putredinis DSM 17216 strain=DSM 17216, ASM15446v1",2f08d0845365d89ec7bf59fbef01de57,0.09880478087649402,244000,6,2636000,ERR1293132.fastq.gz,ERR1293132,99185f74,11225000,51,DNA,1000,11225,True,0.927971448782353,0.9556299754703641,0.9418007121263585,0.9556299754703641,False,277,4694,13093,d__Bacteria;p__Bacteroidota;c__Bacteroidia;o__Bacteroidales;f__Rikenellaceae;g__Alistipes;s__Alistipes putredinis
247000,0.02200445434298441,0.06406833956219968,0.021380846325167038,0.019476055907736958,1.0625,1.0,0.24206145913796356,/tmp/nxf.XXXXGHQPBC/sourmash_database/gtdb-rs214-reps.k51.zip,"GCF_003473545.1 Clostridium sp. AM22-11AC strain=AM22-11AC, ASM347354v1",50efc7fa47c0997c24a73c521b04bdd3,0.06593699946609717,240000,7,2396000,ERR1293132.fastq.gz,ERR1293132,99185f74,11225000,51,DNA,1000,11225,True,0.9278979343475382,0.948081495566206,0.9379897149568721,0.948081495566206,False,255,4949,13093,d__Bacteria;p__Bacillota_A;c__Clostridia;o__Lachnospirales;f__Lachnospiraceae;g__Enterocloster;s__Enterocloster sp000431375
237000,0.02111358574610245,0.04360298336201951,0.020311804008908686,0.018559535629725808,1.0657894736842106,1.0,0.2650153743863297,/tmp/nxf.XXXXGHQPBC/sourmash_database/gtdb-rs214-reps.k51.zip,"GCF_000025985.1 Bacteroides fragilis NCTC 9343, ASM2598v1",5ed7bd7e8a301425ed2ad891c3e399f5,0.045324153757888695,228000,8,2168000,ERR1293132.fastq.gz,ERR1293132,99185f74,11225000,51,DNA,1000,11225,True,0.9271463105533642,0.9411384647966331,0.9341423876749986,0.9411384647966331,False,243,5192,13093,d__Bacteria;p__Bacteroidota;c__Bacteroidia;o__Bacteroidales;f__Bacteroidaceae;g__Bacteroides;s__Bacteroides fragilis
227000,0.02022271714922049,0.0989010989010989,0.0200445434298441,0.019094172458565647,1.1111111111111112,1.0,0.32810717911629783,/tmp/nxf.XXXXGHQPBC/sourmash_database/gtdb-rs214-reps.k51.zip,"GCA_900540455.1 uncultured Faecalibacterium sp., UMGS253",a6dea697c972d5c74e46b458d8fdf516,0.09978021978021978,225000,9,1943000,ERR1293132.fastq.gz,ERR1293132,99185f74,11225000,51,DNA,1000,11225,True,0.9263629281247867,0.9558140732435543,0.9410885006841705,0.9558140732435543,False,250,5442,13093,d__Bacteria;p__Bacillota_A;c__Clostridia;o__Oscillospirales;f__Ruminococcaceae;g__Faecalibacterium;s__Faecalibacterium sp900540455
192000,0.01710467706013363,0.032152588555858314,0.01576837416481069,0.014358817688841365,1.0621468926553672,1.0,0.3036164710179526,/tmp/nxf.XXXXGHQPBC/sourmash_database/gtdb-rs214-reps.k51.zip,"GCA_000613465.1 Bacteroides nordii WAL 11050 = JCM 12987 strain=JCM 12987, ASM61346v1",2622449679f676b2a7b48fe066bdf236,0.03487738419618529,177000,10,1766000,ERR1293132.fastq.gz,ERR1293132,99185f74,11225000,51,DNA,1000,11225,True,0.923326273505305,0.9363159670945419,0.9298211202999235,0.9363159670945419,False,188,5630,13093,d__Bacteria;p__Bacteroidota;c__Bacteroidia;o__Bacteroidales;f__Bacteroidaceae;g__Bacteroides;s__Bacteroides nordii
177000,0.01576837416481069,0.04038364462392731,0.014253897550111359,0.013136790651493164,1.075,1.0,0.34550687402713137,/tmp/nxf.XXXXGHQPBC/sourmash_database/gtdb-rs214-reps.k51.zip,"GCA_003584705.1 Lachnospiraceae bacterium GAM79 strain=GAM79, ASM358470v1",70a12b75803f82aa8bff2c80aad9821b,0.04467440686521958,160000,11,1606000,ERR1293132.fastq.gz,ERR1293132,99185f74,11225000,51,DNA,1000,11225,True,0.9218547303989382,0.9408720440394809,0.9313633872192095,0.9408720440394809,False,172,5802,13093,d__Bacteria;p__Bacillota_A;c__Clostridia;o__Lachnospirales;f__Lachnospiraceae;g__Acetatifactor;s__Acetatifactor sp900066565
162000,0.014432071269487751,0.048673946957878314,0.013897550111358575,0.014129687619338577,1.185897435897436,1.0,0.42069062844948213,/tmp/nxf.XXXXGHQPBC/sourmash_database/gtdb-rs214-reps.k51.zip,"GCA_000020605.1 [Eubacterium] rectale ATCC 33656 strain=ATCC 33656, ASM2060v1",bb4d1c2199066ffc1226ec8433ce5698,0.05054602184087364,156000,12,1450000,ERR1293132.fastq.gz,ERR1293132,99185f74,11225000,51,DNA,1000,11225,True,0.9202554649568546,0.9431528852590858,0.9317041751079702,0.9431528852590858,False,185,5987,13093,d__Bacteria;p__Bacillota_A;c__Clostridia;o__Lachnospirales;f__Lachnospiraceae;g__Agathobacter;s__Agathobacter rectalis
124000,0.011046770601336303,0.04698749526335733,0.011046770601336303,0.010158099747956924,1.0725806451612903,1.0,0.259446902292668,/tmp/nxf.XXXXGHQPBC/sourmash_database/gtdb-rs214-reps.k51.zip,"GCA_000436475.1 Eubacterium sp. CAG:248, MGS248",0cbfa984f760c0f973970a752712a480,0.04698749526335733,124000,13,1326000,ERR1293132.fastq.gz,ERR1293132,99185f74,11225000,51,DNA,1000,11225,True,0.9154445961773214,0.9418037972881662,0.9286241967327438,0.9418037972881662,False,133,6120,13093,d__Bacteria;p__Bacillota_A;c__Clostridia;o__Lachnospirales;f__Lachnospiraceae;g__Lachnospira;s__Lachnospira sp000436475
133000,0.011848552338530067,0.029131219386439804,0.010066815144766147,0.009623462919117086,1.1150442477876106,1.0,0.39358152137941743,/tmp/nxf.XXXXGHQPBC/sourmash_database/gtdb-rs214-reps.k51.zip,"GCA_025145285.1 Alistipes onderdonkii strain=DSM 19147, ASM2514528v1",2de6e539bf1bbcefae850f4a041e233c,0.034287187419438,113000,14,1213000,ERR1293132.fastq.gz,ERR1293132,99185f74,11225000,51,DNA,1000,11225,True,0.9167031658620988,0.9360026866636345,0.9263529262628667,0.9360026866636345,False,126,6246,13093,d__Bacteria;p__Bacteroidota;c__Bacteroidia;o__Bacteroidales;f__Rikenellaceae;g__Alistipes;s__Alistipes onderdonkii
130000,0.011581291759465479,0.020428015564202335,0.0074832962138084635,0.013976934239670053,2.1785714285714284,2.0,1.9830274731288198,/tmp/nxf.XXXXGHQPBC/sourmash_database/gtdb-rs214-reps.k51.zip,"GCF_000154845.1 Bacteroides coprocola DSM 17136 strain=DSM 17136, ASM15484v1",6c4a84c6881f2933a9b05588fca9caee,0.0316147859922179,84000,15,1129000,ERR1293132.fastq.gz,ERR1293132,99185f74,11225000,51,DNA,1000,11225,True,0.9162931735078645,0.9345145838059641,0.9254038786569143,0.9345145838059641,False,183,6429,13093,d__Bacteria;p__Bacteroidota;c__Bacteroidia;o__Bacteroidales;f__Bacteroidaceae;g__Phocaeicola;s__Phocaeicola coprocola
84000,0.0074832962138084635,0.021505376344086023,0.0067706013363028955,0.005957381807072481,1.0263157894736843,1.0,0.16007269816574263,/tmp/nxf.XXXXGHQPBC/sourmash_database/gtdb-rs214-reps.k51.zip,"GCF_005121165.3 Dysosmobacter welbionis strain=J115, ASM512116v3",09a34dca3e142e3d9e58ce200e89b31c,0.023769100169779286,76000,16,1053000,ERR1293132.fastq.gz,ERR1293132,99185f74,11225000,51,DNA,1000,11225,True,0.9084803701042627,0.9293025151506591,0.9188914426274609,0.9293025151506591,False,78,6507,13093,d__Bacteria;p__Bacillota_A;c__Clostridia;o__Oscillospirales;f__Oscillospiraceae;g__Dysosmobacter;s__Dysosmobacter welbionis
81000,0.0072160356347438755,0.016490765171503958,0.0066815144766146995,0.006110135186741006,1.0666666666666667,1.0,0.2981423969999719,/tmp/nxf.XXXXGHQPBC/sourmash_database/gtdb-rs214-reps.k51.zip,"GCA_025148125.1 Blautia wexlerae DSM 19850 strain=DSM 19850, ASM2514812v1",7f2073ec6218c72ec98b02ac15cb9880,0.017810026385224276,75000,17,978000,ERR1293132.fastq.gz,ERR1293132,99185f74,11225000,51,DNA,1000,11225,True,0.9078327717979048,0.9240581571973769,0.9159454644976408,0.9240581571973769,False,80,6587,13093,d__Bacteria;p__Bacillota_A;c__Clostridia;o__Lachnospirales;f__Lachnospiraceae;g__Blautia_A;s__Blautia_A wexlerae
590000,0.05256124721603563,0.01661213189025925,0.005879732739420935,0.006721148705415107,1.3333333333333333,1.0,0.6113406364191519,/tmp/nxf.XXXXGHQPBC/sourmash_database/gtdb-rs214-reps.k51.zip,"GCA_900760795.1 Bacteroidaceae bacterium, SRS021948_34",d1db19c7390bdd0d48d0186cf7ff78fb,0.14850239114019634,66000,18,912000,ERR1293132.fastq.gz,ERR1293132,99185f74,11225000,51,DNA,1000,11225,True,0.9438761512334767,0.9632953843162636,0.9535857677748701,0.9632953843162636,False,88,6675,13093,d__Bacteria;p__Bacteroidota;c__Bacteroidia;o__Bacteroidales;f__Bacteroidaceae;g__Phocaeicola;s__Phocaeicola sp900760795
66000,0.005879732739420935,0.028960070206230804,0.005879732739420935,0.005117238218895593,1.0151515151515151,1.0,0.1221554204287659,/tmp/nxf.XXXXGHQPBC/sourmash_database/gtdb-rs214-reps.k51.zip,"GCF_003269275.1 Phascolarctobacterium faecium DSM 14760 strain=DSM 14760, ASM326927v1",7c43b2da8075c4100917842aa30c8367,0.028960070206230804,66000,19,846000,ERR1293132.fastq.gz,ERR1293132,99185f74,11225000,51,DNA,1000,11225,True,0.9041946092043777,0.9329088393344427,0.9185517242694101,0.9329088393344427,False,67,6742,13093,d__Bacteria;p__Bacillota_C;c__Negativicutes;o__Acidaminococcales;f__Acidaminococcaceae;g__Phascolarctobacterium;s__Phascolarctobacterium faecium
71000,0.0063251670378619155,0.009298780487804878,0.005434298440979955,0.00473535476972428,1.0163934426229508,1.0,0.12698306053139075,/tmp/nxf.XXXXGHQPBC/sourmash_database/gtdb-rs214-reps.k51.zip,"GCF_002234575.2 Enterocloster bolteae strain=ATCC BAA-613, ASM223457v2",b5edd45c572fe04753d4848d8e14e842,0.010823170731707316,61000,20,785000,ERR1293132.fastq.gz,ERR1293132,99185f74,11225000,51,DNA,1000,11225,True,0.9054902215231974,0.915077614921828,0.9102839182225126,0.915077614921828,False,62,6804,13093,d__Bacteria;p__Bacillota_A;c__Clostridia;o__Lachnospirales;f__Lachnospiraceae;g__Enterocloster;s__Enterocloster bolteae
88000,0.007839643652561247,0.01574172892209178,0.005256124721603563,0.00473535476972428,1.0508474576271187,1.0,0.21968612536975796,/tmp/nxf.XXXXGHQPBC/sourmash_database/gtdb-rs214-reps.k51.zip,"GCF_003435375.1 Clostridium sp. AM34-11AC strain=AM34-11AC, ASM343537v1",dbc6837b95ffa97bbc27800d0a9cc61b,0.023479188900747065,59000,21,726000,ERR1293132.fastq.gz,ERR1293132,99185f74,11225000,51,DNA,1000,11225,True,0.9093094250437523,0.9290789268154052,0.9191941759295787,0.9290789268154052,False,62,6866,13093,d__Bacteria;p__Bacillota_A;c__Clostridia;o__Lachnospirales;f__Lachnospiraceae;g__Copromonas;s__Copromonas sp900066535
412000,0.03670378619153675,0.00929639081297849,0.004543429844097995,0.005804628427403956,1.4901960784313726,1.0,0.6377825869525723,/tmp/nxf.XXXXGHQPBC/sourmash_database/gtdb-rs214-reps.k51.zip,"GCF_013009555.1 Bacteroides dorei strain=DSM 17855, ASM1300955v1",92c62d3d608447418f79f40c554d2f69,0.07510025519504193,51000,22,675000,ERR1293132.fastq.gz,ERR1293132,99185f74,11225000,51,DNA,1000,11225,True,0.9372535106218333,0.9505035717916653,0.9438785412067493,0.9505035717916653,False,76,6942,13093,d__Bacteria;p__Bacteroidota;c__Bacteroidia;o__Bacteroidales;f__Bacteroidaceae;g__Phocaeicola;s__Phocaeicola dorei
