intersect_bp,f_orig_query,f_match,f_unique_to_query,f_unique_weighted,average_abund,median_abund,std_abund,filename,name,md5,f_match_orig,unique_intersect_bp,gather_result_rank,remaining_bp,query_filename,query_name,query_md5,query_bp,ksize,moltype,scaled,query_n_hashes,query_abundance,query_containment_ani,match_containment_ani,average_containment_ani,max_containment_ani,potential_false_negative,n_unique_weighted_found,sum_weighted_found,total_weighted_hashes,lineage
1428000,0.08691947166595654,0.3116542994325622,0.08691947166595654,0.10393245537557931,1.5861344537815125,1.0,1.0480091377419036,/tmp/nxf.XXXXDrCcMf/sourmash_database/gtdb-rs214-reps.k51.zip,"GCA_025147485.1 Bacteroides uniformis strain=ATCC 8492, ASM2514748v1",177d80c9d0f18e5195e47e20bdf54706,0.3116542994325622,1428000,0,8903000,ERR1293338.fastq.gz,ERR1293338,bfcbb780,16429000,51,DNA,1000,16429,True,0.9532314751767039,0.9773992962978632,0.9653153857372836,0.9773992962978632,False,2265,2265,21793,d__Bacteria;p__Bacteroidota;c__Bacteroidia;o__Bacteroidales;f__Bacteroidaceae;g__Bacteroides;s__Bacteroides uniformis
1387000,0.08442388459431494,0.22062808863382752,0.0842412806622436,0.09374569815995962,1.4761560693641618,1.0,0.9851546745906387,/tmp/nxf.XXXXDrCcMf/sourmash_database/gtdb-rs214-reps.k51.zip,"GCF_000011065.1 Bacteroides thetaiotaomicron VPI-5482 strain=VPI-5482, ASM1106v1",36e5cf9f0e4c0a0411f3300c5364f87f,0.22110632871034594,1384000,1,7519000,ERR1293338.fastq.gz,ERR1293338,bfcbb780,16429000,51,DNA,1000,16429,True,0.9526871350716736,0.9708430872269782,0.961765111149326,0.9708430872269782,False,2043,4308,21793,d__Bacteria;p__Bacteroidota;c__Bacteroidia;o__Bacteroidales;f__Bacteroidaceae;g__Bacteroides;s__Bacteroides thetaiotaomicron
1201000,0.07310244080589202,0.23974699041012038,0.0715198733946071,0.07057311980911302,1.308936170212766,1.0,0.8628779999132373,/tmp/nxf.XXXXDrCcMf/sourmash_database/gtdb-rs214-reps.k51.zip,"GCF_000156195.1 Bacteroides finegoldii DSM 17565 strain=DSM 17565, ASM15619v1",9d0fea771ba61065a50bf9434f874c00,0.2450520301979188,1175000,2,6344000,ERR1293338.fastq.gz,ERR1293338,bfcbb780,16429000,51,DNA,1000,16429,True,0.9500012013025593,0.9728024879573479,0.9614018446299536,0.9728024879573479,False,1538,5846,21793,d__Bacteria;p__Bacteroidota;c__Bacteroidia;o__Bacteroidales;f__Bacteroidaceae;g__Bacteroides;s__Bacteroides finegoldii
1146000,0.06975470205125084,0.2610516519311308,0.06829387059468014,0.07626302023585554,1.481283422459893,1.0,0.9336771800437528,/tmp/nxf.XXXXDrCcMf/sourmash_database/gtdb-rs214-reps.k51.zip,"GCA_025151215.1 Parabacteroides merdae ATCC 43184 strain=ATCC 43184, ASM2515121v1",04366d02afc93cbeed4bfc2d3a9aa9a9,0.26663564448580734,1122000,3,5222000,ERR1293338.fastq.gz,ERR1293338,bfcbb780,16429000,51,DNA,1000,16429,True,0.9491284037591842,0.9744139531912024,0.9617711784751932,0.9744139531912024,False,1662,7508,21793,d__Bacteria;p__Bacteroidota;c__Bacteroidia;o__Bacteroidales;f__Tannerellaceae;g__Parabacteroides;s__Parabacteroides merdae
762000,0.04638139874611966,0.2005263157894737,0.04638139874611966,0.045656862295232414,1.305774278215223,1.0,0.6947068276231808,/tmp/nxf.XXXXDrCcMf/sourmash_database/gtdb-rs214-reps.k51.zip,"GCF_020736365.1 Clostridium sp. M62/1 strain=FDAARGOS_1583, ASM2073636v1",0380dbe573a123194534af872fd30072,0.2005263157894737,762000,4,4460000,ERR1293338.fastq.gz,ERR1293338,bfcbb780,16429000,51,DNA,1000,16429,True,0.9415640737642077,0.9689850705160208,0.9552745721401142,0.9689850705160208,False,995,8503,21793,d__Bacteria;p__Bacillota_A;c__Clostridia;o__Lachnospirales;f__Lachnospiraceae;g__Clostridium_Q;s__Clostridium_Q saccharolyticum_A
702000,0.04272932010469292,0.19994246260069046,0.04230324426319313,0.040701142568714724,1.2762589928057555,1.0,0.6448002014804287,/tmp/nxf.XXXXDrCcMf/sourmash_database/gtdb-rs214-reps.k51.zip,"GCF_008121495.1 [Ruminococcus] gnavus ATCC 29149 strain=JCM6515, ASM812149v1",c0af2b4fd1a1fb3c5fc7e5a29e4fe5d1,0.20195627157652474,695000,5,3765000,ERR1293338.fastq.gz,ERR1293338,bfcbb780,16429000,51,DNA,1000,16429,True,0.9400511604082047,0.9691200862871238,0.9545856233476642,0.9691200862871238,False,887,9390,21793,d__Bacteria;p__Bacillota_A;c__Clostridia;o__Lachnospirales;f__Lachnospiraceae;g__Ruminococcus_B;s__Ruminococcus_B gnavus
552000,0.03359912350112606,0.11298377028714107,0.033051311704912045,0.03152388381590419,1.2651933701657458,1.0,1.6707935029376932,/tmp/nxf.XXXXDrCcMf/sourmash_database/gtdb-rs214-reps.k51.zip,"GCF_000012845.1 Parabacteroides distasonis ATCC 8503 strain=ATCC 8503, ASM1284v1",85c74583c59734abc0e8f1a3e909b79d,0.11485642946317104,543000,6,3222000,ERR1293338.fastq.gz,ERR1293338,bfcbb780,16429000,51,DNA,1000,16429,True,0.9356307131196492,0.9584548796049744,0.9470427963623118,0.9584548796049744,False,687,10077,21793,d__Bacteria;p__Bacteroidota;c__Bacteroidia;o__Bacteroidales;f__Tannerellaceae;g__Parabacteroides;s__Parabacteroides distasonis
543000,0.033051311704912045,0.14588930682428802,0.033051311704912045,0.030239067590510715,1.2136279926335174,1.0,0.5206936032460434,/tmp/nxf.XXXXDrCcMf/sourmash_database/gtdb-rs214-reps.k51.zip,"GCF_000239295.1 Flavonifractor plautii ATCC 29863 strain=ATCC 29863, ASM23929v1",1ed22d796c79d0337723a67a4b313636,0.14588930682428802,543000,7,2679000,ERR1293338.fastq.gz,ERR1293338,bfcbb780,16429000,51,DNA,1000,16429,True,0.9353291817721504,0.9629601233566053,0.9491446525643779,0.9629601233566053,False,659,10736,21793,d__Bacteria;p__Bacillota_A;c__Clostridia;o__Oscillospirales;f__Oscillospiraceae;g__Flavonifractor;s__Flavonifractor plautii
344000,0.020938584210846673,0.10317936412717456,0.020938584210846673,0.016886156105171385,1.069767441860465,1.0,0.25475467790937956,/tmp/nxf.XXXXDrCcMf/sourmash_database/gtdb-rs214-reps.k51.zip,"GCF_014131695.1 Erysipelatoclostridium ramosum DSM 1402 strain=DSM 1402, ASM1413169v1",7067e76f1f8fb6fb2a7b6a18482cbfb2,0.10317936412717456,344000,8,2335000,ERR1293338.fastq.gz,ERR1293338,bfcbb780,16429000,51,DNA,1000,16429,True,0.926995014147497,0.9564420976668309,0.9417185559071639,0.9564420976668309,False,368,11104,21793,d__Bacteria;p__Bacillota;c__Bacilli;o__Erysipelotrichales;f__Coprobacillaceae;g__Thomasclavelia;s__Thomasclavelia ramosa
315000,0.019173412867490414,0.13821851689337428,0.019173412867490414,0.0171614738677557,1.1873015873015873,1.0,0.428912268933782,/tmp/nxf.XXXXDrCcMf/sourmash_database/gtdb-rs214-reps.k51.zip,"GCF_003269275.1 Phascolarctobacterium faecium DSM 14760 strain=DSM 14760, ASM326927v1",7c43b2da8075c4100917842aa30c8367,0.13821851689337428,315000,9,2020000,ERR1293338.fastq.gz,ERR1293338,bfcbb780,16429000,51,DNA,1000,16429,True,0.9253956201809019,0.9619408266293203,0.9436682234051111,0.9619408266293203,False,374,11478,21793,d__Bacteria;p__Bacillota_C;c__Negativicutes;o__Acidaminococcales;f__Acidaminococcaceae;g__Phascolarctobacterium;s__Phascolarctobacterium faecium
251000,0.015277862316635218,0.039303403099536664,0.014973522429849655,0.011746891203597485,1.0406504065040652,1.0,0.19747898864213204,/tmp/nxf.XXXXDrCcMf/sourmash_database/gtdb-rs214-reps.k51.zip,"GCF_020215665.1 Blautia sp. NBRC 113351 strain=NBRC 113351, ASM2021566v1",8b38cce8c2d4b1af0b9e70afdd8fa62f,0.04010225275603131,246000,10,1774000,ERR1293338.fastq.gz,ERR1293338,bfcbb780,16429000,51,DNA,1000,16429,True,0.9212836931425397,0.9388823013459588,0.9300829972442493,0.9388823013459588,False,256,11734,21793,d__Bacteria;p__Bacillota_A;c__Clostridia;o__Lachnospirales;f__Lachnospiraceae;g__Blautia;s__Blautia sp001304935
240000,0.014608314565706982,0.05017771273259461,0.014608314565706982,0.011884550084889643,1.0791666666666666,1.0,0.2992757461309256,/tmp/nxf.XXXXDrCcMf/sourmash_database/gtdb-rs214-reps.k51.zip,"GCF_000701705.1 Bilophila wadsworthia ATCC 49260 strain=ATCC 49260, ASM70170v1",b1bd0a4998658b6084d0785f2a2c686c,0.05017771273259461,240000,11,1534000,ERR1293338.fastq.gz,ERR1293338,bfcbb780,16429000,51,DNA,1000,16429,True,0.9204745110255607,0.943017648936096,0.9317460799808284,0.943017648936096,False,259,11993,21793,d__Bacteria;p__Desulfobacterota;c__Desulfovibrionia;o__Desulfovibrionales;f__Desulfovibrionaceae;g__Bilophila;s__Bilophila wadsworthia
141000,0.008582384807352851,0.020250582750582752,0.008460648852638628,0.006745285183315744,1.0575539568345325,1.0,0.26197325836018887,/tmp/nxf.XXXXDrCcMf/sourmash_database/gtdb-rs214-reps.k51.zip,"GCF_003201875.1 Hungatella effluvii strain=DSM 24995, ASM320187v1",cf2a3220056f7a2960a252f7e48a83b8,0.02054195804195804,139000,12,1395000,ERR1293338.fastq.gz,ERR1293338,bfcbb780,16429000,51,DNA,1000,16429,True,0.910924765462051,0.9266474732085939,0.9187861193353224,0.9266474732085939,False,147,12140,21793,d__Bacteria;p__Bacillota_A;c__Clostridia;o__Lachnospirales;f__Lachnospiraceae;g__Hungatella;s__Hungatella effluvii
386000,0.023495039259845394,0.035793562708102106,0.007851969079067503,0.008351305465057588,1.4108527131782946,1.0,0.7218881691052909,/tmp/nxf.XXXXDrCcMf/sourmash_database/gtdb-rs214-reps.k51.zip,"GCA_900755095.1 uncultured Bacteroides sp., ERS473029_19",157ba610ccdcf1ff58761725bd879825,0.10710321864594895,129000,13,1266000,ERR1293338.fastq.gz,ERR1293338,bfcbb780,16429000,51,DNA,1000,16429,True,0.9290912208596566,0.957142322387567,0.9431167716236117,0.957142322387567,False,182,12322,21793,d__Bacteria;p__Bacteroidota;c__Bacteroidia;o__Bacteroidales;f__Bacteroidaceae;g__Bacteroides;s__Bacteroides sp900755095
114000,0.006938949418710816,0.02404295051353875,0.006269401667782579,0.007800669939888955,1.6504854368932038,1.0,0.9317353874959284,/tmp/nxf.XXXXDrCcMf/sourmash_database/gtdb-rs214-reps.k51.zip,"GCF_022809355.1 Parabacteroides sp. AGMB00274 strain=AGMB00274, ASM2280935v1",5983752ac0361c83bc804a957dfcef8d,0.02661064425770308,103000,14,1163000,ERR1293338.fastq.gz,ERR1293338,bfcbb780,16429000,51,DNA,1000,16429,True,0.9071360490999398,0.9313624687504792,0.9192492589252095,0.9313624687504792,False,170,12492,21793,d__Bacteria;p__Bacteroidota;c__Bacteroidia;o__Bacteroidales;f__Tannerellaceae;g__Parabacteroides;s__Parabacteroides faecavium
106000,0.006452005599853917,0.02811701221243965,0.00602592975835413,0.004818060845225531,1.0606060606060606,1.0,0.27773186030035396,/tmp/nxf.XXXXDrCcMf/sourmash_database/gtdb-rs214-reps.k51.zip,"GCF_900142265.1 Anaerotignum lactatifermentans DSM 14214 strain=DSM 14214, IMG-taxon 2585428190 annotated assembly",00cab793116387c76bf9dc97330f3ba2,0.030105083783016188,99000,15,1064000,ERR1293338.fastq.gz,ERR1293338,bfcbb780,16429000,51,DNA,1000,16429,True,0.9058428025489595,0.9336184135827389,0.9197306080658492,0.9336184135827389,False,105,12597,21793,d__Bacteria;p__Bacillota_A;c__Clostridia;o__Lachnospirales;f__Anaerotignaceae;g__Anaerotignum;s__Anaerotignum lactatifermentans
100000,0.0060867977357112425,0.0267425320056899,0.005721589871568568,0.004542743082641215,1.053191489361702,1.0,0.224415139465202,/tmp/nxf.XXXXDrCcMf/sourmash_database/gtdb-rs214-reps.k51.zip,"GCF_014467075.1 Anaerostipes caccae strain=JCM 13470, ASM1446707v1",cd3c43f45300d7a0715be968dfa0cbde,0.02844950213371266,94000,16,970000,ERR1293338.fastq.gz,ERR1293338,bfcbb780,16429000,51,DNA,1000,16429,True,0.904808443141089,0.9325835243355798,0.9186959837383344,0.9325835243355798,False,99,12696,21793,d__Bacteria;p__Bacillota_A;c__Clostridia;o__Lachnospirales;f__Lachnospiraceae;g__Anaerostipes;s__Anaerostipes caccae
485000,0.029520969018199526,0.01524390243902439,0.004565098301783432,0.006837057770843849,1.9866666666666666,1.0,1.446774189552591,/tmp/nxf.XXXXDrCcMf/sourmash_database/gtdb-rs214-reps.k51.zip,"GCF_000614125.1 Bacteroides rodentium JCM 16496 strain=JCM 16496, ASM61412v1",d114cb268bdc0e58bd5266fb76f6ef04,0.09857723577235772,75000,17,895000,ERR1293338.fastq.gz,ERR1293338,bfcbb780,16429000,51,DNA,1000,16429,True,0.9332598040548468,0.9555867738662533,0.9444232889605501,0.9555867738662533,False,149,12845,21793,d__Bacteria;p__Bacteroidota;c__Bacteroidia;o__Bacteroidales;f__Bacteroidaceae;g__Bacteroides;s__Bacteroides rodentium
118000,0.007182421328139266,0.016336861481822364,0.004321626392354982,0.0036709035011242143,1.1267605633802817,1.0,0.3327045580568371,/tmp/nxf.XXXXDrCcMf/sourmash_database/gtdb-rs214-reps.k51.zip,"GCA_900754605.1 uncultured Oscillospiraceae bacterium, ERS396504_64",f167964a7b0f7c95cf930e6cf86141da,0.027151403589507593,71000,18,824000,ERR1293338.fastq.gz,ERR1293338,bfcbb780,16429000,51,DNA,1000,16429,True,0.9077496615095503,0.9317299262180779,0.9197397938638141,0.9317299262180779,False,80,12925,21793,d__Bacteria;p__Bacillota_A;c__Clostridia;o__Oscillospirales;f__Oscillospiraceae;g__Lawsonibacter;s__Lawsonibacter sp900754605
74000,0.00450423032442632,0.014915693904020753,0.004199890437640757,0.00325792685724774,1.0289855072463767,1.0,0.16776575221435114,/tmp/nxf.XXXXDrCcMf/sourmash_database/gtdb-rs214-reps.k51.zip,"GCF_012317185.1 [Clostridium] innocuum strain=ATCC 14501, ASM1231718v1",91693cab416177f5c43d8f522dba510f,0.01599654128837008,69000,19,755000,ERR1293338.fastq.gz,ERR1293338,bfcbb780,16429000,51,DNA,1000,16429,True,0.899482173382403,0.9221144449669749,0.910798309174689,0.9221144449669749,False,71,12996,21793,d__Bacteria;p__Bacillota;c__Bacilli;o__Erysipelotrichales;f__Erysipelotrichaceae;g__Clostridium_AQ;s__Clostridium_AQ innocuum
70000,0.004260758414997869,0.019074421513445905,0.003712946618783858,0.003303813151011793,1.180327868852459,1.0,0.528164055527443,/tmp/nxf.XXXXDrCcMf/sourmash_database/gtdb-rs214-reps.k51.zip,"GCF_900291975.1 Intestinibacillus sp. Marseille-P4005 strain=Marseille-P4005, PRJEB24950",65713af468298b7a867be5e7720bad95,0.021888680425265792,61000,20,694000,ERR1293338.fastq.gz,ERR1293338,bfcbb780,16429000,51,DNA,1000,16429,True,0.8985026269329225,0.9278019605443404,0.9131522937386314,0.9278019605443404,False,72,13068,21793,d__Bacteria;p__Bacillota_A;c__Clostridia;o__Oscillospirales;f__Butyricicoccaceae;g__Agathobaculum;s__Agathobaculum sp900291975
121000,0.007365025260210603,0.013132295719844358,0.0032868707772840708,0.0058734456017987425,2.3703703703703702,1.0,3.49229997595926,/tmp/nxf.XXXXDrCcMf/sourmash_database/gtdb-rs214-reps.k51.zip,"GCF_000154845.1 Bacteroides coprocola DSM 17136 strain=DSM 17136, ASM15484v1",6c4a84c6881f2933a9b05588fca9caee,0.029426070038910505,54000,21,640000,ERR1293338.fastq.gz,ERR1293338,bfcbb780,16429000,51,DNA,1000,16429,True,0.9081966321321557,0.9332008859739079,0.9206987590530318,0.9332008859739079,False,128,13196,21793,d__Bacteria;p__Bacteroidota;c__Bacteroidia;o__Bacteroidales;f__Bacteroidaceae;g__Phocaeicola;s__Phocaeicola coprocola
