intersect_bp,f_orig_query,f_match,f_unique_to_query,f_unique_weighted,average_abund,median_abund,std_abund,filename,name,md5,f_match_orig,unique_intersect_bp,gather_result_rank,remaining_bp,query_filename,query_name,query_md5,query_bp,ksize,moltype,scaled,query_n_hashes,query_abundance,query_containment_ani,match_containment_ani,average_containment_ani,max_containment_ani,potential_false_negative,n_unique_weighted_found,sum_weighted_found,total_weighted_hashes,lineage
1891000,0.15857442348008385,0.4399720800372266,0.15857442348008385,0.20411854737720886,1.551560021152829,1.0,0.8851925125124722,/tmp/nxf.XXXXDRipvZ/sourmash_database/gtdb-rs214-reps.k51.zip,"GCA_025151215.1 Parabacteroides merdae ATCC 43184 strain=ATCC 43184, ASM2515121v1",04366d02afc93cbeed4bfc2d3a9aa9a9,0.4399720800372266,1891000,0,4432000,ERR1293061.fastq.gz,ERR1293061,38671058,11925000,51,DNA,1000,11925,True,0.9645356782969942,0.9840299925818264,0.9742828354394103,0.9840299925818264,False,2934,2934,14374,d__Bacteria;p__Bacteroidota;c__Bacteroidia;o__Bacteroidales;f__Tannerellaceae;g__Parabacteroides;s__Parabacteroides merdae
1228000,0.1029769392033543,0.1930495775545991,0.10155136268343816,0.10957283984972868,1.300578034682081,1.0,0.604544853653593,/tmp/nxf.XXXXDRipvZ/sourmash_database/gtdb-rs214-reps.k51.zip,"GCF_000011065.1 Bacteroides thetaiotaomicron VPI-5482 strain=VPI-5482, ASM1106v1",36e5cf9f0e4c0a0411f3300c5364f87f,0.19575960465487008,1211000,1,3221000,ERR1293061.fastq.gz,ERR1293061,38671058,11925000,51,DNA,1000,11925,True,0.9564052697081359,0.9685280816563121,0.962466675682224,0.9685280816563121,False,1575,4509,14374,d__Bacteria;p__Bacteroidota;c__Bacteroidia;o__Bacteroidales;f__Bacteroidaceae;g__Bacteroides;s__Bacteroides thetaiotaomicron
219000,0.018364779874213838,0.06833073322932917,0.018364779874213838,0.01732294420481425,1.1369863013698631,1.0,0.426787998010883,/tmp/nxf.XXXXDRipvZ/sourmash_database/gtdb-rs214-reps.k51.zip,"GCA_000020605.1 [Eubacterium] rectale ATCC 33656 strain=ATCC 33656, ASM2060v1",bb4d1c2199066ffc1226ec8433ce5698,0.06833073322932917,219000,2,3002000,ERR1293061.fastq.gz,ERR1293061,38671058,11925000,51,DNA,1000,11925,True,0.9246140839931638,0.9487446391004599,0.9366793615468119,0.9487446391004599,False,249,4758,14374,d__Bacteria;p__Bacillota_A;c__Clostridia;o__Lachnospirales;f__Lachnospiraceae;g__Agathobacter;s__Agathobacter rectalis
191000,0.0160167714884696,0.04871447902571042,0.01509433962264151,0.013218310839014888,1.0555555555555556,1.0,0.22906142364542556,/tmp/nxf.XXXXDRipvZ/sourmash_database/gtdb-rs214-reps.k51.zip,"GCA_025145845.1 Alistipes shahii WAL 8301 strain=WAL 8301, ASM2514584v1",ce3fdcea4344bf5e1303cba1f2181070,0.0516914749661705,180000,3,2822000,ERR1293061.fastq.gz,ERR1293061,38671058,11925000,51,DNA,1000,11925,True,0.9221372967264686,0.9435673834301175,0.9328523400782931,0.9435673834301175,False,190,4948,14374,d__Bacteria;p__Bacteroidota;c__Bacteroidia;o__Bacteroidales;f__Rikenellaceae;g__Alistipes;s__Alistipes shahii
165000,0.013836477987421384,0.05813953488372093,0.013836477987421384,0.013079170724919995,1.1393939393939394,1.0,0.46576063168099024,/tmp/nxf.XXXXDRipvZ/sourmash_database/gtdb-rs214-reps.k51.zip,"GCF_000723465.1 Ruminococcus bicirculans strain=80/3, Rb803",70a947f02b8a53314791d97d0ad7467e,0.05813953488372093,165000,4,2657000,ERR1293061.fastq.gz,ERR1293061,38671058,11925000,51,DNA,1000,11925,True,0.9194953148884515,0.9457447780854529,0.9326200464869522,0.9457447780854529,False,188,5136,14374,d__Bacteria;p__Bacillota_A;c__Clostridia;o__Oscillospirales;f__Ruminococcaceae;g__Ruminococcus_D;s__Ruminococcus_D bicirculans
169000,0.014171907756813417,0.03641267700606878,0.013584905660377358,0.012174759983303186,1.0802469135802468,1.0,0.27167507511932576,/tmp/nxf.XXXXDRipvZ/sourmash_database/gtdb-rs214-reps.k51.zip,"GCF_900537995.1 Roseburia intestinalis L1-82 strain=L1-82, Roseburia intestinalis strain L1-82",a0a31bbf8562bc7e5e4b2fd755c9aae9,0.037986064284108785,162000,5,2495000,ERR1293061.fastq.gz,ERR1293061,38671058,11925000,51,DNA,1000,11925,True,0.919927276965657,0.9378847970023072,0.9289060369839821,0.9378847970023072,False,175,5311,14374,d__Bacteria;p__Bacillota_A;c__Clostridia;o__Lachnospirales;f__Lachnospiraceae;g__Roseburia;s__Roseburia intestinalis
135000,0.011320754716981131,0.06766917293233082,0.011320754716981131,0.01036593850006957,1.1037037037037036,1.0,0.3282743674986717,/tmp/nxf.XXXXDRipvZ/sourmash_database/gtdb-rs214-reps.k51.zip,"GCA_900543625.1 uncultured Clostridiales bacterium, UMGS596",230628a283f5731e4baeb5b079cd6331,0.06766917293233082,135000,6,2360000,ERR1293061.fastq.gz,ERR1293061,38671058,11925000,51,DNA,1000,11925,True,0.9158844672204532,0.9485636710191697,0.9322240691198115,0.9485636710191697,False,149,5460,14374,d__Bacteria;p__Bacillota_A;c__Clostridia;o__Oscillospirales;f__Oscillospiraceae;g__CAG-103;s__CAG-103 sp900543625
130000,0.01090146750524109,0.033368926855312335,0.010482180293501049,0.009461527758452761,1.088,1.0,0.4198285364288615,/tmp/nxf.XXXXDRipvZ/sourmash_database/gtdb-rs214-reps.k51.zip,"GCF_003473545.1 Clostridium sp. AM22-11AC strain=AM22-11AC, ASM347354v1",50efc7fa47c0997c24a73c521b04bdd3,0.034703683929524824,125000,7,2235000,ERR1293061.fastq.gz,ERR1293061,38671058,11925000,51,DNA,1000,11925,True,0.9152069575363031,0.9362243089023491,0.9257156332193262,0.9362243089023491,False,136,5596,14374,d__Bacteria;p__Bacillota_A;c__Clostridia;o__Lachnospirales;f__Lachnospiraceae;g__Enterocloster;s__Enterocloster sp000431375
133000,0.011153039832285116,0.042991960852848655,0.010314465408805032,0.008557117016835954,1.0,1.0,0.0,/tmp/nxf.XXXXDRipvZ/sourmash_database/gtdb-rs214-reps.k51.zip,"GCF_020564355.1 Lachnospira pectinoschiza strain=SL.1.13, ASM2056435v1",3bf2c0fcdedffa7ce0c88a9624ebba72,0.04648724222299895,123000,8,2112000,ERR1293061.fastq.gz,ERR1293061,38671058,11925000,51,DNA,1000,11925,True,0.9156164638667884,0.9416061575304581,0.9286113106986232,0.9416061575304581,False,123,5719,14374,d__Bacteria;p__Bacillota_A;c__Clostridia;o__Lachnospirales;f__Lachnospiraceae;g__Lachnospira;s__Lachnospira sp000437735
120000,0.010062893081761006,0.05186813186813187,0.00989517819706499,0.009113677473215528,1.1101694915254237,1.0,0.31310090172730787,/tmp/nxf.XXXXDRipvZ/sourmash_database/gtdb-rs214-reps.k51.zip,"GCA_900540455.1 uncultured Faecalibacterium sp., UMGS253",a6dea697c972d5c74e46b458d8fdf516,0.05274725274725275,118000,9,1994000,ERR1293061.fastq.gz,ERR1293061,38671058,11925000,51,DNA,1000,11925,True,0.9137716989687225,0.9439415324139497,0.928856615691336,0.9439415324139497,False,131,5850,14374,d__Bacteria;p__Bacillota_A;c__Clostridia;o__Oscillospirales;f__Ruminococcaceae;g__Faecalibacterium;s__Faecalibacterium sp900540455
114000,0.009559748427672956,0.046875,0.009559748427672956,0.008348406845693613,1.0526315789473684,1.0,0.2232968782694361,/tmp/nxf.XXXXDRipvZ/sourmash_database/gtdb-rs214-reps.k51.zip,"GCA_900544375.1 uncultured Ruminococcaceae bacterium, UMGS668",10109c779a5baf5bc4fa694e8a809e35,0.046875,114000,10,1880000,ERR1293061.fastq.gz,ERR1293061,38671058,11925000,51,DNA,1000,11925,True,0.9128531342882322,0.9417595331105361,0.9273063336993841,0.9417595331105361,False,120,5970,14374,d__Bacteria;p__Bacillota_A;c__Clostridia;o__Oscillospirales;f__Acutalibacteraceae;g__Fimivicinus;s__Fimivicinus sp900544375
214000,0.017945492662473795,0.017088289495727927,0.008553459119496854,0.00841797690274106,1.1862745098039216,1.0,0.41374407541194486,/tmp/nxf.XXXXDRipvZ/sourmash_database/gtdb-rs214-reps.k51.zip,"GCF_900106755.1 Bacteroides faecis MAJ27 strain=MAJ27, IMG-taxon 2693429916 annotated assembly",29f2cc9d2d6e4b636e9cf811c74231fd,0.03585190149103702,102000,11,1778000,ERR1293061.fastq.gz,ERR1293061,38671058,11925000,51,DNA,1000,11925,True,0.9241954606870478,0.9368220449723825,0.9305087528297151,0.9368220449723825,False,121,6091,14374,d__Bacteria;p__Bacteroidota;c__Bacteroidia;o__Bacteroidales;f__Bacteroidaceae;g__Bacteroides;s__Bacteroides faecis
105000,0.00880503144654088,0.02801358234295416,0.00830188679245283,0.007443996104076805,1.0808080808080809,1.0,0.30737624352935233,/tmp/nxf.XXXXDRipvZ/sourmash_database/gtdb-rs214-reps.k51.zip,"GCF_005121165.3 Dysosmobacter welbionis strain=J115, ASM512116v3",09a34dca3e142e3d9e58ce200e89b31c,0.029711375212224108,99000,12,1679000,ERR1293061.fastq.gz,ERR1293061,38671058,11925000,51,DNA,1000,11925,True,0.9113823340613069,0.9333774598712848,0.9223798969662959,0.9333774598712848,False,107,6198,14374,d__Bacteria;p__Bacillota_A;c__Clostridia;o__Oscillospirales;f__Oscillospiraceae;g__Dysosmobacter;s__Dysosmobacter welbionis
97000,0.008134171907756813,0.04256252742430891,0.008134171907756813,0.007026575761792124,1.041237113402062,1.0,0.1988381600204733,/tmp/nxf.XXXXDRipvZ/sourmash_database/gtdb-rs214-reps.k51.zip,"GCF_003269275.1 Phascolarctobacterium faecium DSM 14760 strain=DSM 14760, ASM326927v1",7c43b2da8075c4100917842aa30c8367,0.04256252742430891,97000,13,1582000,ERR1293061.fastq.gz,ERR1293061,38671058,11925000,51,DNA,1000,11925,True,0.9099672283814838,0.9399790721260547,0.9249731502537692,0.9399790721260547,False,101,6299,14374,d__Bacteria;p__Bacillota_C;c__Negativicutes;o__Acidaminococcales;f__Acidaminococcaceae;g__Phascolarctobacterium;s__Phascolarctobacterium faecium
111000,0.00930817610062893,0.023472993437657748,0.00779874213836478,0.006748295533602337,1.043010752688172,1.0,0.20288131466788398,/tmp/nxf.XXXXDRipvZ/sourmash_database/gtdb-rs214-reps.k51.zip,"GCA_003584705.1 Lachnospiraceae bacterium GAM79 strain=GAM79, ASM358470v1",70a12b75803f82aa8bff2c80aad9821b,0.02801615345784957,93000,14,1489000,ERR1293061.fastq.gz,ERR1293061,38671058,11925000,51,DNA,1000,11925,True,0.9123759219515243,0.9323028880451667,0.9223394049983455,0.9323028880451667,False,97,6396,14374,d__Bacteria;p__Bacillota_A;c__Clostridia;o__Lachnospirales;f__Lachnospiraceae;g__Acetatifactor;s__Acetatifactor sp900066565
91000,0.007631027253668763,0.031785714285714285,0.007463312368972746,0.006330875191317657,1.0224719101123596,1.0,0.1482124264974485,/tmp/nxf.XXXXDRipvZ/sourmash_database/gtdb-rs214-reps.k51.zip,"GCA_001304995.1 Clostridia bacterium UC5.1-1D10 strain=UC5.1-1D10, ASM130499v1",b3eb83ec1585e4f34c5370ace6dfe9b6,0.0325,89000,15,1400000,ERR1293061.fastq.gz,ERR1293061,38671058,11925000,51,DNA,1000,11925,True,0.9088286717119308,0.9350207360497921,0.9219247038808615,0.9350207360497921,False,91,6487,14374,d__Bacteria;p__Bacillota_A;c__Clostridia;o__Lachnospirales;f__Anaerotignaceae;g__Anaerotignum;s__Anaerotignum sp001304995
84000,0.007044025157232704,0.04164600892414477,0.007044025157232704,0.006122165020175317,1.0476190476190477,1.0,0.21295885499997996,/tmp/nxf.XXXXDRipvZ/sourmash_database/gtdb-rs214-reps.k51.zip,"GCA_000435195.1 Clostridium sp. CAG:169, MGS169",2c628f16ba407b3bc78d968830c8b716,0.04164600892414477,84000,16,1316000,ERR1293061.fastq.gz,ERR1293061,38671058,11925000,51,DNA,1000,11925,True,0.9074034157883428,0.9395779398687613,0.9234906778285521,0.9395779398687613,False,88,6575,14374,d__Bacteria;p__Bacillota_A;c__Clostridia;o__Oscillospirales;f__Ruminococcaceae;g__Negativibacillus;s__Negativibacillus sp000435195
96000,0.008050314465408805,0.022546054440472918,0.006876310272536688,0.00584388479198553,1.024390243902439,1.0,0.1542574468374819,/tmp/nxf.XXXXDRipvZ/sourmash_database/gtdb-rs214-reps.k51.zip,"GCF_015557635.1 Fusicatenibacter saccharivorans strain=D41t1_190614_C8, ASM1555763v1",d2fdc17cdae8aecf1aac02f627d3979a,0.026395380808358536,82000,17,1234000,ERR1293061.fastq.gz,ERR1293061,38671058,11925000,51,DNA,1000,11925,True,0.9097823491926059,0.9312141515855915,0.9204982503890987,0.9312141515855915,False,84,6659,14374,d__Bacteria;p__Bacillota_A;c__Clostridia;o__Lachnospirales;f__Lachnospiraceae;g__Fusicatenibacter;s__Fusicatenibacter saccharivorans
83000,0.006960167714884696,0.021756867011150396,0.0067085953878406705,0.008348406845693613,1.5,1.0,0.8366600265340756,/tmp/nxf.XXXXDRipvZ/sourmash_database/gtdb-rs214-reps.k51.zip,"GCA_900755895.1 Clostridia bacterium, ERS473283_28",58318ee12a4ac30ff9128e9078d0382d,0.022572749524068535,80000,18,1154000,ERR1293061.fastq.gz,ERR1293061,38671058,11925000,51,DNA,1000,11925,True,0.9071903577334015,0.928361972061627,0.9177761648975142,0.928361972061627,False,120,6779,14374,d__Bacteria;p__Bacillota_A;c__Clostridia;o__Oscillospirales;f__Acutalibacteraceae;g__Acutalibacter;s__Acutalibacter sp900755895
86000,0.007211740041928721,0.03128666405944466,0.0067085953878406705,0.005913454849032976,1.0625,1.0,0.24206145913796356,/tmp/nxf.XXXXDRipvZ/sourmash_database/gtdb-rs214-reps.k51.zip,"GCF_018408575.1 Oscillibacter sp. MM50 strain=MM50, ASM1840857v1",e6e6d5e92963e67195839cba6e2f7cae,0.03363316386390301,80000,19,1074000,ERR1293061.fastq.gz,ERR1293061,38671058,11925000,51,DNA,1000,11925,True,0.907822172261292,0.9356492905195798,0.921735731390436,0.9356492905195798,False,85,6864,14374,d__Bacteria;p__Bacillota_A;c__Clostridia;o__Oscillospirales;f__Oscillospiraceae;g__Vescimonas;s__Vescimonas coprocola
265000,0.022222222222222223,0.021087680355160933,0.006373165618448637,0.007652706275219146,1.4473684210526316,1.0,0.7676816918849907,/tmp/nxf.XXXXDRipvZ/sourmash_database/gtdb-rs214-reps.k51.zip,"GCA_900755095.1 uncultured Bacteroides sp., ERS473029_19",157ba610ccdcf1ff58761725bd879825,0.07352941176470588,76000,20,998000,ERR1293061.fastq.gz,ERR1293061,38671058,11925000,51,DNA,1000,11925,True,0.9280771248488988,0.9501096888804292,0.939093406864664,0.9501096888804292,False,110,6974,14374,d__Bacteria;p__Bacteroidota;c__Bacteroidia;o__Bacteroidales;f__Bacteroidaceae;g__Bacteroides;s__Bacteroides sp900755095
72000,0.0060377358490566035,0.02353755624783662,0.00570230607966457,0.005009044107416168,1.0588235294117647,1.0,0.23529411764705882,/tmp/nxf.XXXXDRipvZ/sourmash_database/gtdb-rs214-reps.k51.zip,"GCF_020709055.1 Ruminococcus callidus strain=MSK.21.81, ASM2070905v1",3d36fa1fd7c6961f5ace5e67bf2b8252,0.024922118380062305,68000,21,930000,ERR1293061.fastq.gz,ERR1293061,38671058,11925000,51,DNA,1000,11925,True,0.9046648731807302,0.9301660609105864,0.9174154670456582,0.9301660609105864,False,72,7046,14374,d__Bacteria;p__Bacillota_A;c__Clostridia;o__Oscillospirales;f__Ruminococcaceae;g__Ruminococcus_C;s__Ruminococcus_C sp000437175
74000,0.006205450733752621,0.020043169904409498,0.005450733752620545,0.004661193822178934,1.0307692307692307,1.0,0.1726918793895665,/tmp/nxf.XXXXDRipvZ/sourmash_database/gtdb-rs214-reps.k51.zip,"GCF_003024715.1 Lachnoclostridium sp. SNUG30386 strain=SNUG30386, ASM302471v1",f96d0bd7faefddb572480835d902e5a6,0.022818378045020044,65000,22,865000,ERR1293061.fastq.gz,ERR1293061,38671058,11925000,51,DNA,1000,11925,True,0.9051510211982073,0.9285590033990648,0.9168550122986361,0.9285590033990648,False,67,7113,14374,d__Bacteria;p__Bacillota_A;c__Clostridia;o__Lachnospirales;f__Lachnospiraceae;g__Clostridium_Q;s__Clostridium_Q fessum
78000,0.006540880503144654,0.013632365875109938,0.00519916142557652,0.004522053708084041,1.0483870967741935,1.0,0.21458281767177534,/tmp/nxf.XXXXDRipvZ/sourmash_database/gtdb-rs214-reps.k51.zip,"GCA_025148125.1 Blautia wexlerae DSM 19850 strain=DSM 19850, ASM2514812v1",7f2073ec6218c72ec98b02ac15cb9880,0.017150395778364115,62000,23,803000,ERR1293061.fastq.gz,ERR1293061,38671058,11925000,51,DNA,1000,11925,True,0.9060858276833563,0.9233746011675219,0.9147302144254391,0.9233746011675219,False,65,7178,14374,d__Bacteria;p__Bacillota_A;c__Clostridia;o__Lachnospirales;f__Lachnospiraceae;g__Blautia_A;s__Blautia_A wexlerae
80000,0.0067085953878406705,0.018541409147095178,0.005031446540880503,0.004174203422846807,1.0,1.0,0.0,/tmp/nxf.XXXXDRipvZ/sourmash_database/gtdb-rs214-reps.k51.zip,"GCA_025149785.1 Coprococcus comes ATCC 27758 strain=ATCC 27758, ASM2514978v1",3a055d916786f743b82f17b95fcc483f,0.024721878862793572,60000,24,743000,ERR1293061.fastq.gz,ERR1293061,38671058,11925000,51,DNA,1000,11925,True,0.9065357453695552,0.9300189410300778,0.9182773431998165,0.9300189410300778,False,60,7238,14374,d__Bacteria;p__Bacillota_A;c__Clostridia;o__Lachnospirales;f__Lachnospiraceae;g__Bariatricus;s__Bariatricus comes
71000,0.005953878406708596,0.018791105543376135,0.005031446540880503,0.004730763879226381,1.1333333333333333,1.0,0.5617433182117572,/tmp/nxf.XXXXDRipvZ/sourmash_database/gtdb-rs214-reps.k51.zip,"GCF_900167555.1 Gemmiger formicilis strain=ATCC 27749, IMG-taxon 2590828806 annotated assembly",316f66857e7940a11e48de3faf3d397d,0.02223614155966176,60000,25,683000,ERR1293061.fastq.gz,ERR1293061,38671058,11925000,51,DNA,1000,11925,True,0.904416811866607,0.9280885197787627,0.9162526658226848,0.9280885197787627,False,68,7306,14374,d__Bacteria;p__Bacillota_A;c__Clostridia;o__Oscillospirales;f__Ruminococcaceae;g__Gemmiger;s__Gemmiger formicilis
61000,0.0051153039832285115,0.022463206816421378,0.0048637316561844866,0.00410463336579936,1.0172413793103448,1.0,0.13016955922880602,/tmp/nxf.XXXXDRipvZ/sourmash_database/gtdb-rs214-reps.k51.zip,"GCA_004000625.1 Candidatus Cibiobacter qucibialis, ASM400062v1",442a7b6ad44794daf4265d6e6158d0b9,0.023625096824167312,58000,26,625000,ERR1293061.fastq.gz,ERR1293061,38671058,11925000,51,DNA,1000,11925,True,0.9017287378262391,0.9291917916501059,0.9154602647381724,0.9291917916501059,False,59,7365,14374,d__Bacteria;p__Bacillota_A;c__Clostridia;o__Oscillospirales;f__Ruminococcaceae;g__Gemmiger;s__Gemmiger qucibialis
73000,0.006121593291404612,0.015284460798188508,0.004528301886792453,0.003826353137609573,1.0185185185185186,1.0,0.13481684980149106,/tmp/nxf.XXXXDRipvZ/sourmash_database/gtdb-rs214-reps.k51.zip,"GCA_003573975.1 Clostridiales bacterium CCNA10 strain=CCNA10, ASM357397v1",00fa92bb3e4b24b2703f629c0d80feb8,0.02066232663458817,54000,27,571000,ERR1293061.fastq.gz,ERR1293061,38671058,11925000,51,DNA,1000,11925,True,0.9049095794865728,0.9267536357437876,0.9158316076151802,0.9267536357437876,False,55,7420,14374,d__Bacteria;p__Bacillota_A;c__Clostridia;o__Oscillospirales;f__Oscillospiraceae;g__Lawsonibacter;s__Lawsonibacter sp900066825
75000,0.006289308176100629,0.010966693744922826,0.004528301886792453,0.004382913593989147,1.1666666666666667,1.0,0.4194352464039306,/tmp/nxf.XXXXDRipvZ/sourmash_database/gtdb-rs214-reps.k51.zip,"GCF_003991565.1 Butyricimonas faecalis strain=H184, ASM399156v1",581503195c7853767e6bbb31d66720f7,0.015231519090170594,54000,28,517000,ERR1293061.fastq.gz,ERR1293061,38671058,11925000,51,DNA,1000,11925,True,0.9053892851119669,0.9212288157501088,0.9133090504310379,0.9212288157501088,False,63,7483,14374,d__Bacteria;p__Bacteroidota;c__Bacteroidia;o__Bacteroidales;f__Marinifilaceae;g__Butyricimonas;s__Butyricimonas faecalis
