intersect_bp,f_orig_query,f_match,f_unique_to_query,f_unique_weighted,average_abund,median_abund,std_abund,filename,name,md5,f_match_orig,unique_intersect_bp,gather_result_rank,remaining_bp,query_filename,query_name,query_md5,query_bp,ksize,moltype,scaled,query_n_hashes,query_abundance,query_containment_ani,match_containment_ani,average_containment_ani,max_containment_ani,potential_false_negative,n_unique_weighted_found,sum_weighted_found,total_weighted_hashes,lineage
896000,0.06153423528603805,0.24799335732078606,0.06153423528603805,0.10163512151416731,2.025669642857143,2.0,2.0858819644063247,/tmp/nxf.XXXXVuC6lw/sourmash_database/gtdb-rs214-reps.k51.zip,"GCF_002265625.1 Prevotella sp. 885 strain=885, ASM226562v1",6f27695917a933cec0a9bc03e9acdf60,0.24799335732078606,896000,0,3445000,ERR1293091.fastq.gz,ERR1293091,6c6e356d,14561000,51,DNA,1000,14561,True,0.9467976957649088,0.9730301008583848,0.9599138983116469,0.9730301008583848,False,1815,1815,17858,d__Bacteria;p__Bacteroidota;c__Bacteroidia;o__Bacteroidales;f__Bacteroidaceae;g__Prevotella;s__Prevotella sp002265625
325000,0.022319895611565138,0.06377952755905512,0.022251219009683403,0.019487064620898196,1.0740740740740742,1.0,0.385790123259253,/tmp/nxf.XXXXVuC6lw/sourmash_database/gtdb-rs214-reps.k51.zip,"GCF_000012825.1 Bacteroides vulgatus ATCC 8482 strain=ATCC 8482, ASM1282v1",63b92dc09e7b5ffbd878d8e5fce5cfec,0.0639763779527559,324000,1,3121000,ERR1293091.fastq.gz,ERR1293091,6c6e356d,14561000,51,DNA,1000,14561,True,0.9281569369333235,0.9475205123905596,0.9378387246619415,0.9475205123905596,False,348,2163,17858,d__Bacteria;p__Bacteroidota;c__Bacteroidia;o__Bacteroidales;f__Bacteroidaceae;g__Phocaeicola;s__Phocaeicola vulgatus
262000,0.01799326969301559,0.05704256252742431,0.01785591648925211,0.01534326352335088,1.0538461538461539,1.0,0.24215501905687992,/tmp/nxf.XXXXVuC6lw/sourmash_database/gtdb-rs214-reps.k51.zip,"GCF_002222615.2 Bacteroides caccae strain=ATCC 43185, ASM222261v2",d7e7663bc3ede65000c2f57952616ae4,0.05748135146994296,260000,2,2861000,ERR1293091.fastq.gz,ERR1293091,6c6e356d,14561000,51,DNA,1000,14561,True,0.9242436434016064,0.9455336720611105,0.9348886577313584,0.9455336720611105,False,274,2437,17858,d__Bacteria;p__Bacteroidota;c__Bacteroidia;o__Bacteroidales;f__Bacteroidaceae;g__Bacteroides;s__Bacteroides caccae
238000,0.016345031247853855,0.11805555555555555,0.016345031247853855,0.015287266211221862,1.1470588235294117,1.0,0.37714619001208627,/tmp/nxf.XXXXVuC6lw/sourmash_database/gtdb-rs214-reps.k51.zip,"GCA_900545495.1 uncultured Clostridiales bacterium, UMGS785",8a5206463096ec0f2c1ea5850680a793,0.11805555555555555,238000,3,2623000,ERR1293091.fastq.gz,ERR1293091,6c6e356d,14561000,51,DNA,1000,14561,True,0.9225041915854483,0.9589713141725623,0.9407377528790053,0.9589713141725623,False,273,2710,17858,d__Bacteria;p__Bacillota_A;c__Clostridia;o__Oscillospirales;f__Oscillospiraceae;g__Vescimonas;s__Vescimonas sp900545495
201000,0.013803996978229517,0.042994325621999126,0.013529290570702561,0.01203942210773883,1.0913705583756346,1.0,0.41760332591275395,/tmp/nxf.XXXXVuC6lw/sourmash_database/gtdb-rs214-reps.k51.zip,"GCA_025147485.1 Bacteroides uniformis strain=ATCC 8492, ASM2514748v1",177d80c9d0f18e5195e47e20bdf54706,0.04386730685290266,197000,4,2426000,ERR1293091.fastq.gz,ERR1293091,6c6e356d,14561000,51,DNA,1000,14561,True,0.9194529424413478,0.9405357615758152,0.9299943520085815,0.9405357615758152,False,215,2925,17858,d__Bacteria;p__Bacteroidota;c__Bacteroidia;o__Bacteroidales;f__Bacteroidaceae;g__Bacteroides;s__Bacteroides uniformis
176000,0.012087081931186044,0.06132404181184669,0.012087081931186044,0.010639489304513383,1.0795454545454546,1.0,0.30975029932815934,/tmp/nxf.XXXXVuC6lw/sourmash_database/gtdb-rs214-reps.k51.zip,"GCA_000433355.1 Alistipes sp. CAG:435, MGS435",c5602f286afdfb9c0d45a72ae91e685d,0.06132404181184669,176000,5,2250000,ERR1293091.fastq.gz,ERR1293091,6c6e356d,14561000,51,DNA,1000,14561,True,0.9170614974725749,0.946734174714008,0.9318978360932915,0.946734174714008,False,190,3115,17858,d__Bacteria;p__Bacteroidota;c__Bacteroidia;o__Bacteroidales;f__UBA932;g__Cryptobacteroides;s__Cryptobacteroides sp000433355
161000,0.011056932902959962,0.05619546247818499,0.011056932902959962,0.010527494680255347,1.1677018633540373,1.0,0.5599026628440714,/tmp/nxf.XXXXVuC6lw/sourmash_database/gtdb-rs214-reps.k51.zip,"GCF_003287455.1 Faecalibacterium prausnitzii strain=APC922/41-1, ASM328745v1",5119c8b56a74125fb9f68b12c2037b01,0.05619546247818499,161000,6,2089000,ERR1293091.fastq.gz,ERR1293091,6c6e356d,14561000,51,DNA,1000,14561,True,0.9154611014561418,0.9451143085863966,0.9302877050212692,0.9451143085863966,False,188,3303,17858,d__Bacteria;p__Bacillota_A;c__Clostridia;o__Oscillospirales;f__Ruminococcaceae;g__Faecalibacterium;s__Faecalibacterium hattorii
126000,0.0086532518370991,0.04250172771250864,0.008447222031453884,0.007447642513159368,1.08130081300813,1.0,0.3738069571568341,/tmp/nxf.XXXXVuC6lw/sourmash_database/gtdb-rs214-reps.k51.zip,"GCA_900112995.1 Lactobacillus rogosae strain=ATCC 27753, IMG-taxon 2597490368 annotated assembly",ed1efb2cfdd72a79a58a29bdfe7eb6ab,0.043538355217691775,123000,7,1966000,ERR1293091.fastq.gz,ERR1293091,6c6e356d,14561000,51,DNA,1000,14561,True,0.9110716569705664,0.9403969589705113,0.9257343079705389,0.9403969589705113,False,133,3436,17858,d__Bacteria;p__Bacillota_A;c__Clostridia;o__Lachnospirales;f__Lachnospiraceae;g__Lachnospira;s__Lachnospira rogosae
116000,0.007966485818281712,0.03516962340491752,0.007760456012636495,0.006495688206966065,1.0265486725663717,1.0,0.1607601957927872,/tmp/nxf.XXXXVuC6lw/sourmash_database/gtdb-rs214-reps.k51.zip,"GCF_001404675.1 Coprococcus eutactus strain=2789STDY5834963, 14207_7#86",6309e330103cdd129eb9c6193ed4268b,0.03610333022097728,113000,8,1853000,ERR1293091.fastq.gz,ERR1293091,6c6e356d,14561000,51,DNA,1000,14561,True,0.9095956366812351,0.9369504260362972,0.9232730313587661,0.9369504260362972,False,116,3552,17858,d__Bacteria;p__Bacillota_A;c__Clostridia;o__Lachnospirales;f__Lachnospiraceae;g__Coprococcus;s__Coprococcus eutactus_A
117000,0.008035162420163451,0.042073628850488355,0.007691779410754756,0.007223653264643297,1.1517857142857142,1.0,0.7584031794850687,/tmp/nxf.XXXXVuC6lw/sourmash_database/gtdb-rs214-reps.k51.zip,"GCA_022009975.1 Phocaeicola vulgatus, ASM2200997v1",dba93bdfe7eb472a4f122248b63f06b4,0.0439519158527423,112000,9,1741000,ERR1293091.fastq.gz,ERR1293091,6c6e356d,14561000,51,DNA,1000,14561,True,0.9097487424243699,0.9405712977315058,0.9251600200779379,0.9405712977315058,False,129,3681,17858,d__Bacteria;p__Bacteroidota;c__Bacteroidia;o__Bacteroidales;f__Tannerellaceae;g__Parabacteroides;s__Parabacteroides sp900549585
125000,0.008584575235217362,0.03891591382904795,0.007691779410754756,0.006831672079740172,1.0892857142857142,1.0,0.2851557039762734,/tmp/nxf.XXXXVuC6lw/sourmash_database/gtdb-rs214-reps.k51.zip,"GCF_020687245.1 Faecalibacterium longum CLA-AA-H243 strain=CLA-AA-H243, ASM2068724v1",e1ff3e2f54ab82a776eb959bb6aa8673,0.04343293954134816,112000,10,1629000,ERR1293091.fastq.gz,ERR1293091,6c6e356d,14561000,51,DNA,1000,14561,True,0.9109293235109202,0.9403522607544175,0.9256407921326688,0.9403522607544175,False,122,3803,17858,d__Bacteria;p__Bacillota_A;c__Clostridia;o__Oscillospirales;f__Ruminococcaceae;g__Faecalibacterium;s__Faecalibacterium longum
101000,0.006936336790055628,0.029891304347826088,0.00679898358629215,0.005935715085675888,1.0707070707070707,1.0,0.256334899807061,/tmp/nxf.XXXXVuC6lw/sourmash_database/gtdb-rs214-reps.k51.zip,"GCF_001406815.1 Roseburia faecis strain=M72, M72",a0f3a6070b93943510064cfd96143d45,0.030495169082125604,99000,11,1530000,ERR1293091.fastq.gz,ERR1293091,6c6e356d,14561000,51,DNA,1000,14561,True,0.9071293507723586,0.9338541220538453,0.920491736413102,0.9338541220538453,False,106,3909,17858,d__Bacteria;p__Bacillota_A;c__Clostridia;o__Lachnospirales;f__Lachnospiraceae;g__Agathobacter;s__Agathobacter faecis
105000,0.007211043197582583,0.02943939868462261,0.006455600576883456,0.0054317392765147274,1.0319148936170213,1.0,0.17577352810487556,/tmp/nxf.XXXXVuC6lw/sourmash_database/gtdb-rs214-reps.k51.zip,"GCF_900167555.1 Gemmiger formicilis strain=ATCC 27749, IMG-taxon 2590828806 annotated assembly",316f66857e7940a11e48de3faf3d397d,0.03288443470090824,94000,12,1436000,ERR1293091.fastq.gz,ERR1293091,6c6e356d,14561000,51,DNA,1000,14561,True,0.9078204521882149,0.9352363537180975,0.9215284029531563,0.9352363537180975,False,97,4006,17858,d__Bacteria;p__Bacillota_A;c__Clostridia;o__Oscillospirales;f__Ruminococcaceae;g__Gemmiger;s__Gemmiger formicilis
90000,0.0061808941693565,0.03323485967503693,0.0061808941693565,0.005151752715869639,1.0222222222222221,1.0,0.14740554623801777,/tmp/nxf.XXXXVuC6lw/sourmash_database/gtdb-rs214-reps.k51.zip,"GCA_000434935.1 Bacteroides sp. CAG:709, MGS709",402ef3bcc9b348a1306a17f4ae68b4a5,0.03323485967503693,90000,13,1346000,ERR1293091.fastq.gz,ERR1293091,6c6e356d,14561000,51,DNA,1000,14561,True,0.9050806509651618,0.9354307541558503,0.920255702560506,0.9354307541558503,False,92,4098,17858,d__Bacteria;p__Bacteroidota;c__Bacteroidia;o__Bacteroidales;f__UBA932;g__Cryptobacteroides;s__Cryptobacteroides sp000434935
123000,0.008447222031453884,0.031205673758865248,0.006043540965593022,0.0054317392765147274,1.1022727272727273,1.0,0.3384380139053507,/tmp/nxf.XXXXVuC6lw/sourmash_database/gtdb-rs214-reps.k51.zip,"GCF_023347275.1 Faecalibacterium sp. I3389 strain=I3389, ASM2334727v1",105d513d0b8d24a4f97fa1ab6cc3e404,0.043617021276595745,88000,14,1258000,ERR1293091.fastq.gz,ERR1293091,6c6e356d,14561000,51,DNA,1000,14561,True,0.9106412763768716,0.9404302457707227,0.9255357610737971,0.9404302457707227,False,97,4195,17858,d__Bacteria;p__Bacillota_A;c__Clostridia;o__Oscillospirales;f__Ruminococcaceae;g__Faecalibacterium;s__Faecalibacterium sp900758465
98000,0.006730306984410411,0.020710059171597635,0.005768834558066067,0.004759771530966513,1.0119047619047619,1.0,0.10845754260886067,/tmp/nxf.XXXXVuC6lw/sourmash_database/gtdb-rs214-reps.k51.zip,"GCF_000174195.1 Roseburia inulinivorans DSM 16841 strain=DSM 16841, ASM17419v1",e3692c21f5a57009b8f3ea43032066c2,0.024161735700197237,84000,15,1174000,ERR1293091.fastq.gz,ERR1293091,6c6e356d,14561000,51,DNA,1000,14561,True,0.9065931817217681,0.9296011022238839,0.918097141972826,0.9296011022238839,False,85,4280,17858,d__Bacteria;p__Bacillota_A;c__Clostridia;o__Lachnospirales;f__Lachnospiraceae;g__Roseburia;s__Roseburia inulinivorans
76000,0.005219421743012155,0.03013481363996828,0.005219421743012155,0.004535782282450443,1.0657894736842106,1.0,0.24791373265022068,/tmp/nxf.XXXXVuC6lw/sourmash_database/gtdb-rs214-reps.k51.zip,"GCF_000297775.1 Sutterella wadsworthensis 2_1_59BFAA strain=2_1_59BFAA, Sutt_wads_2_1_59BFAA_V1",3734ccb9f3bdf4dec767943ba7d441a9,0.03013481363996828,76000,16,1098000,ERR1293091.fastq.gz,ERR1293091,6c6e356d,14561000,51,DNA,1000,14561,True,0.9020850757787924,0.9336364829132598,0.9178607793460261,0.9336364829132598,False,81,4361,17858,d__Bacteria;p__Pseudomonadota;c__Gammaproteobacteria;o__Burkholderiales;f__Burkholderiaceae_A;g__Sutterella;s__Sutterella wadsworthensis_A
72000,0.0049447153354852,0.0364741641337386,0.0049447153354852,0.0040318064732892825,1.0,1.0,0.0,/tmp/nxf.XXXXVuC6lw/sourmash_database/gtdb-rs214-reps.k51.zip,"GCA_900762555.1 uncultured Sutterella sp., SRS144537_2",2e31ba841544d3ce1d3adf3eb8120501,0.0364741641337386,72000,17,1026000,ERR1293091.fastq.gz,ERR1293091,6c6e356d,14561000,51,DNA,1000,14561,True,0.9011292446167595,0.9371381852233415,0.9191337149200505,0.9371381852233415,False,72,4433,17858,d__Bacteria;p__Pseudomonadota;c__Gammaproteobacteria;o__Burkholderiales;f__Burkholderiaceae_A;g__Duodenibacillus;s__Duodenibacillus sp900762555
75000,0.005150745141130417,0.016713091922005572,0.004532655724194767,0.0038078172247732107,1.0303030303030303,1.0,0.17141982574219336,/tmp/nxf.XXXXVuC6lw/sourmash_database/gtdb-rs214-reps.k51.zip,"GCA_025147325.1 Bacteroides stercoris ATCC 43183 strain=ATCC 43183, ASM2514732v1",457cfca025715f640ca0a2d4865521d7,0.018992149911369965,66000,18,960000,ERR1293091.fastq.gz,ERR1293091,6c6e356d,14561000,51,DNA,1000,14561,True,0.9018508253874282,0.9252232796331632,0.9135370525102957,0.9252232796331632,False,68,4501,17858,d__Bacteria;p__Bacteroidota;c__Bacteroidia;o__Bacteroidales;f__Bacteroidaceae;g__Bacteroides;s__Bacteroides stercoris
65000,0.004463979122313028,0.019322235434007136,0.004463979122313028,0.0038078172247732107,1.0461538461538462,1.0,0.20981817995362856,/tmp/nxf.XXXXVuC6lw/sourmash_database/gtdb-rs214-reps.k51.zip,"GCA_000434735.1 Bacteroides sp. CAG:530, MGS530",d6c6277fce76d67f954d155cb4b1580c,0.019322235434007136,65000,19,895000,ERR1293091.fastq.gz,ERR1293091,6c6e356d,14561000,51,DNA,1000,14561,True,0.899323870001665,0.9255359272317807,0.9124298986167229,0.9255359272317807,False,68,4569,17858,d__Bacteria;p__Bacteroidota;c__Bacteroidia;o__Bacteroidales;f__Bacteroidaceae;g__Phocaeicola;s__Phocaeicola sp000434735
63000,0.00432662591854955,0.03139013452914798,0.00432662591854955,0.0036398252883861576,1.0317460317460319,1.0,0.17532319074900413,/tmp/nxf.XXXXVuC6lw/sourmash_database/gtdb-rs214-reps.k51.zip,"GCA_003522105.1 Oscillibacter sp., ASM352210v1",3a0c55ad38bb72b6562163e2580de420,0.03139013452914798,63000,20,832000,ERR1293091.fastq.gz,ERR1293091,6c6e356d,14561000,51,DNA,1000,14561,True,0.8987729376786445,0.9343839209448912,0.9165784293117678,0.9343839209448912,False,65,4634,17858,d__Bacteria;p__Bacillota_A;c__Clostridia;o__Oscillospirales;f__Oscillospiraceae;g__ER4;s__ER4 sp003522105
78000,0.0053567749467756335,0.014160485502360081,0.00432662591854955,0.0036958226005151754,1.0476190476190477,1.0,0.27766437594501436,/tmp/nxf.XXXXVuC6lw/sourmash_database/gtdb-rs214-reps.k51.zip,"GCF_900537995.1 Roseburia intestinalis L1-82 strain=L1-82, Roseburia intestinalis strain L1-82",a0a31bbf8562bc7e5e4b2fd755c9aae9,0.01753202966958867,63000,21,769000,ERR1293091.fastq.gz,ERR1293091,6c6e356d,14561000,51,DNA,1000,14561,True,0.902544645717815,0.9237731545112096,0.9131589001145123,0.9237731545112096,False,66,4700,17858,d__Bacteria;p__Bacillota_A;c__Clostridia;o__Lachnospirales;f__Lachnospiraceae;g__Roseburia;s__Roseburia intestinalis
77000,0.0052880983448938945,0.01514386673397274,0.004120596112904333,0.003415836039870086,1.0166666666666666,1.0,0.12801909579781018,/tmp/nxf.XXXXVuC6lw/sourmash_database/gtdb-rs214-reps.k51.zip,"GCA_003584705.1 Lachnospiraceae bacterium GAM79 strain=GAM79, ASM358470v1",70a12b75803f82aa8bff2c80aad9821b,0.019434628975265017,60000,22,709000,ERR1293091.fastq.gz,ERR1293091,6c6e356d,14561000,51,DNA,1000,14561,True,0.9023163236429528,0.9256411892603708,0.9139787564516617,0.9256411892603708,False,61,4761,17858,d__Bacteria;p__Bacillota_A;c__Clostridia;o__Lachnospirales;f__Lachnospiraceae;g__Acetatifactor;s__Acetatifactor sp900066565
61000,0.004189272714786072,0.020789288231148697,0.004051919511022594,0.003471833351999104,1.0508474576271187,1.0,0.21968612536975796,/tmp/nxf.XXXXVuC6lw/sourmash_database/gtdb-rs214-reps.k51.zip,"GCF_000723465.1 Ruminococcus bicirculans strain=80/3, Rb803",70a947f02b8a53314791d97d0ad7467e,0.02149400986610289,59000,23,650000,ERR1293091.fastq.gz,ERR1293091,6c6e356d,14561000,51,DNA,1000,14561,True,0.8982045843226303,0.9274710063663674,0.9128377953444988,0.9274710063663674,False,62,4823,17858,d__Bacteria;p__Bacillota_A;c__Clostridia;o__Oscillospirales;f__Ruminococcaceae;g__Ruminococcus_D;s__Ruminococcus_D bicirculans
57000,0.003914566307259117,0.02692119432207538,0.003777213103495639,0.0032478441034830326,1.0545454545454545,1.0,0.22709083630539628,/tmp/nxf.XXXXVuC6lw/sourmash_database/gtdb-rs214-reps.k51.zip,"GCA_934561515.1 uncultured Oscillospiraceae bacterium, ERR7738188_bin.23",f171f404e9b0d19b0ee51974771a51ef,0.027900146842878122,55000,24,595000,ERR1293091.fastq.gz,ERR1293091,6c6e356d,14561000,51,DNA,1000,14561,True,0.8970108965093596,0.9322270400455617,0.9146189682774606,0.9322270400455617,False,58,4881,17858,d__Bacteria;p__Bacillota_A;c__Clostridia;o__Oscillospirales;f__Oscillospiraceae;g__ER4;s__ER4 sp900556145
54000,0.0037085365016139003,0.026606425702811246,0.0036398598997321612,0.0031358494792249974,1.0566037735849056,1.0,0.23108393799841306,/tmp/nxf.XXXXVuC6lw/sourmash_database/gtdb-rs214-reps.k51.zip,"GCA_900763965.1 uncultured Oscillospiraceae bacterium, SRS1596868_37",a92cf3425c9121c6709ca8c61b45d6bf,0.02710843373493976,53000,25,542000,ERR1293091.fastq.gz,ERR1293091,6c6e356d,14561000,51,DNA,1000,14561,True,0.8960604418453951,0.9317009908768747,0.9138807163611349,0.9317009908768747,False,56,4937,17858,d__Bacteria;p__Bacillota_A;c__Clostridia;o__Oscillospirales;f__Oscillospiraceae;g__Faecousia;s__Faecousia sp900763965
51000,0.0035025066959686836,0.02334267040149393,0.0034338300940869445,0.002967857542837944,1.06,1.0,0.2374868417407584,/tmp/nxf.XXXXVuC6lw/sourmash_database/gtdb-rs214-reps.k51.zip,"GCF_000188175.1 Phascolarctobacterium succinatutens YIT 12067 strain=YIT 12067, ASM18817v1",c90964210746f7c7ce1dc8419f0465dc,0.023809523809523808,50000,26,492000,ERR1293091.fastq.gz,ERR1293091,6c6e356d,14561000,51,DNA,1000,14561,True,0.8950567417816564,0.9293334784911674,0.9121951101364119,0.9293334784911674,False,53,4990,17858,d__Bacteria;p__Bacillota_C;c__Negativicutes;o__Acidaminococcales;f__Acidaminococcaceae;g__Phascolarctobacterium_A;s__Phascolarctobacterium_A succinatutens
