intersect_bp,f_orig_query,f_match,f_unique_to_query,f_unique_weighted,average_abund,median_abund,std_abund,filename,name,md5,f_match_orig,unique_intersect_bp,gather_result_rank,remaining_bp,query_filename,query_name,query_md5,query_bp,ksize,moltype,scaled,query_n_hashes,query_abundance,query_containment_ani,match_containment_ani,average_containment_ani,max_containment_ani,potential_false_negative,n_unique_weighted_found,sum_weighted_found,total_weighted_hashes,lineage
1398000,0.08497963649626163,0.30510694020078566,0.08497963649626163,0.10562830232023891,1.6444921316165952,1.0,1.0838628361785934,/tmp/nxf.XXXXdk8Fdy/sourmash_database/gtdb-rs214-reps.k51.zip,"GCA_025147485.1 Bacteroides uniformis strain=ATCC 8492, ASM2514748v1",177d80c9d0f18e5195e47e20bdf54706,0.30510694020078566,1398000,0,8969000,ERR1293340.fastq.gz,ERR1293340,ef30677c,16451000,51,DNA,1000,16451,True,0.9528097090098709,0.9769924720272881,0.9649010905185795,0.9769924720272881,False,2299,2299,21765,d__Bacteria;p__Bacteroidota;c__Bacteroidia;o__Bacteroidales;f__Bacteroidaceae;g__Bacteroides;s__Bacteroides uniformis
1380000,0.08388547808643851,0.21935278176311174,0.0836423317731445,0.09170686882609694,1.4505813953488371,1.0,0.8646142501221756,/tmp/nxf.XXXXdk8Fdy/sourmash_database/gtdb-rs214-reps.k51.zip,"GCF_000011065.1 Bacteroides thetaiotaomicron VPI-5482 strain=VPI-5482, ASM1106v1",36e5cf9f0e4c0a0411f3300c5364f87f,0.21999043519846964,1376000,1,7593000,ERR1293340.fastq.gz,ERR1293340,ef30677c,16451000,51,DNA,1000,16451,True,0.9525676299863244,0.9707467759531736,0.961657202969749,0.9707467759531736,False,1996,4295,21765,d__Bacteria;p__Bacteroidota;c__Bacteroidia;o__Bacteroidales;f__Bacteroidaceae;g__Bacteroides;s__Bacteroides thetaiotaomicron
1211000,0.07361254634976597,0.27757096323871566,0.07251838793994286,0.08026648288536642,1.4643755238893545,1.0,0.9491408563898621,/tmp/nxf.XXXXdk8Fdy/sourmash_database/gtdb-rs214-reps.k51.zip,"GCA_025151215.1 Parabacteroides merdae ATCC 43184 strain=ATCC 43184, ASM2515121v1",04366d02afc93cbeed4bfc2d3a9aa9a9,0.28175895765472314,1193000,2,6400000,ERR1293340.fastq.gz,ERR1293340,ef30677c,16451000,51,DNA,1000,16451,True,0.9501307404085351,0.9754685880901345,0.9627996642493348,0.9754685880901345,False,1747,6042,21765,d__Bacteria;p__Bacteroidota;c__Bacteroidia;o__Bacteroidales;f__Tannerellaceae;g__Parabacteroides;s__Parabacteroides merdae
1156000,0.07026928454197313,0.22852479085900837,0.06808096772232691,0.06703422926717206,1.3026785714285714,1.0,1.1173917190611942,/tmp/nxf.XXXXdk8Fdy/sourmash_database/gtdb-rs214-reps.k51.zip,"GCF_000156195.1 Bacteroides finegoldii DSM 17565 strain=DSM 17565, ASM15619v1",9d0fea771ba61065a50bf9434f874c00,0.23587023056519077,1120000,3,5280000,ERR1293340.fastq.gz,ERR1293340,ef30677c,16451000,51,DNA,1000,16451,True,0.9492651988797391,0.972074326629715,0.9606697627547272,0.972074326629715,False,1459,7501,21765,d__Bacteria;p__Bacteroidota;c__Bacteroidia;o__Bacteroidales;f__Bacteroidaceae;g__Bacteroides;s__Bacteroides finegoldii
766000,0.04656251899580573,0.20157894736842105,0.04656251899580573,0.044612910636342755,1.2676240208877285,1.0,0.6004100814863221,/tmp/nxf.XXXXdk8Fdy/sourmash_database/gtdb-rs214-reps.k51.zip,"GCF_020736365.1 Clostridium sp. M62/1 strain=FDAARGOS_1583, ASM2073636v1",0380dbe573a123194534af872fd30072,0.20157894736842105,766000,4,4514000,ERR1293340.fastq.gz,ERR1293340,ef30677c,16451000,51,DNA,1000,16451,True,0.9416360307356825,0.969084550756587,0.9553602907461347,0.969084550756587,False,971,8472,21765,d__Bacteria;p__Bacillota_A;c__Clostridia;o__Lachnospirales;f__Lachnospiraceae;g__Clostridium_Q;s__Clostridium_Q saccharolyticum_A
683000,0.04151723299495472,0.19418872266973533,0.041030940368366665,0.03854812772800367,1.242962962962963,1.0,0.5964761633486059,/tmp/nxf.XXXXdk8Fdy/sourmash_database/gtdb-rs214-reps.k51.zip,"GCF_008121495.1 [Ruminococcus] gnavus ATCC 29149 strain=JCM6515, ASM812149v1",c0af2b4fd1a1fb3c5fc7e5a29e4fe5d1,0.19649021864211738,675000,5,3839000,ERR1293340.fastq.gz,ERR1293340,ef30677c,16451000,51,DNA,1000,16451,True,0.939520886266071,0.968598829568187,0.954059857917129,0.968598829568187,False,839,9311,21765,d__Bacteria;p__Bacillota_A;c__Clostridia;o__Lachnospirales;f__Lachnospiraceae;g__Ruminococcus_B;s__Ruminococcus_B gnavus
544000,0.03306789860798735,0.1461579795808705,0.03306789860798735,0.030645531817137608,1.2261029411764706,1.0,0.5375416164383128,/tmp/nxf.XXXXdk8Fdy/sourmash_database/gtdb-rs214-reps.k51.zip,"GCF_000239295.1 Flavonifractor plautii ATCC 29863 strain=ATCC 29863, ASM23929v1",1ed22d796c79d0337723a67a4b313636,0.1461579795808705,544000,6,3295000,ERR1293340.fastq.gz,ERR1293340,ef30677c,16451000,51,DNA,1000,16451,True,0.9353383833879964,0.9629948646941808,0.9491666240410885,0.9629948646941808,False,667,9978,21765,d__Bacteria;p__Bacillota_A;c__Clostridia;o__Oscillospirales;f__Oscillospiraceae;g__Flavonifractor;s__Flavonifractor plautii
550000,0.03343261807792839,0.11235955056179775,0.03282475229469333,0.02991040661612681,1.2055555555555555,1.0,1.3513938848828515,/tmp/nxf.XXXXdk8Fdy/sourmash_database/gtdb-rs214-reps.k51.zip,"GCF_000012845.1 Parabacteroides distasonis ATCC 8503 strain=ATCC 8503, ASM1284v1",85c74583c59734abc0e8f1a3e909b79d,0.11444028297960883,540000,7,2755000,ERR1293340.fastq.gz,ERR1293340,ef30677c,16451000,51,DNA,1000,16451,True,0.9355395767110918,0.9583866669559471,0.9469631218335195,0.9583866669559471,False,651,10629,21765,d__Bacteria;p__Bacteroidota;c__Bacteroidia;o__Bacteroidales;f__Tannerellaceae;g__Parabacteroides;s__Parabacteroides distasonis
371000,0.02255182055802079,0.11127774445110977,0.02255182055802079,0.01925109120147025,1.1293800539083558,1.0,0.3946739669589892,/tmp/nxf.XXXXdk8Fdy/sourmash_database/gtdb-rs214-reps.k51.zip,"GCF_014131695.1 Erysipelatoclostridium ramosum DSM 1402 strain=DSM 1402, ASM1413169v1",7067e76f1f8fb6fb2a7b6a18482cbfb2,0.11127774445110977,371000,8,2384000,ERR1293340.fastq.gz,ERR1293340,ef30677c,16451000,51,DNA,1000,16451,True,0.9283450867943395,0.9578601901192492,0.9431026384567943,0.9578601901192492,False,419,11048,21765,d__Bacteria;p__Bacillota;c__Bacilli;o__Erysipelotrichales;f__Coprobacillaceae;g__Thomasclavelia;s__Thomasclavelia ramosa
322000,0.019573278220168987,0.14129003949100483,0.019573278220168987,0.01667815299793246,1.1273291925465838,1.0,0.38520585407981595,/tmp/nxf.XXXXdk8Fdy/sourmash_database/gtdb-rs214-reps.k51.zip,"GCF_003269275.1 Phascolarctobacterium faecium DSM 14760 strain=DSM 14760, ASM326927v1",7c43b2da8075c4100917842aa30c8367,0.14129003949100483,322000,9,2062000,ERR1293340.fastq.gz,ERR1293340,ef30677c,16451000,51,DNA,1000,16451,True,0.9257702218597544,0.9623554729843586,0.9440628474220565,0.9623554729843586,False,363,11411,21765,d__Bacteria;p__Bacillota_C;c__Negativicutes;o__Acidaminococcales;f__Acidaminococcaceae;g__Phascolarctobacterium;s__Phascolarctobacterium faecium
240000,0.01458877879764148,0.037545933855248445,0.01428484590602395,0.011210659315414656,1.0382978723404255,1.0,0.19191442185156904,/tmp/nxf.XXXXdk8Fdy/sourmash_database/gtdb-rs214-reps.k51.zip,"GCF_020215665.1 Blautia sp. NBRC 113351 strain=NBRC 113351, ASM2021566v1",8b38cce8c2d4b1af0b9e70afdd8fa62f,0.03834478351174309,235000,10,1827000,ERR1293340.fastq.gz,ERR1293340,ef30677c,16451000,51,DNA,1000,16451,True,0.9204503588183793,0.938057662015151,0.9292540104167651,0.938057662015151,False,244,11655,21765,d__Bacteria;p__Bacillota_A;c__Clostridia;o__Lachnospirales;f__Lachnospiraceae;g__Blautia;s__Blautia sp001304935
220000,0.013373047231171357,0.04599623667154506,0.013373047231171357,0.010705260739719733,1.059090909090909,1.0,0.2543424515188687,/tmp/nxf.XXXXdk8Fdy/sourmash_database/gtdb-rs214-reps.k51.zip,"GCF_000701705.1 Bilophila wadsworthia ATCC 49260 strain=ATCC 49260, ASM70170v1",b1bd0a4998658b6084d0785f2a2c686c,0.04599623667154506,220000,11,1607000,ERR1293340.fastq.gz,ERR1293340,ef30677c,16451000,51,DNA,1000,16451,True,0.9188813123220501,0.9414101330892454,0.9301457227056478,0.9414101330892454,False,233,11888,21765,d__Bacteria;p__Desulfobacterota;c__Desulfovibrionia;o__Desulfovibrionales;f__Desulfovibrionaceae;g__Bilophila;s__Bilophila wadsworthia
142000,0.008631694121937877,0.020396270396270396,0.008510120965290864,0.006662072134160349,1.0357142857142858,1.0,0.22073624486232063,/tmp/nxf.XXXXdk8Fdy/sourmash_database/gtdb-rs214-reps.k51.zip,"GCF_003201875.1 Hungatella effluvii strain=DSM 24995, ASM320187v1",cf2a3220056f7a2960a252f7e48a83b8,0.020687645687645688,140000,12,1467000,ERR1293340.fastq.gz,ERR1293340,ef30677c,16451000,51,DNA,1000,16451,True,0.9110270978445874,0.9267758894126907,0.918901493628639,0.9267758894126907,False,145,12033,21765,d__Bacteria;p__Bacillota_A;c__Clostridia;o__Lachnospirales;f__Lachnospiraceae;g__Hungatella;s__Hungatella effluvii
359000,0.021822381618138716,0.034683684794672584,0.007598322290438271,0.007535033310360671,1.312,1.0,0.5988789527108128,/tmp/nxf.XXXXdk8Fdy/sourmash_database/gtdb-rs214-reps.k51.zip,"GCA_900755095.1 uncultured Bacteroides sp., ERS473029_19",157ba610ccdcf1ff58761725bd879825,0.09961154273029967,125000,13,1342000,ERR1293340.fastq.gz,ERR1293340,ef30677c,16451000,51,DNA,1000,16451,True,0.9277467760740203,0.9557823648000088,0.9417645704370146,0.9557823648000088,False,164,12197,21765,d__Bacteria;p__Bacteroidota;c__Bacteroidia;o__Bacteroidales;f__Bacteroidaceae;g__Bacteroides;s__Bacteroides sp900755095
120000,0.00729438939882074,0.03180914512922465,0.0068080967722326914,0.005329657707328279,1.0357142857142858,1.0,0.18557687223952257,/tmp/nxf.XXXXdk8Fdy/sourmash_database/gtdb-rs214-reps.k51.zip,"GCF_900142265.1 Anaerotignum lactatifermentans DSM 14214 strain=DSM 14214, IMG-taxon 2585428190 annotated assembly",00cab793116387c76bf9dc97330f3ba2,0.03408122692416927,112000,14,1230000,ERR1293340.fastq.gz,ERR1293340,ef30677c,16451000,51,DNA,1000,16451,True,0.9080250347523254,0.9358921157251919,0.9219585752387587,0.9358921157251919,False,116,12313,21765,d__Bacteria;p__Bacillota_A;c__Clostridia;o__Lachnospirales;f__Anaerotignaceae;g__Anaerotignum;s__Anaerotignum lactatifermentans
96000,0.005835511519056593,0.020074696545284782,0.005227645735821531,0.007535033310360671,1.9069767441860466,2.0,1.2447835991695477,/tmp/nxf.XXXXdk8Fdy/sourmash_database/gtdb-rs214-reps.k51.zip,"GCF_022809355.1 Parabacteroides sp. AGMB00274 strain=AGMB00274, ASM2280935v1",5983752ac0361c83bc804a957dfcef8d,0.022408963585434174,86000,15,1144000,ERR1293340.fastq.gz,ERR1293340,ef30677c,16451000,51,DNA,1000,16451,True,0.9040607737961307,0.9282294193252891,0.9161450965607099,0.9282294193252891,False,164,12477,21765,d__Bacteria;p__Bacteroidota;c__Bacteroidia;o__Bacteroidales;f__Tannerellaceae;g__Parabacteroides;s__Parabacteroides faecavium
89000,0.005410005470792049,0.02418207681365576,0.005166859157498024,0.004181024580748909,1.0705882352941176,1.0,0.25613577714208524,/tmp/nxf.XXXXdk8Fdy/sourmash_database/gtdb-rs214-reps.k51.zip,"GCF_014467075.1 Anaerostipes caccae strain=JCM 13470, ASM1446707v1",cd3c43f45300d7a0715be968dfa0cbde,0.025320056899004267,85000,16,1059000,ERR1293340.fastq.gz,ERR1293340,ef30677c,16451000,51,DNA,1000,16451,True,0.9027196501466218,0.9304550253398554,0.9165873377432385,0.9304550253398554,False,91,12568,21765,d__Bacteria;p__Bacillota_A;c__Clostridia;o__Lachnospirales;f__Lachnospiraceae;g__Anaerostipes;s__Anaerostipes caccae
491000,0.029846209956841528,0.01707317073170732,0.005106072579174518,0.006845853434413049,1.7738095238095237,1.0,1.127060974352895,/tmp/nxf.XXXXdk8Fdy/sourmash_database/gtdb-rs214-reps.k51.zip,"GCF_000614125.1 Bacteroides rodentium JCM 16496 strain=JCM 16496, ASM61412v1",d114cb268bdc0e58bd5266fb76f6ef04,0.09979674796747967,84000,17,975000,ERR1293340.fastq.gz,ERR1293340,ef30677c,16451000,51,DNA,1000,16451,True,0.9334603307389215,0.9558171774368114,0.9446387540878665,0.9558171774368114,False,149,12717,21765,d__Bacteria;p__Bacteroidota;c__Bacteroidia;o__Bacteroidales;f__Bacteroidaceae;g__Bacteroides;s__Bacteroides rodentium
75000,0.0045589933742629625,0.01556420233463035,0.004376633639292444,0.0036296806799908108,1.0972222222222223,1.0,0.2962601251069658,/tmp/nxf.XXXXdk8Fdy/sourmash_database/gtdb-rs214-reps.k51.zip,"GCF_012317185.1 [Clostridium] innocuum strain=ATCC 14501, ASM1231718v1",91693cab416177f5c43d8f522dba510f,0.01621271076523995,72000,18,903000,ERR1293340.fastq.gz,ERR1293340,ef30677c,16451000,51,DNA,1000,16451,True,0.8996953374743522,0.9223571741817099,0.9110262558280311,0.9223571741817099,False,79,12796,21765,d__Bacteria;p__Bacillota;c__Bacilli;o__Erysipelotrichales;f__Erysipelotrichaceae;g__Clostridium_AQ;s__Clostridium_AQ innocuum
118000,0.007172816242173728,0.015646571560055222,0.004133487325998419,0.003675626005053986,1.1764705882352942,1.0,0.5926306376355849,/tmp/nxf.XXXXdk8Fdy/sourmash_database/gtdb-rs214-reps.k51.zip,"GCA_900754605.1 uncultured Oscillospiraceae bacterium, ERS396504_64",f167964a7b0f7c95cf930e6cf86141da,0.027151403589507593,68000,19,835000,ERR1293340.fastq.gz,ERR1293340,ef30677c,16451000,51,DNA,1000,16451,True,0.907725843187988,0.9317299262180779,0.919727884703033,0.9317299262180779,False,80,12876,21765,d__Bacteria;p__Bacillota_A;c__Clostridia;o__Oscillospirales;f__Oscillospiraceae;g__Lawsonibacter;s__Lawsonibacter sp900754605
65000,0.003951127591027901,0.014618434093161546,0.003586408121086864,0.0028945554789800137,1.0677966101694916,1.0,0.311606378150004,/tmp/nxf.XXXXdk8Fdy/sourmash_database/gtdb-rs214-reps.k51.zip,"GCF_000949455.1 Ruthenibacterium lactatiformans strain=585-1, ASM94945v1",1562c71162861a5c6e3bb1e6d2a266f2,0.016105054509415264,59000,20,776000,ERR1293340.fastq.gz,ERR1293340,ef30677c,16451000,51,DNA,1000,16451,True,0.8971744216925207,0.9222366899705748,0.9097055558315478,0.9222366899705748,False,63,12939,21765,d__Bacteria;p__Bacillota_A;c__Clostridia;o__Oscillospirales;f__Ruminococcaceae;g__Ruthenibacterium;s__Ruthenibacterium lactatiformans
66000,0.004011914169351407,0.013843443241882709,0.0033432618077928393,0.003124282104295888,1.2363636363636363,1.0,0.8731059784394889,/tmp/nxf.XXXXdk8Fdy/sourmash_database/gtdb-rs214-reps.k51.zip,"GCA_900760795.1 Bacteroidaceae bacterium, SRS021948_34",d1db19c7390bdd0d48d0186cf7ff78fb,0.01661213189025925,55000,21,721000,ERR1293340.fastq.gz,ERR1293340,ef30677c,16451000,51,DNA,1000,16451,True,0.8974430420053424,0.9227974373883434,0.9101202396968429,0.9227974373883434,False,68,13007,21765,d__Bacteria;p__Bacteroidota;c__Bacteroidia;o__Bacteroidales;f__Bacteroidaceae;g__Phocaeicola;s__Phocaeicola sp900760795
63000,0.0038295544343808887,0.01657285803627267,0.003221688651145827,0.0027567195037904893,1.1320754716981132,1.0,0.3385728008476672,/tmp/nxf.XXXXdk8Fdy/sourmash_database/gtdb-rs214-reps.k51.zip,"GCF_900291975.1 Intestinibacillus sp. Marseille-P4005 strain=Marseille-P4005, PRJEB24950",65713af468298b7a867be5e7720bad95,0.019699812382739212,53000,22,668000,ERR1293340.fastq.gz,ERR1293340,ef30677c,16451000,51,DNA,1000,16451,True,0.8966248061371183,0.9258871999917799,0.9112560030644491,0.9258871999917799,False,60,13067,21765,d__Bacteria;p__Bacillota_A;c__Clostridia;o__Oscillospirales;f__Butyricicoccaceae;g__Agathobaculum;s__Agathobaculum sp900291975
53000,0.003221688651145827,0.014672686230248307,0.003160902072822321,0.0025729382035377902,1.0769230769230769,1.0,0.2664693550105965,/tmp/nxf.XXXXdk8Fdy/sourmash_database/gtdb-rs214-reps.k51.zip,"GCA_900547035.1 uncultured Clostridium sp., UMGS945",3d7dd4d7872773816d09717617c102c7,0.014954853273137697,52000,23,616000,ERR1293340.fastq.gz,ERR1293340,ef30677c,16451000,51,DNA,1000,16451,True,0.8935912210629613,0.920897756271825,0.9072444886673932,0.920897756271825,False,56,13123,21765,d__Bacteria;p__Bacillota_A;c__Clostridia;o__Lachnospirales;f__Lachnospiraceae;g__Enterocloster;s__Enterocloster excrementigallinarum
131000,0.007963041760379309,0.01264591439688716,0.003160902072822321,0.006202618883528601,2.5961538461538463,1.0,4.460336376520943,/tmp/nxf.XXXXdk8Fdy/sourmash_database/gtdb-rs214-reps.k51.zip,"GCF_000154845.1 Bacteroides coprocola DSM 17136 strain=DSM 17136, ASM15484v1",6c4a84c6881f2933a9b05588fca9caee,0.031857976653696496,52000,24,564000,ERR1293340.fastq.gz,ERR1293340,ef30677c,16451000,51,DNA,1000,16451,True,0.9095879245590467,0.9346550074205769,0.9221214659898118,0.9346550074205769,False,135,13258,21765,d__Bacteria;p__Bacteroidota;c__Bacteroidia;o__Bacteroidales;f__Bacteroidaceae;g__Phocaeicola;s__Phocaeicola coprocola
