intersect_bp,f_orig_query,f_match,f_unique_to_query,f_unique_weighted,average_abund,median_abund,std_abund,filename,name,md5,f_match_orig,unique_intersect_bp,gather_result_rank,remaining_bp,query_filename,query_name,query_md5,query_bp,ksize,moltype,scaled,query_n_hashes,query_abundance,query_containment_ani,match_containment_ani,average_containment_ani,max_containment_ani,potential_false_negative,n_unique_weighted_found,sum_weighted_found,total_weighted_hashes,lineage
1829000,0.15938997821350762,0.4255467659376454,0.15938997821350762,0.2060483287512661,1.5571350464734828,1.0,1.0312979150738184,/tmp/nxf.XXXXn69RVN/sourmash_database/gtdb-rs214-reps.k51.zip,"GCA_025151215.1 Parabacteroides merdae ATCC 43184 strain=ATCC 43184, ASM2515121v1",04366d02afc93cbeed4bfc2d3a9aa9a9,0.4255467659376454,1829000,0,4299000,ERR1293060.fastq.gz,ERR1293060,0da5c518,11475000,51,DNA,1000,11475,True,0.9646327014810832,0.9833869863375557,0.9740098439093194,0.9833869863375557,False,2848,2848,13822,d__Bacteria;p__Bacteroidota;c__Bacteroidia;o__Bacteroidales;f__Tannerellaceae;g__Parabacteroides;s__Parabacteroides merdae
1184000,0.10318082788671024,0.18539773633030449,0.10135076252723312,0.10939082621907105,1.300085984522786,1.0,0.6236041964342809,/tmp/nxf.XXXXn69RVN/sourmash_database/gtdb-rs214-reps.k51.zip,"GCF_000011065.1 Bacteroides thetaiotaomicron VPI-5482 strain=VPI-5482, ASM1106v1",36e5cf9f0e4c0a0411f3300c5364f87f,0.18874541686593335,1163000,1,3136000,ERR1293060.fastq.gz,ERR1293060,0da5c518,11475000,51,DNA,1000,11475,True,0.9564423637162881,0.9678353895466317,0.9621388766314599,0.9678353895466317,False,1512,4360,13822,d__Bacteria;p__Bacteroidota;c__Bacteroidia;o__Bacteroidales;f__Bacteroidaceae;g__Bacteroides;s__Bacteroides thetaiotaomicron
236000,0.02056644880174292,0.07363494539781591,0.02056644880174292,0.019317030820431198,1.13135593220339,1.0,0.3620092593024951,/tmp/nxf.XXXXn69RVN/sourmash_database/gtdb-rs214-reps.k51.zip,"GCA_000020605.1 [Eubacterium] rectale ATCC 33656 strain=ATCC 33656, ASM2060v1",bb4d1c2199066ffc1226ec8433ce5698,0.07363494539781591,236000,2,2900000,ERR1293060.fastq.gz,ERR1293060,0da5c518,11475000,51,DNA,1000,11475,True,0.9266691228697058,0.9501364083602711,0.9384027656149885,0.9501364083602711,False,267,4627,13822,d__Bacteria;p__Bacillota_A;c__Clostridia;o__Lachnospirales;f__Lachnospiraceae;g__Agathobacter;s__Agathobacter rectalis
193000,0.01681917211328976,0.0503382949932341,0.016209150326797386,0.015120821878165243,1.1236559139784945,1.0,0.3291885917170244,/tmp/nxf.XXXXn69RVN/sourmash_database/gtdb-rs214-reps.k51.zip,"GCA_025145845.1 Alistipes shahii WAL 8301 strain=WAL 8301, ASM2514584v1",ce3fdcea4344bf5e1303cba1f2181070,0.052232746955345064,186000,3,2714000,ERR1293060.fastq.gz,ERR1293060,0da5c518,11475000,51,DNA,1000,11475,True,0.92302158076,0.9437601269523579,0.9333908538561789,0.9437601269523579,False,209,4836,13822,d__Bacteria;p__Bacteroidota;c__Bacteroidia;o__Bacteroidales;f__Rikenellaceae;g__Alistipes;s__Alistipes shahii
173000,0.015076252723311546,0.060958421423537704,0.015076252723311546,0.014324989147735494,1.1445086705202312,1.0,0.5233688297995467,/tmp/nxf.XXXXn69RVN/sourmash_database/gtdb-rs214-reps.k51.zip,"GCF_000723465.1 Ruminococcus bicirculans strain=80/3, Rb803",70a947f02b8a53314791d97d0ad7467e,0.060958421423537704,173000,4,2541000,ERR1293060.fastq.gz,ERR1293060,0da5c518,11475000,51,DNA,1000,11475,True,0.9210437564606708,0.9466231729363207,0.9338334646984958,0.9466231729363207,False,198,5034,13822,d__Bacteria;p__Bacillota_A;c__Clostridia;o__Oscillospirales;f__Ruminococcaceae;g__Ruminococcus_D;s__Ruminococcus_D bicirculans
168000,0.014640522875816993,0.03596313778377164,0.013943355119825708,0.012371581536680654,1.06875,1.0,0.33767356648100244,/tmp/nxf.XXXXn69RVN/sourmash_database/gtdb-rs214-reps.k51.zip,"GCF_900537995.1 Roseburia intestinalis L1-82 strain=L1-82, Roseburia intestinalis strain L1-82",a0a31bbf8562bc7e5e4b2fd755c9aae9,0.037761294672960216,160000,5,2381000,ERR1293060.fastq.gz,ERR1293060,0da5c518,11475000,51,DNA,1000,11475,True,0.9205142613309482,0.9377756641714299,0.929144962751189,0.9377756641714299,False,171,5205,13822,d__Bacteria;p__Bacillota_A;c__Clostridia;o__Lachnospirales;f__Lachnospiraceae;g__Roseburia;s__Roseburia intestinalis
141000,0.012287581699346406,0.07067669172932331,0.012287581699346406,0.011286355086094631,1.1063829787234043,1.0,0.30832716481254124,/tmp/nxf.XXXXn69RVN/sourmash_database/gtdb-rs214-reps.k51.zip,"GCA_900543625.1 uncultured Clostridiales bacterium, UMGS596",230628a283f5731e4baeb5b079cd6331,0.07067669172932331,141000,6,2240000,ERR1293060.fastq.gz,ERR1293060,0da5c518,11475000,51,DNA,1000,11475,True,0.9173573759459442,0.9493728080313844,0.9333650919886642,0.9493728080313844,False,156,5361,13822,d__Bacteria;p__Bacillota_A;c__Clostridia;o__Oscillospirales;f__Oscillospiraceae;g__CAG-103;s__CAG-103 sp900543625
117000,0.01019607843137255,0.039846207619713386,0.009934640522875817,0.008754160034727246,1.0614035087719298,1.0,0.2741842036506629,/tmp/nxf.XXXXn69RVN/sourmash_database/gtdb-rs214-reps.k51.zip,"GCF_020564355.1 Lachnospira pectinoschiza strain=SL.1.13, ASM2056435v1",3bf2c0fcdedffa7ce0c88a9624ebba72,0.04089479203075848,114000,7,2126000,ERR1293060.fastq.gz,ERR1293060,0da5c518,11475000,51,DNA,1000,11475,True,0.914007311738851,0.9392426474081105,0.9266249795734807,0.9392426474081105,False,121,5482,13822,d__Bacteria;p__Bacillota_A;c__Clostridia;o__Lachnospirales;f__Lachnospiraceae;g__Lachnospira;s__Lachnospira sp000437735
112000,0.009760348583877995,0.04923076923076923,0.009760348583877995,0.008464766314570974,1.0446428571428572,1.0,0.206518455468221,/tmp/nxf.XXXXn69RVN/sourmash_database/gtdb-rs214-reps.k51.zip,"GCA_900540455.1 uncultured Faecalibacterium sp., UMGS253",a6dea697c972d5c74e46b458d8fdf516,0.04923076923076923,112000,8,2014000,ERR1293060.fastq.gz,ERR1293060,0da5c518,11475000,51,DNA,1000,11475,True,0.9132249148892934,0.9426654303367252,0.9279451726130092,0.9426654303367252,False,117,5599,13822,d__Bacteria;p__Bacillota_A;c__Clostridia;o__Oscillospirales;f__Ruminococcaceae;g__Faecalibacterium;s__Faecalibacterium sp900540455
117000,0.01019607843137255,0.029097704217832355,0.009498910675381264,0.008320069454492837,1.055045871559633,1.0,0.22806977788359725,/tmp/nxf.XXXXn69RVN/sourmash_database/gtdb-rs214-reps.k51.zip,"GCF_003473545.1 Clostridium sp. AM22-11AC strain=AM22-11AC, ASM347354v1",50efc7fa47c0997c24a73c521b04bdd3,0.031233315536572343,109000,9,1905000,ERR1293060.fastq.gz,ERR1293060,0da5c518,11475000,51,DNA,1000,11475,True,0.914007311738851,0.9342921666443368,0.9241497391915938,0.9342921666443368,False,115,5714,13822,d__Bacteria;p__Bacillota_A;c__Clostridia;o__Lachnospirales;f__Lachnospiraceae;g__Enterocloster;s__Enterocloster sp000431375
102000,0.008888888888888889,0.038717246773562766,0.008627450980392156,0.007596585154102156,1.0606060606060606,1.0,0.27773186030035396,/tmp/nxf.XXXXn69RVN/sourmash_database/gtdb-rs214-reps.k51.zip,"GCF_018408575.1 Oscillibacter sp. MM50 strain=MM50, ASM1840857v1",e6e6d5e92963e67195839cba6e2f7cae,0.03989049667579194,99000,10,1806000,ERR1293060.fastq.gz,ERR1293060,0da5c518,11475000,51,DNA,1000,11475,True,0.9115517372501132,0.9387848394828482,0.9251682883664807,0.9387848394828482,False,105,5819,13822,d__Bacteria;p__Bacillota_A;c__Clostridia;o__Oscillospirales;f__Oscillospiraceae;g__Vescimonas;s__Vescimonas coprocola
92000,0.008017429193899783,0.03782894736842105,0.008017429193899783,0.006728403993633338,1.0108695652173914,1.0,0.10368904363227666,/tmp/nxf.XXXXn69RVN/sourmash_database/gtdb-rs214-reps.k51.zip,"GCA_900544375.1 uncultured Ruminococcaceae bacterium, UMGS668",10109c779a5baf5bc4fa694e8a809e35,0.03782894736842105,92000,11,1714000,ERR1293060.fastq.gz,ERR1293060,0da5c518,11475000,51,DNA,1000,11475,True,0.9097093316787641,0.9378085785669831,0.9237589551228735,0.9378085785669831,False,93,5912,13822,d__Bacteria;p__Bacillota_A;c__Clostridia;o__Oscillospirales;f__Acutalibacteraceae;g__Fimivicinus;s__Fimivicinus sp900544375
87000,0.007581699346405229,0.03817463799912242,0.007581699346405229,0.006366661843437997,1.0114942528735633,1.0,0.10659331604018045,/tmp/nxf.XXXXn69RVN/sourmash_database/gtdb-rs214-reps.k51.zip,"GCF_003269275.1 Phascolarctobacterium faecium DSM 14760 strain=DSM 14760, ASM326927v1",7c43b2da8075c4100917842aa30c8367,0.03817463799912242,87000,12,1627000,ERR1293060.fastq.gz,ERR1293060,0da5c518,11475000,51,DNA,1000,11475,True,0.908713113349187,0.9379758682957784,0.9233444908224827,0.9379758682957784,False,88,6000,13822,d__Bacteria;p__Bacillota_C;c__Negativicutes;o__Acidaminococcales;f__Acidaminococcaceae;g__Phascolarctobacterium;s__Phascolarctobacterium faecium
86000,0.007494553376906318,0.023388632036986674,0.007494553376906318,0.008392417884531905,1.3488372093023255,1.0,0.7741077663764298,/tmp/nxf.XXXXn69RVN/sourmash_database/gtdb-rs214-reps.k51.zip,"GCA_900755895.1 Clostridia bacterium, ERS473283_28",58318ee12a4ac30ff9128e9078d0382d,0.023388632036986674,86000,13,1541000,ERR1293060.fastq.gz,ERR1293060,0da5c518,11475000,51,DNA,1000,11475,True,0.9085071470687521,0.9290085316023997,0.918757839335576,0.9290085316023997,False,116,6116,13822,d__Bacteria;p__Bacillota_A;c__Clostridia;o__Oscillospirales;f__Acutalibacteraceae;g__Acutalibacter;s__Acutalibacter sp900755895
85000,0.007407407407407408,0.0421417947446703,0.007407407407407408,0.006221964983359861,1.011764705882353,1.0,0.1078253104695492,/tmp/nxf.XXXXn69RVN/sourmash_database/gtdb-rs214-reps.k51.zip,"GCA_000435195.1 Clostridium sp. CAG:169, MGS169",2c628f16ba407b3bc78d968830c8b716,0.0421417947446703,85000,14,1456000,ERR1293060.fastq.gz,ERR1293060,0da5c518,11475000,51,DNA,1000,11475,True,0.9082988192772692,0.9397959925266633,0.9240474059019663,0.9397959925266633,False,86,6202,13822,d__Bacteria;p__Bacillota_A;c__Clostridia;o__Oscillospirales;f__Ruminococcaceae;g__Negativibacillus;s__Negativibacillus sp000435195
83000,0.007233115468409586,0.029642857142857144,0.007233115468409586,0.006294313413398929,1.0481927710843373,1.0,0.21417335945338767,/tmp/nxf.XXXXn69RVN/sourmash_database/gtdb-rs214-reps.k51.zip,"GCA_001304995.1 Clostridia bacterium UC5.1-1D10 strain=UC5.1-1D10, ASM130499v1",b3eb83ec1585e4f34c5370ace6dfe9b6,0.029642857142857144,83000,15,1373000,ERR1293060.fastq.gz,ERR1293060,0da5c518,11475000,51,DNA,1000,11475,True,0.9078748558208081,0.9333352065437747,0.9206050311822913,0.9333352065437747,False,87,6289,13822,d__Bacteria;p__Bacillota_A;c__Clostridia;o__Lachnospirales;f__Anaerotignaceae;g__Anaerotignum;s__Anaerotignum sp001304995
98000,0.008540305010893246,0.020696617869762745,0.007145969498910675,0.0060772681232817245,1.024390243902439,1.0,0.21951219512195122,/tmp/nxf.XXXXn69RVN/sourmash_database/gtdb-rs214-reps.k51.zip,"GCA_003584705.1 Lachnospiraceae bacterium GAM79 strain=GAM79, ASM358470v1",70a12b75803f82aa8bff2c80aad9821b,0.024734982332155476,82000,16,1291000,ERR1293060.fastq.gz,ERR1293060,0da5c518,11475000,51,DNA,1000,11475,True,0.910836979733634,0.9300286040667319,0.9204327919001829,0.9300286040667319,False,84,6373,13822,d__Bacteria;p__Bacillota_A;c__Clostridia;o__Lachnospirales;f__Lachnospiraceae;g__Acetatifactor;s__Acetatifactor sp900066565
93000,0.008104575163398693,0.022071307300509338,0.0067973856209150325,0.0059325712632035885,1.0512820512820513,1.0,0.22057244274468277,/tmp/nxf.XXXXn69RVN/sourmash_database/gtdb-rs214-reps.k51.zip,"GCF_005121165.3 Dysosmobacter welbionis strain=J115, ASM512116v3",09a34dca3e142e3d9e58ce200e89b31c,0.02631578947368421,78000,17,1213000,ERR1293060.fastq.gz,ERR1293060,0da5c518,11475000,51,DNA,1000,11475,True,0.9099021911634901,0.9311590124456248,0.9205306018045575,0.9311590124456248,False,82,6455,13822,d__Bacteria;p__Bacillota_A;c__Clostridia;o__Oscillospirales;f__Oscillospiraceae;g__Dysosmobacter;s__Dysosmobacter welbionis
201000,0.017516339869281045,0.012732450996816887,0.006623093681917211,0.007741282014180292,1.4078947368421053,1.0,0.6108154941281664,/tmp/nxf.XXXXn69RVN/sourmash_database/gtdb-rs214-reps.k51.zip,"GCF_900106755.1 Bacteroides faecis MAJ27 strain=MAJ27, IMG-taxon 2693429916 annotated assembly",29f2cc9d2d6e4b636e9cf811c74231fd,0.0336739822415815,76000,18,1137000,ERR1293060.fastq.gz,ERR1293060,0da5c518,11475000,51,DNA,1000,11475,True,0.9237569374942627,0.9356715427061744,0.9297142401002185,0.9356715427061744,False,107,6562,13822,d__Bacteria;p__Bacteroidota;c__Bacteroidia;o__Bacteroidales;f__Bacteroidaceae;g__Bacteroides;s__Bacteroides faecis
91000,0.007930283224400871,0.02348888192922017,0.006535947712418301,0.00586022283316452,1.08,1.0,0.48332183894378283,/tmp/nxf.XXXXn69RVN/sourmash_database/gtdb-rs214-reps.k51.zip,"GCF_900167555.1 Gemmiger formicilis strain=ATCC 27749, IMG-taxon 2590828806 annotated assembly",316f66857e7940a11e48de3faf3d397d,0.028499843407453804,75000,19,1062000,ERR1293060.fastq.gz,ERR1293060,0da5c518,11475000,51,DNA,1000,11475,True,0.9095144059487026,0.9326158532157287,0.9210651295822156,0.9326158532157287,False,81,6643,13822,d__Bacteria;p__Bacillota_A;c__Clostridia;o__Oscillospirales;f__Ruminococcaceae;g__Gemmiger;s__Gemmiger formicilis
83000,0.007233115468409586,0.020346439373109707,0.00644880174291939,0.005426132252930111,1.0135135135135136,1.0,0.11545951007185856,/tmp/nxf.XXXXn69RVN/sourmash_database/gtdb-rs214-reps.k51.zip,"GCF_015557635.1 Fusicatenibacter saccharivorans strain=D41t1_190614_C8, ASM1555763v1",d2fdc17cdae8aecf1aac02f627d3979a,0.02282100632389332,74000,20,988000,ERR1293060.fastq.gz,ERR1293060,0da5c518,11475000,51,DNA,1000,11475,True,0.9078748558208081,0.9285611004138007,0.9182179781173043,0.9285611004138007,False,75,6718,13822,d__Bacteria;p__Bacillota_A;c__Clostridia;o__Lachnospirales;f__Lachnospiraceae;g__Fusicatenibacter;s__Fusicatenibacter saccharivorans
80000,0.006971677559912854,0.024922118380062305,0.006274509803921568,0.005209086962812907,1.0,1.0,0.0,/tmp/nxf.XXXXn69RVN/sourmash_database/gtdb-rs214-reps.k51.zip,"GCF_020709055.1 Ruminococcus callidus strain=MSK.21.81, ASM2070905v1",3d36fa1fd7c6961f5ace5e67bf2b8252,0.027691242644513673,72000,21,916000,ERR1293060.fastq.gz,ERR1293060,0da5c518,11475000,51,DNA,1000,11475,True,0.9072197495353639,0.9320896702668643,0.9196547099011141,0.9320896702668643,False,72,6790,13822,d__Bacteria;p__Bacillota_A;c__Clostridia;o__Oscillospirales;f__Ruminococcaceae;g__Ruminococcus_C;s__Ruminococcus_C sp000437175
236000,0.02056644880174292,0.018590455049944506,0.005838779956427015,0.006873100853711475,1.4179104477611941,1.0,0.7755451377174076,/tmp/nxf.XXXXn69RVN/sourmash_database/gtdb-rs214-reps.k51.zip,"GCA_900755095.1 uncultured Bacteroides sp., ERS473029_19",157ba610ccdcf1ff58761725bd879825,0.06548279689234185,67000,22,849000,ERR1293060.fastq.gz,ERR1293060,0da5c518,11475000,51,DNA,1000,11475,True,0.9266691228697058,0.9479530063768162,0.937311064623261,0.9479530063768162,False,95,6885,13822,d__Bacteria;p__Bacteroidota;c__Bacteroidia;o__Bacteroidales;f__Bacteroidaceae;g__Bacteroides;s__Bacteroides sp900755095
85000,0.007407407407407408,0.013632365875109938,0.0054030501089324615,0.004992041672695702,1.1129032258064515,1.0,0.36388755395737027,/tmp/nxf.XXXXn69RVN/sourmash_database/gtdb-rs214-reps.k51.zip,"GCA_025148125.1 Blautia wexlerae DSM 19850 strain=DSM 19850, ASM2514812v1",7f2073ec6218c72ec98b02ac15cb9880,0.01868953386103782,62000,23,787000,ERR1293060.fastq.gz,ERR1293060,0da5c518,11475000,51,DNA,1000,11475,True,0.9082988192772692,0.9249319336874411,0.9166153764823551,0.9249319336874411,False,69,6954,13822,d__Bacteria;p__Bacillota_A;c__Clostridia;o__Lachnospirales;f__Lachnospiraceae;g__Blautia_A;s__Blautia_A wexlerae
58000,0.005054466230936819,0.021569356638155446,0.005054466230936819,0.004196208942265953,1.0,1.0,0.0,/tmp/nxf.XXXXn69RVN/sourmash_database/gtdb-rs214-reps.k51.zip,"GCA_900549015.1 uncultured Blautia sp., UMGS1138",eeabb8ccd5ec1efb2408c56c45f291da,0.021569356638155446,58000,24,729000,ERR1293060.fastq.gz,ERR1293060,0da5c518,11475000,51,DNA,1000,11475,True,0.9015172175575242,0.9275346466604195,0.9145259321089718,0.9275346466604195,False,58,7012,13822,d__Bacteria;p__Bacillota_A;c__Clostridia;o__Lachnospirales;f__Lachnospiraceae;g__Blautia_A;s__Blautia_A sp900549015
88000,0.007668845315904139,0.017884674683934627,0.005054466230936819,0.004413254232383157,1.0517241379310345,1.0,0.2214695272183643,/tmp/nxf.XXXXn69RVN/sourmash_database/gtdb-rs214-reps.k51.zip,"GCF_003024715.1 Lachnoclostridium sp. SNUG30386 strain=SNUG30386, ASM302471v1",f96d0bd7faefddb572480835d902e5a6,0.027135368485969782,58000,25,671000,ERR1293060.fastq.gz,ERR1293060,0da5c518,11475000,51,DNA,1000,11475,True,0.9089167715745575,0.9317191336421875,0.9203179526083725,0.9317191336421875,False,61,7073,13822,d__Bacteria;p__Bacillota_A;c__Clostridia;o__Lachnospirales;f__Lachnospiraceae;g__Clostridium_Q;s__Clostridium_Q fessum
76000,0.006623093681917211,0.015284460798188508,0.004705882352941176,0.0043409058023440895,1.1111111111111112,1.0,0.5665577237325315,/tmp/nxf.XXXXn69RVN/sourmash_database/gtdb-rs214-reps.k51.zip,"GCA_003573975.1 Clostridiales bacterium CCNA10 strain=CCNA10, ASM357397v1",00fa92bb3e4b24b2703f629c0d80feb8,0.02151146334559864,54000,26,617000,ERR1293060.fastq.gz,ERR1293060,0da5c518,11475000,51,DNA,1000,11475,True,0.9063077711710669,0.9274857675754162,0.9168967693732415,0.9274857675754162,False,60,7133,13822,d__Bacteria;p__Bacillota_A;c__Clostridia;o__Oscillospirales;f__Oscillospiraceae;g__Lawsonibacter;s__Lawsonibacter sp900066825
65000,0.005664488017429194,0.016378244746600743,0.004618736383442266,0.003834466792070612,1.0,1.0,0.0,/tmp/nxf.XXXXn69RVN/sourmash_database/gtdb-rs214-reps.k51.zip,"GCA_025149785.1 Coprococcus comes ATCC 27758 strain=ATCC 27758, ASM2514978v1",3a055d916786f743b82f17b95fcc483f,0.020086526576019777,53000,27,564000,ERR1293060.fastq.gz,ERR1293060,0da5c518,11475000,51,DNA,1000,11475,True,0.9035336400820978,0.9262401965616034,0.9148869183218507,0.9262401965616034,False,53,7186,13822,d__Bacteria;p__Bacillota_A;c__Clostridia;o__Lachnospirales;f__Lachnospiraceae;g__Bariatricus;s__Bariatricus comes
76000,0.006623093681917211,0.010560519902518278,0.004531590413943355,0.0053537838228910435,1.4230769230769231,1.0,0.8400126795323674,/tmp/nxf.XXXXn69RVN/sourmash_database/gtdb-rs214-reps.k51.zip,"GCF_003991565.1 Butyricimonas faecalis strain=H184, ASM399156v1",581503195c7853767e6bbb31d66720f7,0.015434606011372868,52000,28,512000,ERR1293060.fastq.gz,ERR1293060,0da5c518,11475000,51,DNA,1000,11475,True,0.9063077711710669,0.9214680994592884,0.9138879353151776,0.9214680994592884,False,74,7260,13822,d__Bacteria;p__Bacteroidota;c__Bacteroidia;o__Bacteroidales;f__Marinifilaceae;g__Butyricimonas;s__Butyricimonas faecalis
61000,0.005315904139433551,0.016778523489932886,0.004357298474945534,0.0036174215019534077,1.0,1.0,0.0,/tmp/nxf.XXXXn69RVN/sourmash_database/gtdb-rs214-reps.k51.zip,"GCA_001305115.1 Clostridia bacterium UC5.1-1E11 strain=UC5.1-1E11, ASM130511v1",8750d84a6363d192c30301441fa2cb09,0.02046979865771812,50000,29,462000,ERR1293060.fastq.gz,ERR1293060,0da5c518,11475000,51,DNA,1000,11475,True,0.902409114983183,0.9265835373830876,0.9144963261831354,0.9265835373830876,False,50,7310,13822,d__Bacteria;p__Bacillota_A;c__Clostridia;o__Oscillospirales;f__Acutalibacteraceae;g__Anaeromassilibacillus;s__Anaeromassilibacillus sp001305115
