intersect_bp,f_orig_query,f_match,f_unique_to_query,f_unique_weighted,average_abund,median_abund,std_abund,filename,name,md5,f_match_orig,unique_intersect_bp,gather_result_rank,remaining_bp,query_filename,query_name,query_md5,query_bp,ksize,moltype,scaled,query_n_hashes,query_abundance,query_containment_ani,match_containment_ani,average_containment_ani,max_containment_ani,potential_false_negative,n_unique_weighted_found,sum_weighted_found,total_weighted_hashes,lineage
1859000,0.11113103778096604,0.36594488188976376,0.11113103778096604,0.14030419937031618,1.7019903173749327,1.0,1.1556867919881002,/tmp/nxf.XXXXNrPlwM/sourmash_database/gtdb-rs214-reps.k51.zip,"GCF_000012825.1 Bacteroides vulgatus ATCC 8482 strain=ATCC 8482, ASM1282v1",63b92dc09e7b5ffbd878d8e5fce5cfec,0.36594488188976376,1859000,0,6300000,ERR1293305.fastq.gz,ERR1293305,377f3449,16728000,51,DNA,1000,16728,True,0.9578354127999824,0.9804817695557505,0.9691585911778664,0.9804817695557505,False,3164,3164,22551,d__Bacteria;p__Bacteroidota;c__Bacteroidia;o__Bacteroidales;f__Bacteroidaceae;g__Phocaeicola;s__Phocaeicola vulgatus
1043000,0.06235054997608799,0.2688837329208559,0.06235054997608799,0.08633763469469204,1.8667305848513902,1.0,1.1661885502362606,/tmp/nxf.XXXXNrPlwM/sourmash_database/gtdb-rs214-reps.k51.zip,"GCA_025145285.1 Alistipes onderdonkii strain=DSM 19147, ASM2514528v1",2de6e539bf1bbcefae850f4a041e233c,0.2688837329208559,1043000,1,5257000,ERR1293305.fastq.gz,ERR1293305,377f3449,16728000,51,DNA,1000,16728,True,0.947042387359343,0.9745743810603498,0.9608083842098464,0.9745743810603498,False,1947,5111,22551,d__Bacteria;p__Bacteroidota;c__Bacteroidia;o__Bacteroidales;f__Rikenellaceae;g__Alistipes;s__Alistipes onderdonkii
761000,0.045492587278813966,0.15771951727007907,0.04531324725011956,0.04323533324464547,1.2862796833773087,1.0,0.6043786018189056,/tmp/nxf.XXXXNrPlwM/sourmash_database/gtdb-rs214-reps.k51.zip,"GCF_000012845.1 Parabacteroides distasonis ATCC 8503 strain=ATCC 8503, ASM1284v1",85c74583c59734abc0e8f1a3e909b79d,0.1583437369954224,758000,2,4499000,ERR1293305.fastq.gz,ERR1293305,377f3449,16728000,51,DNA,1000,16728,True,0.9412069177592127,0.9645081457100562,0.9528575317346344,0.9645081457100562,False,975,6086,22551,d__Bacteria;p__Bacteroidota;c__Bacteroidia;o__Bacteroidales;f__Tannerellaceae;g__Parabacteroides;s__Parabacteroides distasonis
1061000,0.06342659014825443,0.08202697776157492,0.02690100430416069,0.02780364507117201,1.3933333333333333,1.0,0.9084541204094397,/tmp/nxf.XXXXNrPlwM/sourmash_database/gtdb-rs214-reps.k51.zip,"GCF_013009555.1 Bacteroides dorei strain=DSM 17855, ASM1300955v1",92c62d3d608447418f79f40c554d2f69,0.19340138534451332,450000,3,4049000,ERR1293305.fastq.gz,ERR1293305,377f3449,16728000,51,DNA,1000,16728,True,0.9473601767966692,0.9682979477323541,0.9578290622645116,0.9682979477323541,False,627,6713,22551,d__Bacteria;p__Bacteroidota;c__Bacteroidia;o__Bacteroidales;f__Bacteroidaceae;g__Phocaeicola;s__Phocaeicola dorei
430000,0.02570540411286466,0.06554878048780488,0.02570540411286466,0.021772870382688127,1.1418604651162791,1.0,0.5547815652859952,/tmp/nxf.XXXXNrPlwM/sourmash_database/gtdb-rs214-reps.k51.zip,"GCF_002234575.2 Enterocloster bolteae strain=ATCC BAA-613, ASM223457v2",b5edd45c572fe04753d4848d8e14e842,0.06554878048780488,430000,4,3619000,ERR1293305.fastq.gz,ERR1293305,377f3449,16728000,51,DNA,1000,16728,True,0.9307306341277234,0.9479717265973323,0.9393511803625278,0.9479717265973323,False,491,7204,22551,d__Bacteria;p__Bacillota_A;c__Clostridia;o__Lachnospirales;f__Lachnospiraceae;g__Enterocloster;s__Enterocloster bolteae
353000,0.02110234337637494,0.08833922261484099,0.020923003347680536,0.01729413329785819,1.1142857142857143,1.0,0.3522522287410844,/tmp/nxf.XXXXNrPlwM/sourmash_database/gtdb-rs214-reps.k51.zip,"GCA_003584705.1 Lachnospiraceae bacterium GAM79 strain=GAM79, ASM358470v1",70a12b75803f82aa8bff2c80aad9821b,0.08909641595153962,350000,5,3269000,ERR1293305.fastq.gz,ERR1293305,377f3449,16728000,51,DNA,1000,16728,True,0.9271366280568719,0.9536939425644325,0.9404152853106522,0.9536939425644325,False,390,7594,22551,d__Bacteria;p__Bacillota_A;c__Clostridia;o__Lachnospirales;f__Lachnospiraceae;g__Acetatifactor;s__Acetatifactor sp900066565
269000,0.01608082257293161,0.06530310497782159,0.015841702534672406,0.013303179459890914,1.1320754716981132,1.0,0.3998931861657043,/tmp/nxf.XXXXNrPlwM/sourmash_database/gtdb-rs214-reps.k51.zip,"GCF_024622975.1 Blautia caecimuris strain=DSM 29492, ASM2462297v1",1248931c5307393cc9ef816719d4b9e7,0.06628881222276983,265000,6,3004000,ERR1293305.fastq.gz,ERR1293305,377f3449,16728000,51,DNA,1000,16728,True,0.9222094617876198,0.9481804247699107,0.9351949432787652,0.9481804247699107,False,300,7894,22551,d__Bacteria;p__Bacillota_A;c__Clostridia;o__Lachnospirales;f__Lachnospiraceae;g__Blautia_A;s__Blautia_A caecimuris
196000,0.0117168818747011,0.05494821634062141,0.011417981826877092,0.00931222562192364,1.0994764397905759,1.0,0.3625819831032625,/tmp/nxf.XXXXNrPlwM/sourmash_database/gtdb-rs214-reps.k51.zip,"GCF_008121495.1 [Ruminococcus] gnavus ATCC 29149 strain=JCM6515, ASM812149v1",c0af2b4fd1a1fb3c5fc7e5a29e4fe5d1,0.05638665132336018,191000,7,2813000,ERR1293305.fastq.gz,ERR1293305,377f3449,16728000,51,DNA,1000,16728,True,0.9165023220714814,0.945177252274768,0.9308397871731247,0.945177252274768,False,210,8104,22551,d__Bacteria;p__Bacillota_A;c__Clostridia;o__Lachnospirales;f__Lachnospiraceae;g__Ruminococcus_B;s__Ruminococcus_B gnavus
268000,0.01602104256336681,0.05138121546961326,0.011119081779053085,0.01086426322557758,1.3172043010752688,1.0,0.9899629248965198,/tmp/nxf.XXXXNrPlwM/sourmash_database/gtdb-rs214-reps.k51.zip,"GCF_000265365.1 Alistipes finegoldii DSM 17242 strain=DSM 17242, ASM26536v1",32e9ec95ec567198d44d9d52c769243b,0.07403314917127071,186000,8,2627000,ERR1293305.fastq.gz,ERR1293305,377f3449,16728000,51,DNA,1000,16728,True,0.9221421176568071,0.9502368904124154,0.9361895040346113,0.9502368904124154,False,245,8349,22551,d__Bacteria;p__Bacteroidota;c__Bacteroidia;o__Bacteroidales;f__Rikenellaceae;g__Alistipes;s__Alistipes finegoldii
163000,0.00974414155906265,0.043793659322944656,0.00974414155906265,0.00789321981286861,1.0920245398773005,1.0,0.3287794112140923,/tmp/nxf.XXXXNrPlwM/sourmash_database/gtdb-rs214-reps.k51.zip,"GCF_000239295.1 Flavonifractor plautii ATCC 29863 strain=ATCC 29863, ASM23929v1",1ed22d796c79d0337723a67a4b313636,0.043793659322944656,163000,9,2464000,ERR1293305.fastq.gz,ERR1293305,377f3449,16728000,51,DNA,1000,16728,True,0.9131951571941601,0.9405047745414775,0.9268499658678189,0.9405047745414775,False,178,8527,22551,d__Bacteria;p__Bacillota_A;c__Clostridia;o__Oscillospirales;f__Oscillospiraceae;g__Flavonifractor;s__Flavonifractor plautii
156000,0.009325681492109038,0.06260647359454855,0.008787661406025825,0.007183716908341094,1.1020408163265305,1.0,0.3243977963963636,/tmp/nxf.XXXXNrPlwM/sourmash_database/gtdb-rs214-reps.k51.zip,"GCF_002834235.1 Ruminococcus bromii strain=5AMG, ASM283423v1",c788aae2c6f3cc3e1e9802e6b555f644,0.06643952299829642,147000,10,2317000,ERR1293305.fastq.gz,ERR1293305,377f3449,16728000,51,DNA,1000,16728,True,0.9124095352257143,0.9482226470145783,0.9303160911201462,0.9482226470145783,False,162,8689,22551,d__Bacteria;p__Bacillota_A;c__Clostridia;o__Oscillospirales;f__Acutalibacteraceae;g__Ruminococcus_E;s__Ruminococcus_E bromii_B
138000,0.00824964131994261,0.060552874067573495,0.00824964131994261,0.006695933661478427,1.0942028985507246,1.0,0.3159453529940817,/tmp/nxf.XXXXNrPlwM/sourmash_database/gtdb-rs214-reps.k51.zip,"GCF_003269275.1 Phascolarctobacterium faecium DSM 14760 strain=DSM 14760, ASM326927v1",7c43b2da8075c4100917842aa30c8367,0.060552874067573495,138000,11,2179000,ERR1293305.fastq.gz,ERR1293305,377f3449,16728000,51,DNA,1000,16728,True,0.9102187670438069,0.9464992832748803,0.9283590251593437,0.9464992832748803,False,151,8840,22551,d__Bacteria;p__Bacillota_C;c__Negativicutes;o__Acidaminococcales;f__Acidaminococcaceae;g__Phascolarctobacterium;s__Phascolarctobacterium faecium
123000,0.007352941176470588,0.025716077775454736,0.007352941176470588,0.005720367167753093,1.048780487804878,1.0,0.2154088016177524,/tmp/nxf.XXXXNrPlwM/sourmash_database/gtdb-rs214-reps.k51.zip,"GCF_000701705.1 Bilophila wadsworthia ATCC 49260 strain=ATCC 49260, ASM70170v1",b1bd0a4998658b6084d0785f2a2c686c,0.025716077775454736,123000,12,2056000,ERR1293305.fastq.gz,ERR1293305,377f3449,16728000,51,DNA,1000,16728,True,0.9081673906938506,0.9307382103809811,0.9194528005374158,0.9307382103809811,False,129,8969,22551,d__Bacteria;p__Desulfobacterota;c__Desulfovibrionia;o__Desulfovibrionales;f__Desulfovibrionaceae;g__Bilophila;s__Bilophila wadsworthia
127000,0.0075920612147297945,0.03776529338327091,0.007233381157340985,0.005542991441621214,1.0330578512396693,1.0,0.1787876665519334,/tmp/nxf.XXXXNrPlwM/sourmash_database/gtdb-rs214-reps.k51.zip,"GCF_004154955.1 Intestinimonas butyriciproducens strain=SRB-521-5-I, ASM415495v1",bde4f24a65f826eaf81252d96e91f9cf,0.039637952559300874,121000,13,1935000,ERR1293305.fastq.gz,ERR1293305,377f3449,16728000,51,DNA,1000,16728,True,0.9087374486847901,0.9386679393386372,0.9237026940117137,0.9386679393386372,False,125,9094,22551,d__Bacteria;p__Bacillota_A;c__Clostridia;o__Oscillospirales;f__Oscillospiraceae;g__Intestinimonas;s__Intestinimonas butyriciproducens
121000,0.007233381157340985,0.03254102999434069,0.006874701099952176,0.005276927852423396,1.0347826086956522,1.0,0.18322876091917803,/tmp/nxf.XXXXNrPlwM/sourmash_database/gtdb-rs214-reps.k51.zip,"GCF_005121165.3 Dysosmobacter welbionis strain=J115, ASM512116v3",09a34dca3e142e3d9e58ce200e89b31c,0.034238822863610636,115000,14,1820000,ERR1293305.fastq.gz,ERR1293305,377f3449,16728000,51,DNA,1000,16728,True,0.9078755096978003,0.93597678052213,0.9219261451099652,0.93597678052213,False,119,9213,22551,d__Bacteria;p__Bacillota_A;c__Clostridia;o__Oscillospirales;f__Oscillospiraceae;g__Dysosmobacter;s__Dysosmobacter welbionis
124000,0.00741272118603539,0.028157894736842104,0.006396461023433764,0.004922176400159638,1.0373831775700935,1.0,0.2338317009943328,/tmp/nxf.XXXXNrPlwM/sourmash_database/gtdb-rs214-reps.k51.zip,"GCF_020736365.1 Clostridium sp. M62/1 strain=FDAARGOS_1583, ASM2073636v1",0380dbe573a123194534af872fd30072,0.03263157894736842,107000,15,1713000,ERR1293305.fastq.gz,ERR1293305,377f3449,16728000,51,DNA,1000,16728,True,0.9083115908131202,0.9350948148017824,0.9217032028074512,0.9350948148017824,False,111,9324,22551,d__Bacteria;p__Bacillota_A;c__Clostridia;o__Lachnospirales;f__Lachnospiraceae;g__Clostridium_Q;s__Clostridium_Q saccharolyticum_A
120000,0.007173601147776184,0.02098862298940761,0.006396461023433764,0.008647066648929095,1.8224299065420562,2.0,1.0304983288848997,/tmp/nxf.XXXXNrPlwM/sourmash_database/gtdb-rs214-reps.k51.zip,"GCF_900155865.1 Bacteroides bouchesdurhonensis strain=Marseille-P2653, PRJEB18812",530c4dc85f4234aaf5e950f9871b7024,0.023538642604943115,107000,16,1606000,ERR1293305.fastq.gz,ERR1293305,377f3449,16728000,51,DNA,1000,16728,True,0.9077277907394984,0.9291249991003272,0.9184263949199127,0.9291249991003272,False,195,9519,22551,d__Bacteria;p__Bacteroidota;c__Bacteroidia;o__Bacteroidales;f__Bacteroidaceae;g__Bacteroides;s__Bacteroides bouchesdurhonensis
103000,0.006157340985174557,0.037813552976413325,0.0060377809660449545,0.005143896057824487,1.1485148514851484,1.0,0.38243976070946467,/tmp/nxf.XXXXNrPlwM/sourmash_database/gtdb-rs214-reps.k51.zip,"GCA_025150425.1 [Eubacterium] siraeum strain=DSM 15702, ASM2515042v1",7c24794bacadf19541e3a6bc077d6d28,0.038562336203669036,101000,17,1505000,ERR1293305.fastq.gz,ERR1293305,377f3449,16728000,51,DNA,1000,16728,True,0.9050128980545596,0.9381617288909522,0.9215873134727559,0.9381617288909522,False,116,9635,22551,d__Bacteria;p__Bacillota_A;c__Clostridia;o__Oscillospirales;f__Ruminococcaceae;g__Ruminiclostridium_E;s__Ruminiclostridium_E siraeum
103000,0.006157340985174557,0.030619111709286675,0.005439980870396939,0.004168329564099153,1.032967032967033,1.0,0.17855029460738372,/tmp/nxf.XXXXNrPlwM/sourmash_database/gtdb-rs214-reps.k51.zip,"GCA_025150085.1 Dorea longicatena strain=DSM 13814, ASM2515008v1",77e56408450c979b22420d0739bfd623,0.03465679676985195,91000,18,1414000,ERR1293305.fastq.gz,ERR1293305,377f3449,16728000,51,DNA,1000,16728,True,0.9050128980545596,0.936199490382725,0.9206061942186423,0.936199490382725,False,94,9729,22551,d__Bacteria;p__Bacillota_A;c__Clostridia;o__Lachnospirales;f__Lachnospiraceae;g__Dorea_A;s__Dorea_A longicatena
131000,0.007831181252989,0.016046681254558718,0.0052606408417025345,0.003902265974901335,1.0,1.0,0.0,/tmp/nxf.XXXXNrPlwM/sourmash_database/gtdb-rs214-reps.k51.zip,"GCF_020297485.1 Enterocloster clostridioformis strain=FDAARGOS_1529, ASM2029748v1",dd34132a65d34f2b7d61732ca67b1c02,0.023887673231218088,88000,19,1326000,ERR1293305.fastq.gz,ERR1293305,377f3449,16728000,51,DNA,1000,16728,True,0.9092901689307685,0.9293931928335052,0.9193416808821369,0.9293931928335052,False,88,9817,22551,d__Bacteria;p__Bacillota_A;c__Clostridia;o__Lachnospirales;f__Lachnospiraceae;g__Enterocloster;s__Enterocloster clostridioformis
864000,0.05164992826398852,0.020135917442738484,0.004782400765184123,0.006341182209214669,1.7875,1.0,1.1693347467684352,/tmp/nxf.XXXXNrPlwM/sourmash_database/gtdb-rs214-reps.k51.zip,"GCA_900760795.1 Bacteroidaceae bacterium, SRS021948_34",d1db19c7390bdd0d48d0186cf7ff78fb,0.21746790838157565,80000,20,1246000,ERR1293305.fastq.gz,ERR1293305,377f3449,16728000,51,DNA,1000,16728,True,0.9435525072460967,0.9705272830036764,0.9570398951248866,0.9705272830036764,False,143,9960,22551,d__Bacteria;p__Bacteroidota;c__Bacteroidia;o__Bacteroidales;f__Bacteroidaceae;g__Phocaeicola;s__Phocaeicola sp900760795
154000,0.009206121472979436,0.01848249027237354,0.004543280726924916,0.010376479978714912,3.0789473684210527,1.5,4.613376312119999,/tmp/nxf.XXXXNrPlwM/sourmash_database/gtdb-rs214-reps.k51.zip,"GCF_000154845.1 Bacteroides coprocola DSM 17136 strain=DSM 17136, ASM15484v1",6c4a84c6881f2933a9b05588fca9caee,0.03745136186770428,76000,21,1170000,ERR1293305.fastq.gz,ERR1293305,377f3449,16728000,51,DNA,1000,16728,True,0.9121787175712135,0.9376241327264675,0.9249014251488406,0.9376241327264675,False,234,10194,22551,d__Bacteria;p__Bacteroidota;c__Bacteroidia;o__Bacteroidales;f__Bacteroidaceae;g__Phocaeicola;s__Phocaeicola coprocola
82000,0.004901960784313725,0.017193308550185873,0.004423720707795314,0.0034588266595716377,1.054054054054054,1.0,0.2261243314956961,/tmp/nxf.XXXXNrPlwM/sourmash_database/gtdb-rs214-reps.k51.zip,"GCF_000190535.1 Odoribacter splanchnicus DSM 20712 strain=DSM 220712, ASM19053v1",903d4323f292a4facda7c7138f35e12d,0.019052044609665426,74000,22,1096000,ERR1293305.fastq.gz,ERR1293305,377f3449,16728000,51,DNA,1000,16728,True,0.9009758163577729,0.9252804038323086,0.9131281100950408,0.9252804038323086,False,78,10272,22551,d__Bacteria;p__Bacteroidota;c__Bacteroidia;o__Bacteroidales;f__Marinifilaceae;g__Odoribacter;s__Odoribacter splanchnicus
89000,0.005320420851267336,0.02066232663458817,0.004363940698230512,0.003370138796505698,1.0410958904109588,1.0,0.19851201022177312,/tmp/nxf.XXXXNrPlwM/sourmash_database/gtdb-rs214-reps.k51.zip,"GCA_003573975.1 Clostridiales bacterium CCNA10 strain=CCNA10, ASM357397v1",00fa92bb3e4b24b2703f629c0d80feb8,0.025191055759977356,73000,23,1023000,ERR1293305.fastq.gz,ERR1293305,377f3449,16728000,51,DNA,1000,16728,True,0.9024241428632344,0.9303618414122866,0.9163929921377605,0.9303618414122866,False,76,10348,22551,d__Bacteria;p__Bacillota_A;c__Clostridia;o__Oscillospirales;f__Oscillospiraceae;g__Lawsonibacter;s__Lawsonibacter sp900066825
70000,0.004184600669536107,0.027348394768133173,0.004124820659971305,0.00314841913884085,1.0289855072463767,1.0,0.1677657522143511,/tmp/nxf.XXXXNrPlwM/sourmash_database/gtdb-rs214-reps.k51.zip,"GCA_900538575.1 uncultured Ruminococcus sp., UMGS40",f2b3f9635a4fc15d9b726b23a35a2e75,0.027744748315497423,69000,24,954000,ERR1293305.fastq.gz,ERR1293305,377f3449,16728000,51,DNA,1000,16728,True,0.8981849321291462,0.9321249506967186,0.9151549414129324,0.9321249506967186,False,71,10419,22551,d__Bacteria;p__Bacillota_A;c__Clostridia;o__Oscillospirales;f__Ruminococcaceae;g__UBA1394;s__UBA1394 sp900538575
66000,0.003945480631276901,0.027138157894736843,0.003945480631276901,0.002926699481176001,1.0,1.0,0.0,/tmp/nxf.XXXXNrPlwM/sourmash_database/gtdb-rs214-reps.k51.zip,"GCA_900544375.1 uncultured Ruminococcaceae bacterium, UMGS668",10109c779a5baf5bc4fa694e8a809e35,0.027138157894736843,66000,25,888000,ERR1293305.fastq.gz,ERR1293305,377f3449,16728000,51,DNA,1000,16728,True,0.897149262031355,0.931721011528917,0.914435136780136,0.931721011528917,False,66,10485,22551,d__Bacteria;p__Bacillota_A;c__Clostridia;o__Oscillospirales;f__Acutalibacteraceae;g__Fimivicinus;s__Fimivicinus sp900544375
78000,0.004662840746054519,0.01084634346754314,0.003945480631276901,0.0029710434127089708,1.0151515151515151,1.0,0.1221554204287659,/tmp/nxf.XXXXNrPlwM/sourmash_database/gtdb-rs214-reps.k51.zip,"GCF_003434055.1 Enterocloster aldensis strain=AF19-9LB, ASM343405v1",eecb9a883e1e8956a099f9d7e63aac1a,0.012818405916187346,66000,26,822000,ERR1293305.fastq.gz,ERR1293305,377f3449,16728000,51,DNA,1000,16728,True,0.9000927556758743,0.918118431937659,0.9091055938067667,0.918118431937659,False,67,10552,22551,d__Bacteria;p__Bacillota_A;c__Clostridia;o__Lachnospirales;f__Lachnospiraceae;g__Enterocloster;s__Enterocloster aldenensis
64000,0.003825920612147298,0.02380038387715931,0.003706360593017695,0.0028380116181100615,1.032258064516129,1.0,0.17668469596940842,/tmp/nxf.XXXXNrPlwM/sourmash_database/gtdb-rs214-reps.k51.zip,"GCF_000153925.1 [Ruminococcus] torques ATCC 27756 strain=ATCC 27756, ASM15392v1",4abf9d69f1e69e10e84c4f7510c75164,0.024568138195777352,62000,27,760000,ERR1293305.fastq.gz,ERR1293305,377f3449,16728000,51,DNA,1000,16728,True,0.8966081160696359,0.9299051897602985,0.9132566529149672,0.9299051897602985,False,64,10616,22551,d__Bacteria;p__Bacillota_A;c__Clostridia;o__Lachnospirales;f__Lachnospiraceae;g__Mediterraneibacter;s__Mediterraneibacter torques
60000,0.003586800573888092,0.020804438280166437,0.003586800573888092,0.0027049798235111526,1.0166666666666666,1.0,0.12801909579781015,/tmp/nxf.XXXXNrPlwM/sourmash_database/gtdb-rs214-reps.k51.zip,"GCF_004341945.1 Longicatena caecimuris strain=DSM 29481, ASM434194v1",ec474f39efdf2c5b28f7b0fd2429ad0d,0.020804438280166437,60000,28,700000,ERR1293305.fastq.gz,ERR1293305,377f3449,16728000,51,DNA,1000,16728,True,0.8954742108960612,0.9268781974408272,0.9111762041684441,0.9268781974408272,False,61,10677,22551,d__Bacteria;p__Bacillota;c__Bacilli;o__Erysipelotrichales;f__Erysipelotrichaceae;g__Longicatena;s__Longicatena caecimuris
244000,0.014586322333811573,0.013081055828077552,0.003347680535628886,0.003414482728038668,1.375,1.0,0.7211721609395954,/tmp/nxf.XXXXNrPlwM/sourmash_database/gtdb-rs214-reps.k51.zip,"GCF_004793765.1 Parabacteroides distasonis strain=NM39_I3, ASM479376v1",ff3b738a89ace1278481c115431047ce,0.056996028965195046,56000,29,644000,ERR1293305.fastq.gz,ERR1293305,377f3449,16728000,51,DNA,1000,16728,True,0.9204473196309895,0.9453764859870334,0.9329119028090114,0.9453764859870334,False,77,10754,22551,d__Bacteria;p__Bacteroidota;c__Bacteroidia;o__Bacteroidales;f__Tannerellaceae;g__Parabacteroides;s__Parabacteroides distasonis_A
