intersect_bp,f_orig_query,f_match,f_unique_to_query,f_unique_weighted,average_abund,median_abund,std_abund,filename,name,md5,f_match_orig,unique_intersect_bp,gather_result_rank,remaining_bp,query_filename,query_name,query_md5,query_bp,ksize,moltype,scaled,query_n_hashes,query_abundance,query_containment_ani,match_containment_ani,average_containment_ani,max_containment_ani,potential_false_negative,n_unique_weighted_found,sum_weighted_found,total_weighted_hashes,lineage
258000,0.045112781954887216,0.056307289393278045,0.045112781954887216,0.04607562758182396,1.124031007751938,1.0,0.3631847062053482,/tmp/nxf.XXXX3duSHo/sourmash_database/gtdb-rs214-reps.k51.zip,"GCA_025147485.1 Bacteroides uniformis strain=ATCC 8492, ASM2514748v1",177d80c9d0f18e5195e47e20bdf54706,0.056307289393278045,258000,0,1440000,ERR480838.fastq.gz,ERR480838,64086cd1,5719000,51,DNA,1000,5719,True,0.9410522075791256,0.9451511499727158,0.9431016787759207,0.9451511499727158,False,290,290,6294,d__Bacteria;p__Bacteroidota;c__Bacteroidia;o__Bacteroidales;f__Bacteroidaceae;g__Bacteroides;s__Bacteroides uniformis
176000,0.030774610945969574,0.07495741056218058,0.030774610945969574,0.03670162059103908,1.3125,1.0,0.9880320775985142,/tmp/nxf.XXXX3duSHo/sourmash_database/gtdb-rs214-reps.k51.zip,"GCF_002834235.1 Ruminococcus bromii strain=5AMG, ASM283423v1",c788aae2c6f3cc3e1e9802e6b555f644,0.07495741056218058,176000,1,1264000,ERR480838.fastq.gz,ERR480838,64086cd1,5719000,51,DNA,1000,5719,True,0.9340211641219618,0.9504680895263928,0.9422446268241773,0.9504680895263928,False,231,521,6294,d__Bacteria;p__Bacillota_A;c__Clostridia;o__Oscillospirales;f__Acutalibacteraceae;g__Ruminococcus_E;s__Ruminococcus_E bromii_B
140000,0.02447980416156671,0.043057722308892356,0.024130092673544327,0.02430886558627264,1.108695652173913,1.0,0.33372692578752045,/tmp/nxf.XXXX3duSHo/sourmash_database/gtdb-rs214-reps.k51.zip,"GCA_000020605.1 [Eubacterium] rectale ATCC 33656 strain=ATCC 33656, ASM2060v1",bb4d1c2199066ffc1226ec8433ce5698,0.0436817472698908,138000,2,1126000,ERR480838.fastq.gz,ERR480838,64086cd1,5719000,51,DNA,1000,5719,True,0.9298395161492198,0.9404575898564893,0.9351485530028545,0.9404575898564893,False,153,674,6294,d__Bacteria;p__Bacillota_A;c__Clostridia;o__Lachnospirales;f__Lachnospiraceae;g__Agathobacter;s__Agathobacter rectalis
107000,0.018709564609197413,0.03248544284400858,0.01853470886518622,0.019065776930409915,1.1320754716981132,1.0,0.9015235709736065,/tmp/nxf.XXXX3duSHo/sourmash_database/gtdb-rs214-reps.k51.zip,"GCA_905196835.1 uncultured Prevotella sp., ERR321167-mag-bin.10",c6d905b8eb0f5fe84309ec7cda1b558d,0.03279190928593319,106000,3,1020000,ERR480838.fastq.gz,ERR480838,64086cd1,5719000,51,DNA,1000,5719,True,0.9249513608884289,0.9351846857285748,0.9300680233085019,0.9351846857285748,False,120,794,6294,d__Bacteria;p__Bacteroidota;c__Bacteroidia;o__Bacteroidales;f__Bacteroidaceae;g__Prevotella;s__Prevotella stercoripullorum
108000,0.018884420353208604,0.03331090174966353,0.017310718657107885,0.017953606609469337,1.1414141414141414,1.0,0.5687146771821917,/tmp/nxf.XXXX3duSHo/sourmash_database/gtdb-rs214-reps.k51.zip,"GCA_025150085.1 Dorea longicatena strain=DSM 13814, ASM2515008v1",77e56408450c979b22420d0739bfd623,0.03633916554508748,99000,4,921000,ERR480838.fastq.gz,ERR480838,64086cd1,5719000,51,DNA,1000,5719,True,0.9251200872709426,0.9370700508132461,0.9310950690420944,0.9370700508132461,False,113,907,6294,d__Bacteria;p__Bacillota_A;c__Clostridia;o__Lachnospirales;f__Lachnospiraceae;g__Dorea_A;s__Dorea_A longicatena
96000,0.016786151425074315,0.03804994054696789,0.016786151425074315,0.017318080711789006,1.1354166666666667,1.0,0.4237676168084998,/tmp/nxf.XXXX3duSHo/sourmash_database/gtdb-rs214-reps.k51.zip,"GCA_900538575.1 uncultured Ruminococcus sp., UMGS40",f2b3f9635a4fc15d9b726b23a35a2e75,0.03804994054696789,96000,5,825000,ERR480838.fastq.gz,ERR480838,64086cd1,5719000,51,DNA,1000,5719,True,0.9229860142307521,0.9379156954585314,0.9304508548446417,0.9379156954585314,False,109,1016,6294,d__Bacteria;p__Bacillota_A;c__Clostridia;o__Oscillospirales;f__Ruminococcaceae;g__UBA1394;s__UBA1394 sp900538575
98000,0.017135862913096694,0.016952242070725484,0.016261584193040742,0.015411503018748014,1.043010752688172,1.0,0.20288131466788398,/tmp/nxf.XXXX3duSHo/sourmash_database/gtdb-rs214-reps.k51.zip,"GCF_013009555.1 Bacteroides dorei strain=DSM 17855, ASM1300955v1",92c62d3d608447418f79f40c554d2f69,0.01786365293474298,93000,6,732000,ERR480838.fastq.gz,ERR480838,64086cd1,5719000,51,DNA,1000,5719,True,0.9233592526897273,0.9241126330709282,0.9237359428803278,0.9241126330709282,False,97,1113,6294,d__Bacteria;p__Bacteroidota;c__Bacteroidia;o__Bacteroidales;f__Bacteroidaceae;g__Phocaeicola;s__Phocaeicola dorei
84000,0.014687882496940025,0.017150395778364115,0.01363874803287288,0.013028280902446775,1.0512820512820513,1.0,0.2205724427446828,/tmp/nxf.XXXX3duSHo/sourmash_database/gtdb-rs214-reps.k51.zip,"GCA_025148125.1 Blautia wexlerae DSM 19850 strain=DSM 19850, ASM2514812v1",7f2073ec6218c72ec98b02ac15cb9880,0.018469656992084433,78000,7,654000,ERR480838.fastq.gz,ERR480838,64086cd1,5719000,51,DNA,1000,5719,True,0.9205725553821937,0.9247173298073194,0.9226449425947565,0.9247173298073194,False,82,1195,6294,d__Bacteria;p__Bacillota_A;c__Clostridia;o__Lachnospirales;f__Lachnospiraceae;g__Blautia_A;s__Blautia_A wexlerae
75000,0.013114180800839308,0.026335311572700297,0.012414757824794544,0.012074992055926279,1.0704225352112675,1.0,0.255857776402605,/tmp/nxf.XXXX3duSHo/sourmash_database/gtdb-rs214-reps.k51.zip,"GCF_000332875.2 Anaerostipes hadrus DSM 3319 strain=DSM 3319, ASM33287v2",11a8e5e9f5fa6b11c020b08a3ba744de,0.027818991097922848,71000,8,583000,ERR480838.fastq.gz,ERR480838,64086cd1,5719000,51,DNA,1000,5719,True,0.9185291936410279,0.9321737943751528,0.9253514940080904,0.9321737943751528,False,76,1271,6294,d__Bacteria;p__Bacillota_A;c__Clostridia;o__Lachnospirales;f__Lachnospiraceae;g__Anaerostipes;s__Anaerostipes hadrus
90000,0.01573701696100717,0.020035885167464115,0.011715334848749781,0.011280584683825865,1.0597014925373134,1.0,0.23693295322966482,/tmp/nxf.XXXX3duSHo/sourmash_database/gtdb-rs214-reps.k51.zip,"GCA_001312505.1 [Ruminococcus] faecis JCM 15917 strain=JCM 15917, ASM131250v1",74084a0ba33e0aad9e3ea50a89ace6e7,0.026913875598086126,67000,9,516000,ERR480838.fastq.gz,ERR480838,64086cd1,5719000,51,DNA,1000,5719,True,0.921818749962321,0.9315694127075137,0.9266940813349174,0.9315694127075137,False,71,1342,6294,d__Bacteria;p__Bacillota_A;c__Clostridia;o__Lachnospirales;f__Lachnospiraceae;g__Mediterraneibacter;s__Mediterraneibacter faecis
73000,0.012764469312816926,0.016380236305048337,0.010666200384682637,0.01032729583730537,1.0655737704918034,1.0,0.3066932284240935,/tmp/nxf.XXXX3duSHo/sourmash_database/gtdb-rs214-reps.k51.zip,"GCF_001487165.1 Blautia massiliensis strain=GD9, Blautia massiliensis1",26a084514a434ed691fd39a9b849e9f4,0.019602577873254565,61000,10,455000,ERR480838.fastq.gz,ERR480838,64086cd1,5719000,51,DNA,1000,5719,True,0.9180425260511592,0.9257973745871304,0.9219199503191449,0.9257973745871304,False,65,1407,6294,d__Bacteria;p__Bacillota_A;c__Clostridia;o__Lachnospirales;f__Lachnospiraceae;g__Blautia_A;s__Blautia_A massiliensis
65000,0.0113656233607274,0.016651528913109295,0.009617065920615493,0.008897362567524627,1.018181818181818,1.0,0.133608531424537,/tmp/nxf.XXXX3duSHo/sourmash_database/gtdb-rs214-reps.k51.zip,"GCF_000173975.1 Anaerobutyricum hallii DSM 3353 strain=DSM 3353, ASM17397v1",8fce16b2b7ed2405807ddf248dc6febb,0.019679079624583713,55000,11,400000,ERR480838.fastq.gz,ERR480838,64086cd1,5719000,51,DNA,1000,5719,True,0.9159555060338177,0.9258680835505548,0.9209117947921863,0.9258680835505548,False,56,1463,6294,d__Bacteria;p__Bacillota_A;c__Clostridia;o__Lachnospirales;f__Lachnospiraceae;g__Anaerobutyricum;s__Anaerobutyricum hallii
70000,0.012239902080783354,0.012945774303859306,0.00926735443259311,0.00969176993962504,1.150943396226415,1.0,0.4512551223811848,/tmp/nxf.XXXX3duSHo/sourmash_database/gtdb-rs214-reps.k51.zip,"GCF_020554845.1 Blautia faecis strain=DFI.3.66, ASM2055484v1",966f2aea56b388fc36102b75054e49d4,0.01709819247679531,53000,12,347000,ERR480838.fastq.gz,ERR480838,64086cd1,5719000,51,DNA,1000,5719,True,0.9172874461685979,0.9233194086255233,0.9203034273970606,0.9233194086255233,False,61,1524,6294,d__Bacteria;p__Bacillota_A;c__Clostridia;o__Lachnospirales;f__Lachnospiraceae;g__Blautia_A;s__Blautia_A faecis
52000,0.00909249868858192,0.02459791863765374,0.00909249868858192,0.008897362567524627,1.0769230769230769,1.0,0.2664693550105965,/tmp/nxf.XXXX3duSHo/sourmash_database/gtdb-rs214-reps.k51.zip,"GCA_003514385.1 Ruminococcaceae bacterium, ASM351438v1",f9c0b9f063b0491b08d56440914037f2,0.02459791863765374,52000,13,295000,ERR480838.fastq.gz,ERR480838,64086cd1,5719000,51,DNA,1000,5719,True,0.9119566221801673,0.9299272784248966,0.920941950302532,0.9299272784248966,False,56,1580,6294,d__Bacteria;p__Bacillota_A;c__Clostridia;o__Oscillospirales;f__Acutalibacteraceae;g__CAG-177;s__CAG-177 sp003514385
