intersect_bp,f_orig_query,f_match,f_unique_to_query,f_unique_weighted,average_abund,median_abund,std_abund,filename,name,md5,f_match_orig,unique_intersect_bp,gather_result_rank,remaining_bp,query_filename,query_name,query_md5,query_bp,ksize,moltype,scaled,query_n_hashes,query_abundance,query_containment_ani,match_containment_ani,average_containment_ani,max_containment_ani,potential_false_negative,n_unique_weighted_found,sum_weighted_found,total_weighted_hashes,lineage
417000,0.0495073014365428,0.08208661417322835,0.0495073014365428,0.06408793943793425,1.4820143884892085,1.0,1.0885441269602874,/tmp/nxf.XXXX3xiiRQ/sourmash_database/gtdb-rs214-reps.k51.zip,"GCF_000012825.1 Bacteroides vulgatus ATCC 8482 strain=ATCC 8482, ASM1282v1",63b92dc09e7b5ffbd878d8e5fce5cfec,0.08208661417322835,417000,0,2925000,ERR481095.fastq.gz,ERR481095,f2c2a1b1,8423000,51,DNA,1000,8423,True,0.9427689692175721,0.9521628271089712,0.9474658981632716,0.9521628271089712,False,618,618,9643,d__Bacteria;p__Bacteroidota;c__Bacteroidia;o__Bacteroidales;f__Bacteroidaceae;g__Phocaeicola;s__Phocaeicola vulgatus
255000,0.030274249079900274,0.07044198895027624,0.030274249079900274,0.031006948045214144,1.1725490196078432,1.0,0.45334418875665644,/tmp/nxf.XXXX3xiiRQ/sourmash_database/gtdb-rs214-reps.k51.zip,"GCF_000265365.1 Alistipes finegoldii DSM 17242 strain=DSM 17242, ASM26536v1",32e9ec95ec567198d44d9d52c769243b,0.07044198895027624,255000,1,2670000,ERR481095.fastq.gz,ERR481095,f2c2a1b1,8423000,51,DNA,1000,8423,True,0.9337209970061197,0.9493108900812357,0.9415159435436777,0.9493108900812357,False,299,917,9643,d__Bacteria;p__Bacteroidota;c__Bacteroidia;o__Bacteroidales;f__Rikenellaceae;g__Alistipes;s__Alistipes finegoldii
246000,0.02920574617119791,0.05347010039284155,0.029087023625786537,0.032769884890594216,1.2897959183673469,1.0,1.1507308942597085,/tmp/nxf.XXXX3xiiRQ/sourmash_database/gtdb-rs214-reps.k51.zip,"GCA_025147485.1 Bacteroides uniformis strain=ATCC 8492, ASM2514748v1",177d80c9d0f18e5195e47e20bdf54706,0.053688345700567436,245000,2,2425000,ERR481095.fastq.gz,ERR481095,f2c2a1b1,8423000,51,DNA,1000,8423,True,0.9330633763144479,0.9442689011078739,0.9386661387111609,0.9442689011078739,False,316,1233,9643,d__Bacteria;p__Bacteroidota;c__Bacteroidia;o__Bacteroidales;f__Bacteroidaceae;g__Bacteroides;s__Bacteroides uniformis
245000,0.029087023625786537,0.05955143078112916,0.027424907990027305,0.031006948045214144,1.2943722943722944,1.0,0.8164506755173545,/tmp/nxf.XXXX3xiiRQ/sourmash_database/gtdb-rs214-reps.k51.zip,"GCA_025145285.1 Alistipes onderdonkii strain=DSM 19147, ASM2514528v1",2de6e539bf1bbcefae850f4a041e233c,0.0631606084042279,231000,3,2194000,ERR481095.fastq.gz,ERR481095,f2c2a1b1,8423000,51,DNA,1000,8423,True,0.9329888563347434,0.9472821183811546,0.940135487357949,0.9472821183811546,False,299,1532,9643,d__Bacteria;p__Bacteroidota;c__Bacteroidia;o__Bacteroidales;f__Rikenellaceae;g__Alistipes;s__Alistipes onderdonkii
203000,0.024100676718508844,0.0671740569159497,0.024100676718508844,0.02748107435445401,1.3054187192118227,1.0,0.7786056736998335,/tmp/nxf.XXXX3xiiRQ/sourmash_database/gtdb-rs214-reps.k51.zip,"GCF_010509575.1 Faecalibacterium prausnitzii A2-165 strain=JCM 31915, ASM1050957v1",5136f6c0a3924e615495681fbaf7095d,0.0671740569159497,203000,4,1991000,ERR481095.fastq.gz,ERR481095,f2c2a1b1,8423000,51,DNA,1000,8423,True,0.9295549825276243,0.9484270948834269,0.9389910387055256,0.9484270948834269,False,265,1797,9643,d__Bacteria;p__Bacillota_A;c__Clostridia;o__Oscillospirales;f__Ruminococcaceae;g__Faecalibacterium;s__Faecalibacterium duncaniae
184000,0.021844948355692746,0.05898033988670443,0.02101389053781313,0.022088561650938504,1.2033898305084745,1.0,0.46746078177260125,/tmp/nxf.XXXX3xiiRQ/sourmash_database/gtdb-rs214-reps.k51.zip,"GCF_003324185.1 Faecalibacterium prausnitzii strain=ATCC 27768, ASM332418v1",a294186b3cb8cdd319bb9d5fdcde1f5a,0.061312895701432855,177000,5,1814000,ERR481095.fastq.gz,ERR481095,f2c2a1b1,8423000,51,DNA,1000,8423,True,0.9277655781521538,0.9467308003716377,0.9372481892618958,0.9467308003716377,False,213,2010,9643,d__Bacteria;p__Bacillota_A;c__Clostridia;o__Oscillospirales;f__Ruminococcaceae;g__Faecalibacterium;s__Faecalibacterium prausnitzii
186000,0.022082393446515493,0.05514834205933682,0.018758162174997033,0.018355283625427772,1.120253164556962,1.0,0.3441664841600639,/tmp/nxf.XXXX3xiiRQ/sourmash_database/gtdb-rs214-reps.k51.zip,"GCF_003287455.1 Faecalibacterium prausnitzii strain=APC922/41-1, ASM328745v1",5119c8b56a74125fb9f68b12c2037b01,0.06492146596858639,158000,6,1656000,ERR481095.fastq.gz,ERR481095,f2c2a1b1,8423000,51,DNA,1000,8423,True,0.9279622655830926,0.9477929990629743,0.9378776323230334,0.9477929990629743,False,177,2187,9643,d__Bacteria;p__Bacillota_A;c__Clostridia;o__Oscillospirales;f__Ruminococcaceae;g__Faecalibacterium;s__Faecalibacterium hattorii
121000,0.014365427994776208,0.04411214953271028,0.014009260358542087,0.01451830343254174,1.1864406779661016,1.0,0.4684838969859408,/tmp/nxf.XXXX3xiiRQ/sourmash_database/gtdb-rs214-reps.k51.zip,"GCF_000765235.1 Oscillibacter sp. ER4 strain=ER4, ASM76523v1",b86d494b379656b1b7a7b4d8bf763e29,0.045233644859813085,118000,7,1538000,ERR481095.fastq.gz,ERR481095,f2c2a1b1,8423000,51,DNA,1000,8423,True,0.9201719525795345,0.9411015780461766,0.9306367653128556,0.9411015780461766,False,140,2327,9643,d__Bacteria;p__Bacillota_A;c__Clostridia;o__Oscillospirales;f__Oscillospiraceae;g__ER4;s__ER4 sp000765235
149000,0.01768965926629467,0.03995830437804031,0.013653092722307966,0.013273877424038162,1.1130434782608696,1.0,0.3430101377968004,/tmp/nxf.XXXX3xiiRQ/sourmash_database/gtdb-rs214-reps.k51.zip,"GCF_020687245.1 Faecalibacterium longum CLA-AA-H243 strain=CLA-AA-H243, ASM2068724v1",e1ff3e2f54ab82a776eb959bb6aa8673,0.051772063933287,115000,8,1423000,ERR481095.fastq.gz,ERR481095,f2c2a1b1,8423000,51,DNA,1000,8423,True,0.9239352958499438,0.9435962056695016,0.9337657507597228,0.9435962056695016,False,128,2455,9643,d__Bacteria;p__Bacillota_A;c__Clostridia;o__Oscillospirales;f__Ruminococcaceae;g__Faecalibacterium;s__Faecalibacterium longum
121000,0.014365427994776208,0.03476354525524585,0.013178202540662471,0.012340557917660479,1.072072072072072,1.0,0.32080169035612355,/tmp/nxf.XXXX3xiiRQ/sourmash_database/gtdb-rs214-reps.k51.zip,"GCF_900167555.1 Gemmiger formicilis strain=ATCC 27749, IMG-taxon 2590828806 annotated assembly",316f66857e7940a11e48de3faf3d397d,0.03789539617914187,111000,9,1312000,ERR481095.fastq.gz,ERR481095,f2c2a1b1,8423000,51,DNA,1000,8423,True,0.9201719525795345,0.9378408511182982,0.9290064018489164,0.9378408511182982,False,119,2574,9643,d__Bacteria;p__Bacillota_A;c__Clostridia;o__Oscillospirales;f__Ruminococcaceae;g__Gemmiger;s__Gemmiger formicilis
100000,0.011872254541137363,0.014347202295552367,0.010685029087023627,0.010785025407031006,1.1555555555555554,1.0,0.4924115512480075,/tmp/nxf.XXXX3xiiRQ/sourmash_database/gtdb-rs214-reps.k51.zip,"GCF_000011065.1 Bacteroides thetaiotaomicron VPI-5482 strain=VPI-5482, ASM1106v1",36e5cf9f0e4c0a0411f3300c5364f87f,0.015941335883947076,90000,10,1222000,ERR481095.fastq.gz,ERR481095,f2c2a1b1,8423000,51,DNA,1000,8423,True,0.9167390875266231,0.9220519412409657,0.9193955143837944,0.9220519412409657,False,104,2678,9643,d__Bacteria;p__Bacteroidota;c__Bacteroidia;o__Bacteroidales;f__Bacteroidaceae;g__Bacteroides;s__Bacteroides thetaiotaomicron
99000,0.011753531995725989,0.034357316087308,0.010091416359966758,0.010162812402779218,1.1529411764705881,1.0,0.4473683139254481,/tmp/nxf.XXXX3xiiRQ/sourmash_database/gtdb-rs214-reps.k51.zip,"GCA_900539945.1 uncultured Faecalibacterium sp., UMGS183",3bb5b6dd2b10e5252389d662c26718aa,0.04001616814874697,85000,11,1137000,ERR481095.fastq.gz,ERR481095,f2c2a1b1,8423000,51,DNA,1000,8423,True,0.9165584477630012,0.9388427414527132,0.9277005946078571,0.9388427414527132,False,98,2776,9643,d__Bacteria;p__Bacillota_A;c__Clostridia;o__Oscillospirales;f__Ruminococcaceae;g__Faecalibacterium;s__Faecalibacterium sp900539945
78000,0.009260358542087142,0.023965141612200435,0.009141635996675768,0.009748003733278025,1.2207792207792207,1.0,0.8622437752050819,/tmp/nxf.XXXX3xiiRQ/sourmash_database/gtdb-rs214-reps.k51.zip,"GCF_001404675.1 Coprococcus eutactus strain=2789STDY5834963, 14207_7#86",6309e330103cdd129eb9c6193ed4268b,0.02427637721755369,77000,12,1060000,ERR481095.fastq.gz,ERR481095,f2c2a1b1,8423000,51,DNA,1000,8423,True,0.9122837874199902,0.9296873865924639,0.920985587006227,0.9296873865924639,False,94,2870,9643,d__Bacteria;p__Bacillota_A;c__Clostridia;o__Lachnospirales;f__Lachnospiraceae;g__Coprococcus;s__Coprococcus eutactus_A
80000,0.00949780363290989,0.02894016425498631,0.008785468360441648,0.007881364720522659,1.027027027027027,1.0,0.16216216216216217,/tmp/nxf.XXXX3xiiRQ/sourmash_database/gtdb-rs214-reps.k51.zip,"GCF_018408575.1 Oscillibacter sp. MM50 strain=MM50, ASM1840857v1",e6e6d5e92963e67195839cba6e2f7cae,0.03128666405944466,74000,13,986000,ERR481095.fastq.gz,ERR481095,f2c2a1b1,8423000,51,DNA,1000,8423,True,0.9127367827083527,0.934323431287082,0.9235301069977173,0.934323431287082,False,76,2946,9643,d__Bacteria;p__Bacillota_A;c__Clostridia;o__Oscillospirales;f__Oscillospiraceae;g__Vescimonas;s__Vescimonas coprocola
99000,0.011753531995725989,0.0231023102310231,0.008310578178796154,0.008192471222648554,1.1285714285714286,1.0,0.3749829928116196,/tmp/nxf.XXXX3xiiRQ/sourmash_database/gtdb-rs214-reps.k51.zip,"GCF_023347255.1 Faecalibacterium sp. I4384 strain=I4384, ASM2334725v1",1ea2dc0eabe05329a021ee2c38093f28,0.032673267326732675,70000,14,916000,ERR481095.fastq.gz,ERR481095,f2c2a1b1,8423000,51,DNA,1000,8423,True,0.9165584477630012,0.9351182242169638,0.9258383359899824,0.9351182242169638,False,79,3025,9643,d__Bacteria;p__Bacillota_A;c__Clostridia;o__Oscillospirales;f__Ruminococcaceae;g__Faecalibacterium;s__Faecalibacterium prausnitzii_D
71000,0.008429300724207526,0.013524760715771952,0.007716965451739285,0.007051747381520273,1.0461538461538462,1.0,0.20981817995362856,/tmp/nxf.XXXX3xiiRQ/sourmash_database/gtdb-rs214-reps.k51.zip,"GCF_000012845.1 Parabacteroides distasonis ATCC 8503 strain=ATCC 8503, ASM1284v1",85c74583c59734abc0e8f1a3e909b79d,0.014773200166458594,65000,15,851000,ERR481095.fastq.gz,ERR481095,f2c2a1b1,8423000,51,DNA,1000,8423,True,0.9106033549222643,0.9206771077804582,0.9156402313513612,0.9206771077804582,False,68,3093,9643,d__Bacteria;p__Bacteroidota;c__Bacteroidia;o__Bacteroidales;f__Tannerellaceae;g__Parabacteroides;s__Parabacteroides distasonis
69000,0.00819185563338478,0.019968798751950078,0.007598242906327912,0.007466556051021467,1.125,1.0,0.5448623679425842,/tmp/nxf.XXXX3xiiRQ/sourmash_database/gtdb-rs214-reps.k51.zip,"GCA_000020605.1 [Eubacterium] rectale ATCC 33656 strain=ATCC 33656, ASM2060v1",bb4d1c2199066ffc1226ec8433ce5698,0.021528861154446178,64000,16,787000,ERR481095.fastq.gz,ERR481095,f2c2a1b1,8423000,51,DNA,1000,8423,True,0.9100933211686096,0.9275004700202079,0.9187968955944088,0.9275004700202079,False,72,3165,9643,d__Bacteria;p__Bacillota_A;c__Clostridia;o__Lachnospirales;f__Lachnospiraceae;g__Agathobacter;s__Agathobacter rectalis
68000,0.008073133087973406,0.024786986831913247,0.007598242906327912,0.007051747381520273,1.0625,1.0,0.24206145913796356,/tmp/nxf.XXXX3xiiRQ/sourmash_database/gtdb-rs214-reps.k51.zip,"GCA_004000625.1 Candidatus Cibiobacter qucibialis, ASM400062v1",442a7b6ad44794daf4265d6e6158d0b9,0.026336173508907823,64000,17,723000,ERR481095.fastq.gz,ERR481095,f2c2a1b1,8423000,51,DNA,1000,8423,True,0.909832843356298,0.9311731496189608,0.9205029964876295,0.9311731496189608,False,68,3233,9643,d__Bacteria;p__Bacillota_A;c__Clostridia;o__Oscillospirales;f__Ruminococcaceae;g__Gemmiger;s__Gemmiger qucibialis
63000,0.007479520360916538,0.032915360501567396,0.007479520360916538,0.006740640879394379,1.0317460317460319,1.0,0.1753231907490041,/tmp/nxf.XXXX3xiiRQ/sourmash_database/gtdb-rs214-reps.k51.zip,"GCA_000432375.1 Firmicutes bacterium CAG:103, MGS103",7de23347c943676e4ac723a87bf4d908,0.032915360501567396,63000,18,660000,ERR481095.fastq.gz,ERR481095,f2c2a1b1,8423000,51,DNA,1000,8423,True,0.9084713797885867,0.9352535915104219,0.9218624856495043,0.9352535915104219,False,65,3298,9643,d__Bacteria;p__Bacillota_A;c__Clostridia;o__Oscillospirales;f__Oscillospiraceae;g__CAG-103;s__CAG-103 sp000432375
93000,0.011041196723257747,0.01532101167315175,0.007479520360916538,0.012547962252411076,1.9206349206349207,1.0,1.828361980950086,/tmp/nxf.XXXX3xiiRQ/sourmash_database/gtdb-rs214-reps.k51.zip,"GCF_000154845.1 Bacteroides coprocola DSM 17136 strain=DSM 17136, ASM15484v1",6c4a84c6881f2933a9b05588fca9caee,0.022616731517509727,63000,19,597000,ERR481095.fastq.gz,ERR481095,f2c2a1b1,8423000,51,DNA,1000,8423,True,0.9154355369437107,0.9283974063032868,0.9219164716234988,0.9283974063032868,False,121,3419,9643,d__Bacteria;p__Bacteroidota;c__Bacteroidia;o__Bacteroidales;f__Bacteroidaceae;g__Phocaeicola;s__Phocaeicola coprocola
68000,0.008073133087973406,0.013821851689337429,0.007479520360916538,0.007051747381520273,1.0793650793650793,1.0,0.27030772009406995,/tmp/nxf.XXXX3xiiRQ/sourmash_database/gtdb-rs214-reps.k51.zip,"GCF_002222615.2 Bacteroides caccae strain=ATCC 43185, ASM222261v2",d7e7663bc3ede65000c2f57952616ae4,0.01491882404563405,63000,20,534000,ERR481095.fastq.gz,ERR481095,f2c2a1b1,8423000,51,DNA,1000,8423,True,0.909832843356298,0.9208542023327062,0.9153435228445022,0.9208542023327062,False,68,3487,9643,d__Bacteria;p__Bacteroidota;c__Bacteroidia;o__Bacteroidales;f__Bacteroidaceae;g__Bacteroides;s__Bacteroides caccae
67000,0.007954410542562032,0.014299802761341223,0.00688590763385967,0.007881364720522659,1.3103448275862069,1.0,1.3921813267714724,/tmp/nxf.XXXX3xiiRQ/sourmash_database/gtdb-rs214-reps.k51.zip,"GCF_000174195.1 Roseburia inulinivorans DSM 16841 strain=DSM 16841, ASM17419v1",e3692c21f5a57009b8f3ea43032066c2,0.016518737672583828,58000,21,476000,ERR481095.fastq.gz,ERR481095,f2c2a1b1,8423000,51,DNA,1000,8423,True,0.9095685826894849,0.9226954302653686,0.9161320064774268,0.9226954302653686,False,76,3563,9643,d__Bacteria;p__Bacillota_A;c__Clostridia;o__Lachnospirales;f__Lachnospiraceae;g__Roseburia;s__Roseburia inulinivorans
