intersect_bp,f_orig_query,f_match,f_unique_to_query,f_unique_weighted,average_abund,median_abund,std_abund,filename,name,md5,f_match_orig,unique_intersect_bp,gather_result_rank,remaining_bp,query_filename,query_name,query_md5,query_bp,ksize,moltype,scaled,query_n_hashes,query_abundance,query_containment_ani,match_containment_ani,average_containment_ani,max_containment_ani,potential_false_negative,n_unique_weighted_found,sum_weighted_found,total_weighted_hashes,lineage
638000,0.08048442033556201,0.1633384536610343,0.08048442033556201,0.13266828267760583,2.230407523510972,2.0,2.4460095113979734,/tmp/nxf.XXXXJjOMYx/sourmash_database/gtdb-rs214-reps.k51.zip,"GCF_002224675.1 Prevotella copri strain=Indica, ASM222467v1",100ed987d307a1e5f3e9b7b1c90b6227,0.1633384536610343,638000,0,3218000,ERR481069.fastq.gz,ERR481069,b9cf4b3b,7927000,51,DNA,1000,7927,True,0.9517948904444827,0.9650956576545269,0.9584452740495049,0.9650956576545269,False,1423,1423,10726,d__Bacteria;p__Bacteroidota;c__Bacteroidia;o__Bacteroidales;f__Bacteroidaceae;g__Prevotella;s__Prevotella copri_A
369000,0.04654976662041125,0.08031427324312528,0.04642361549135865,0.04139474174902107,1.2065217391304348,1.0,0.6348235543673408,/tmp/nxf.XXXXJjOMYx/sourmash_database/gtdb-rs214-reps.k51.zip,"GCA_025147485.1 Bacteroides uniformis strain=ATCC 8492, ASM2514748v1",177d80c9d0f18e5195e47e20bdf54706,0.08053251855085115,368000,1,2850000,ERR481069.fastq.gz,ERR481069,b9cf4b3b,7927000,51,DNA,1000,7927,True,0.9416309733529045,0.9518060401434315,0.946718506748168,0.9518060401434315,False,444,1867,10726,d__Bacteria;p__Bacteroidota;c__Bacteroidia;o__Bacteroidales;f__Bacteroidaceae;g__Bacteroides;s__Bacteroides uniformis
209000,0.02636558597199445,0.06545568430942687,0.02636558597199445,0.02424016408726459,1.244019138755981,1.0,0.5643093925700678,/tmp/nxf.XXXXJjOMYx/sourmash_database/gtdb-rs214-reps.k51.zip,"GCF_900167555.1 Gemmiger formicilis strain=ATCC 27749, IMG-taxon 2590828806 annotated assembly",316f66857e7940a11e48de3faf3d397d,0.06545568430942687,209000,2,2641000,ERR481069.fastq.gz,ERR481069,b9cf4b3b,7927000,51,DNA,1000,7927,True,0.93119352948581,0.9479453088986655,0.9395694191922377,0.9479453088986655,False,260,2127,10726,d__Bacteria;p__Bacillota_A;c__Clostridia;o__Oscillospirales;f__Ruminococcaceae;g__Gemmiger;s__Gemmiger formicilis
177000,0.022328749842311087,0.03484251968503937,0.022328749842311087,0.017900428864441546,1.0847457627118644,1.0,0.29809956967848406,/tmp/nxf.XXXXJjOMYx/sourmash_database/gtdb-rs214-reps.k51.zip,"GCF_000012825.1 Bacteroides vulgatus ATCC 8482 strain=ATCC 8482, ASM1282v1",63b92dc09e7b5ffbd878d8e5fce5cfec,0.03484251968503937,177000,3,2464000,ERR481069.fastq.gz,ERR481069,b9cf4b3b,7927000,51,DNA,1000,7927,True,0.9281641550762413,0.936297605735315,0.9322308804057782,0.936297605735315,False,192,2319,10726,d__Bacteria;p__Bacteroidota;c__Bacteroidia;o__Bacteroidales;f__Bacteroidaceae;g__Phocaeicola;s__Phocaeicola vulgatus
159000,0.0200580295193642,0.0675446049277825,0.0200580295193642,0.016595189259742682,1.119496855345912,1.0,0.37809153119972666,/tmp/nxf.XXXXJjOMYx/sourmash_database/gtdb-rs214-reps.k51.zip,"GCF_000196555.1 Bifidobacterium longum subsp. longum JCM 1217 strain=JCM 1217, ASM19655v1",4e5724ba16e37517faabf3d6eac4a812,0.0675446049277825,159000,4,2305000,ERR481069.fastq.gz,ERR481069,b9cf4b3b,7927000,51,DNA,1000,7927,True,0.9262144125304131,0.9485294018050241,0.9373719071677187,0.9485294018050241,False,178,2497,10726,d__Bacteria;p__Actinomycetota;c__Actinomycetia;o__Actinomycetales;f__Bifidobacteriaceae;g__Bifidobacterium;s__Bifidobacterium longum
161000,0.02031033177746941,0.05445026178010471,0.019679576132206382,0.016595189259742682,1.141025641025641,1.0,0.45921781252749533,/tmp/nxf.XXXXJjOMYx/sourmash_database/gtdb-rs214-reps.k51.zip,"GCF_003287455.1 Faecalibacterium prausnitzii strain=APC922/41-1, ASM328745v1",5119c8b56a74125fb9f68b12c2037b01,0.05619546247818499,156000,5,2149000,ERR481069.fastq.gz,ERR481069,b9cf4b3b,7927000,51,DNA,1000,7927,True,0.9264414566460492,0.9451143085863966,0.9357778826162229,0.9451143085863966,False,178,2675,10726,d__Bacteria;p__Bacillota_A;c__Clostridia;o__Oscillospirales;f__Ruminococcaceae;g__Faecalibacterium;s__Faecalibacterium hattorii
155000,0.01955342500315378,0.03823752848822487,0.019048820486943358,0.017061346261420845,1.2119205298013245,1.0,0.6047195346098819,/tmp/nxf.XXXXJjOMYx/sourmash_database/gtdb-rs214-reps.k51.zip,"GCA_025147325.1 Bacteroides stercoris ATCC 43183 strain=ATCC 43183, ASM2514732v1",457cfca025715f640ca0a2d4865521d7,0.0392504431501646,151000,6,1998000,ERR481069.fastq.gz,ERR481069,b9cf4b3b,7927000,51,DNA,1000,7927,True,0.9257518007251127,0.9384871376027556,0.9321194691639341,0.9384871376027556,False,183,2858,10726,d__Bacteria;p__Bacteroidota;c__Bacteroidia;o__Bacteroidales;f__Bacteroidaceae;g__Bacteroides;s__Bacteroides stercoris
390000,0.04919894033051596,0.0379746835443038,0.018165762583575124,0.028715271303374975,2.138888888888889,1.0,1.9170692008865131,/tmp/nxf.XXXXJjOMYx/sourmash_database/gtdb-rs214-reps.k51.zip,"GCA_021636625.1 Prevotella sp., ASM2163662v1",5b8d7f059236a55fa7ac2a7a79cdea2a,0.10284810126582279,144000,7,1854000,ERR481069.fastq.gz,ERR481069,b9cf4b3b,7927000,51,DNA,1000,7927,True,0.9426534764237053,0.9563817927372862,0.9495176345804958,0.9563817927372862,False,308,3166,10726,d__Bacteria;p__Bacteroidota;c__Bacteroidia;o__Bacteroidales;f__Bacteroidaceae;g__Prevotella;s__Prevotella sp021636625
145000,0.018291913712627728,0.02200185931205454,0.017913460325469914,0.014450867052023121,1.091549295774648,1.0,0.4094814580311726,/tmp/nxf.XXXXJjOMYx/sourmash_database/gtdb-rs214-reps.k51.zip,"GCF_001314995.1 Bacteroides ovatus strain=ATCC 8483, ASM131499v1",c28ea957513bf36bf9dc694cd077b880,0.022466687325689495,142000,8,1712000,ERR481069.fastq.gz,ERR481069,b9cf4b3b,7927000,51,DNA,1000,7927,True,0.9245420103339216,0.9282762434906056,0.9264091269122636,0.9282762434906056,False,155,3321,10726,d__Bacteria;p__Bacteroidota;c__Bacteroidia;o__Bacteroidales;f__Bacteroidaceae;g__Bacteroides;s__Bacteroides ovatus
127000,0.01602119338968084,0.03739245532759762,0.014255077582944368,0.011840387842625396,1.1238938053097345,1.0,0.37939736478276137,/tmp/nxf.XXXXJjOMYx/sourmash_database/gtdb-rs214-reps.k51.zip,"GCF_010509575.1 Faecalibacterium prausnitzii A2-165 strain=JCM 31915, ASM1050957v1",5136f6c0a3924e615495681fbaf7095d,0.042025148908007945,113000,9,1599000,ERR481069.fastq.gz,ERR481069,b9cf4b3b,7927000,51,DNA,1000,7927,True,0.9221422878773697,0.9397449173861192,0.9309436026317445,0.9397449173861192,False,127,3448,10726,d__Bacteria;p__Bacillota_A;c__Clostridia;o__Oscillospirales;f__Ruminococcaceae;g__Faecalibacterium;s__Faecalibacterium duncaniae
109000,0.013750473066733947,0.021788470267816613,0.012110508389050083,0.009323140033563304,1.0416666666666667,1.0,0.19982631347136331,/tmp/nxf.XXXXJjOMYx/sourmash_database/gtdb-rs214-reps.k51.zip,"GCF_000382445.1 Bacteroides massiliensis B84634 = Timone 84634 = DSM 17679 = JCM 13223 strain=DSM 17679, Bact_mass_DSM_17679_V1",61edb0d0d8fa658bb8f1cd38bd81ed44,0.024738992283250112,96000,10,1503000,ERR481069.fastq.gz,ERR481069,b9cf4b3b,7927000,51,DNA,1000,7927,True,0.9193829051869075,0.9300315601665233,0.9247072326767154,0.9300315601665233,False,100,3548,10726,d__Bacteria;p__Bacteroidota;c__Bacteroidia;o__Bacteroidales;f__Bacteroidaceae;g__Phocaeicola;s__Phocaeicola massiliensis
96000,0.012110508389050083,0.04515209125475285,0.011984357259997478,0.010348685437255268,1.168421052631579,1.0,0.4013826518934236,/tmp/nxf.XXXXJjOMYx/sourmash_database/gtdb-rs214-reps.k51.zip,"GCF_005844325.1 Collinsella aerofaciens strain=1001271st1_C3, ASM584432v1",352fd435b6067c35570b324f434b7ef5,0.045627376425855515,95000,11,1408000,ERR481069.fastq.gz,ERR481069,b9cf4b3b,7927000,51,DNA,1000,7927,True,0.9170963152598223,0.9412615185874547,0.9291789169236384,0.9412615185874547,False,111,3659,10726,d__Bacteria;p__Actinomycetota;c__Coriobacteriia;o__Coriobacteriales;f__Coriobacteriaceae;g__Collinsella;s__Collinsella aerofaciens_G
108000,0.013624321937681342,0.01498485573091025,0.011858206130944873,0.009323140033563304,1.0638297872340425,1.0,0.28466145021829053,/tmp/nxf.XXXXJjOMYx/sourmash_database/gtdb-rs214-reps.k51.zip,"GCF_000011065.1 Bacteroides thetaiotaomicron VPI-5482 strain=VPI-5482, ASM1106v1",36e5cf9f0e4c0a0411f3300c5364f87f,0.01721664275466284,94000,12,1314000,ERR481069.fastq.gz,ERR481069,b9cf4b3b,7927000,51,DNA,1000,7927,True,0.9192167704904308,0.9234444049003689,0.9213305876953999,0.9234444049003689,False,100,3759,10726,d__Bacteria;p__Bacteroidota;c__Bacteroidia;o__Bacteroidales;f__Bacteroidaceae;g__Bacteroides;s__Bacteroides thetaiotaomicron
95000,0.011984357259997478,0.031114084978253596,0.011732055001892268,0.010162222636584001,1.1720430107526882,1.0,0.5412779762861601,/tmp/nxf.XXXXJjOMYx/sourmash_database/gtdb-rs214-reps.k51.zip,"GCF_009680455.1 Lachnospira eligens strain=BIOML-A1, ASM968045v1",93a7d0e658bdfb8b86a54dc8bf8c1937,0.031783205085312814,93000,13,1221000,ERR481069.fastq.gz,ERR481069,b9cf4b3b,7927000,51,DNA,1000,7927,True,0.9169080367357026,0.9346119448841542,0.9257599908099284,0.9346119448841542,False,109,3868,10726,d__Bacteria;p__Bacillota_A;c__Clostridia;o__Lachnospirales;f__Lachnospiraceae;g__Lachnospira;s__Lachnospira eligens_A
112000,0.014128926453891763,0.03032322559146951,0.011479752743787057,0.009696065634905836,1.1428571428571428,1.0,0.4079277185334195,/tmp/nxf.XXXXJjOMYx/sourmash_database/gtdb-rs214-reps.k51.zip,"GCF_003324185.1 Faecalibacterium prausnitzii strain=ATCC 27768, ASM332418v1",a294186b3cb8cdd319bb9d5fdcde1f5a,0.03732089303565478,91000,14,1130000,ERR481069.fastq.gz,ERR481069,b9cf4b3b,7927000,51,DNA,1000,7927,True,0.9198724895195715,0.9375599762542601,0.9287162328869158,0.9375599762542601,False,104,3972,10726,d__Bacteria;p__Bacillota_A;c__Clostridia;o__Oscillospirales;f__Ruminococcaceae;g__Faecalibacterium;s__Faecalibacterium prausnitzii
250000,0.03153778226315126,0.021116138763197588,0.008830579033682352,0.016408726459071415,2.5142857142857142,1.0,3.156593358773515,/tmp/nxf.XXXXJjOMYx/sourmash_database/gtdb-rs214-reps.k51.zip,"GCA_900551985.1 uncultured Prevotella sp., UMGS1464",6b917d26dbbfbb42acc7965012c1518d,0.07541478129713423,70000,15,1060000,ERR481069.fastq.gz,ERR481069,b9cf4b3b,7927000,51,DNA,1000,7927,True,0.9344698993499531,0.9505814666522425,0.9425256830010977,0.9505814666522425,False,176,4148,10726,d__Bacteria;p__Bacteroidota;c__Bacteroidia;o__Bacteroidales;f__Bacteroidaceae;g__Prevotella;s__Prevotella sp900551985
65000,0.008199823388419326,0.02201151371486624,0.008199823388419326,0.006246503822487414,1.0307692307692307,1.0,0.1726918793895665,/tmp/nxf.XXXXJjOMYx/sourmash_database/gtdb-rs214-reps.k51.zip,"GCF_003315195.1 Sutterella wadsworthensis strain=DSM 14016, ASM331519v1",cb0d0c9ec62cc3c2574a90d6b7d9588b,0.02201151371486624,65000,16,995000,ERR481069.fastq.gz,ERR481069,b9cf4b3b,7927000,51,DNA,1000,7927,True,0.9101106696894653,0.9279037703732935,0.9190072200313795,0.9279037703732935,False,67,4215,10726,d__Bacteria;p__Pseudomonadota;c__Gammaproteobacteria;o__Burkholderiales;f__Burkholderiaceae_A;g__Sutterella;s__Sutterella wadsworthensis
233000,0.02939321306925697,0.027686532144533083,0.007442916614103697,0.012120082043632295,2.2033898305084745,2.0,2.778730724854878,/tmp/nxf.XXXXJjOMYx/sourmash_database/gtdb-rs214-reps.k51.zip,"GCA_900765465.1 uncultured Prevotella sp., SRS294916_12",c5296408cbec1e99af50c3a8736d5722,0.10933833880807133,59000,17,936000,ERR481069.fastq.gz,ERR481069,b9cf4b3b,7927000,51,DNA,1000,7927,True,0.9331804432845171,0.95753002608924,0.9453552346868785,0.95753002608924,False,130,4345,10726,d__Bacteria;p__Bacteroidota;c__Bacteroidia;o__Bacteroidales;f__Bacteroidaceae;g__Prevotella;s__Prevotella sp900765465
54000,0.006812160968840671,0.017888460189407224,0.006433707581682856,0.004941264217788551,1.0392156862745099,1.0,0.1941077438551307,/tmp/nxf.XXXXJjOMYx/sourmash_database/gtdb-rs214-reps.k51.zip,"GCA_003096535.1 Agathobaculum butyriciproducens strain=DSM 100391, ASM309653v1",f95593bb2ec2b82c10cb0d4ba8cefe38,0.018940722553490004,51000,18,885000,ERR481069.fastq.gz,ERR481069,b9cf4b3b,7927000,51,DNA,1000,7927,True,0.9068080988539099,0.9251740900010961,0.9159910944275029,0.9251740900010961,False,53,4398,10726,d__Bacteria;p__Bacillota_A;c__Clostridia;o__Oscillospirales;f__Butyricicoccaceae;g__Agathobaculum;s__Agathobaculum butyriciproducens
64000,0.008073672259366721,0.018538713195201745,0.006433707581682856,0.004848032817452918,1.0196078431372548,1.0,0.1386483884679505,/tmp/nxf.XXXXJjOMYx/sourmash_database/gtdb-rs214-reps.k51.zip,"GCF_003287495.1 Faecalibacterium prausnitzii strain=APC923/61-1, ASM328749v1",e6bface39e3d16e80204535c16bd0cef,0.023264267539076698,51000,19,834000,ERR481069.fastq.gz,ERR481069,b9cf4b3b,7927000,51,DNA,1000,7927,True,0.9098340347682325,0.9289114189915663,0.9193727268798995,0.9289114189915663,False,52,4450,10726,d__Bacteria;p__Bacillota_A;c__Clostridia;o__Oscillospirales;f__Ruminococcaceae;g__Faecalibacterium;s__Faecalibacterium prausnitzii_I
53000,0.006686009839788066,0.016823687752355317,0.006307556452630251,0.005034495618124185,1.08,1.0,0.5599999999999999,/tmp/nxf.XXXXJjOMYx/sourmash_database/gtdb-rs214-reps.k51.zip,"GCA_025150085.1 Dorea longicatena strain=DSM 13814, ASM2515008v1",77e56408450c979b22420d0739bfd623,0.017833109017496636,50000,20,784000,ERR481069.fastq.gz,ERR481069,b9cf4b3b,7927000,51,DNA,1000,7927,True,0.9064758033293121,0.9240816250921733,0.9152787142107427,0.9240816250921733,False,54,4504,10726,d__Bacteria;p__Bacillota_A;c__Clostridia;o__Lachnospirales;f__Lachnospiraceae;g__Dorea_A;s__Dorea_A longicatena
