intersect_bp,f_orig_query,f_match,f_unique_to_query,f_unique_weighted,average_abund,median_abund,std_abund,filename,name,md5,f_match_orig,unique_intersect_bp,gather_result_rank,remaining_bp,query_filename,query_name,query_md5,query_bp,ksize,moltype,scaled,query_n_hashes,query_abundance,query_containment_ani,match_containment_ani,average_containment_ani,max_containment_ani,potential_false_negative,n_unique_weighted_found,sum_weighted_found,total_weighted_hashes,lineage
602000,0.04840395593792715,0.16425648021828104,0.04840395593792715,0.07849120301240019,2.0083056478405314,1.0,2.7884903665818173,/tmp/nxf.XXXXF3YvFI/sourmash_database/gtdb-rs214-reps.k51.zip,"GCF_015074785.1 Prevotella copri strain=YF2, ASM1507478v1",7e930297e6a022bb1488dcb6fef424b2,0.16425648021828104,602000,0,4664000,ERR480905.fastq.gz,ERR480905,daf3d726,12437000,51,DNA,1000,12437,True,0.9423524199052389,0.9652017229361951,0.953777071420717,0.9652017229361951,False,1209,1209,15403,d__Bacteria;p__Bacteroidota;c__Bacteroidia;o__Bacteroidales;f__Bacteroidaceae;g__Prevotella;s__Prevotella sp015074785
419000,0.033689796574736676,0.2027092404450895,0.033689796574736676,0.03661624358891125,1.3460620525059666,1.0,0.7980001889966861,/tmp/nxf.XXXXF3YvFI/sourmash_database/gtdb-rs214-reps.k51.zip,"GCF_000010425.1 Bifidobacterium adolescentis ATCC 15703 strain=ATCC 15703, ASM1042v1",b0e4a396e8e45e93a40b880914038134,0.2027092404450895,419000,1,4245000,ERR480905.fastq.gz,ERR480905,daf3d726,12437000,51,DNA,1000,12437,True,0.9356801568018338,0.9691908050392759,0.9524354809205549,0.9691908050392759,False,564,1773,15403,d__Bacteria;p__Actinomycetota;c__Actinomycetia;o__Actinomycetales;f__Bifidobacteriaceae;g__Bifidobacterium;s__Bifidobacterium adolescentis
428000,0.03441344375653293,0.09344598054275474,0.029347913483959154,0.0350581055638512,1.4794520547945205,1.0,1.2617620755802141,/tmp/nxf.XXXXF3YvFI/sourmash_database/gtdb-rs214-reps.k51.zip,"GCF_002224675.1 Prevotella copri strain=Indica, ASM222467v1",100ed987d307a1e5f3e9b7b1c90b6227,0.10957501280081926,365000,2,3880000,ERR480905.fastq.gz,ERR480905,daf3d726,12437000,51,DNA,1000,12437,True,0.9360701465355294,0.9575706236447212,0.9468203850901253,0.9575706236447212,False,540,2313,15403,d__Bacteria;p__Bacteroidota;c__Bacteroidia;o__Bacteroidales;f__Bacteroidaceae;g__Prevotella;s__Prevotella copri_A
248000,0.019940500120607864,0.08748221906116643,0.019779689635764253,0.01973641498409401,1.2357723577235773,1.0,0.4869233226728145,/tmp/nxf.XXXXF3YvFI/sourmash_database/gtdb-rs214-reps.k51.zip,"GCA_900539625.1 uncultured Prevotella sp., UMGS156",024e7f90d7d6c01a9526f3a6821af502,0.08819345661450925,246000,3,3634000,ERR480905.fastq.gz,ERR480905,daf3d726,12437000,51,DNA,1000,12437,True,0.9261076914851564,0.9535034783044071,0.9398055848947817,0.9535034783044071,False,304,2617,15403,d__Bacteria;p__Bacteroidota;c__Bacteroidia;o__Bacteroidales;f__Bacteroidaceae;g__Alloprevotella;s__Alloprevotella sp900539625
567000,0.045589772453163944,0.0702685821361649,0.018091179544906327,0.02687788093228592,1.84,1.0,1.3203366574055608,/tmp/nxf.XXXXF3YvFI/sourmash_database/gtdb-rs214-reps.k51.zip,"GCA_025151535.1 Prevotella copri DSM 18205 strain=DSM 18205, ASM2515153v1",70d597ce0e2cee5b6ea444c78a111191,0.17707682698313554,225000,4,3409000,ERR480905.fastq.gz,ERR480905,daf3d726,12437000,51,DNA,1000,12437,True,0.9412463017685356,0.9666251112352483,0.953935706501892,0.9666251112352483,False,414,3031,15403,d__Bacteria;p__Bacteroidota;c__Bacteroidia;o__Bacteroidales;f__Bacteroidaceae;g__Prevotella;s__Prevotella copri
237000,0.019056042453967997,0.10521042084168336,0.01688510090857924,0.015841069921443875,1.161904761904762,1.0,0.5455239425378928,/tmp/nxf.XXXXF3YvFI/sourmash_database/gtdb-rs214-reps.k51.zip,"GCF_001025195.1 Bifidobacterium catenulatum DSM 16992 = JCM 1194 = LMG 11043 strain=JCM 1194, ASM102519v1",9b566e78d1f78d933a35825fd06d987a,0.1187374749498998,210000,5,3199000,ERR480905.fastq.gz,ERR480905,daf3d726,12437000,51,DNA,1000,12437,True,0.9252842104810719,0.9590796208633514,0.9421819156722117,0.9590796208633514,False,244,3275,15403,d__Bacteria;p__Actinomycetota;c__Actinomycetia;o__Actinomycetales;f__Bifidobacteriaceae;g__Bifidobacterium;s__Bifidobacterium catenulatum
177000,0.014231727908659645,0.055120576260569994,0.014151322666237838,0.012789716289034603,1.1193181818181819,1.0,0.38798956011770547,/tmp/nxf.XXXXF3YvFI/sourmash_database/gtdb-rs214-reps.k51.zip,"GCF_900167555.1 Gemmiger formicilis strain=ATCC 27749, IMG-taxon 2590828806 annotated assembly",316f66857e7940a11e48de3faf3d397d,0.0554337613529596,176000,6,3023000,ERR480905.fastq.gz,ERR480905,daf3d726,12437000,51,DNA,1000,12437,True,0.9200032580470779,0.9448614373193236,0.9324323476832008,0.9448614373193236,False,197,3472,15403,d__Bacteria;p__Bacillota_A;c__Clostridia;o__Oscillospirales;f__Ruminococcaceae;g__Gemmiger;s__Gemmiger formicilis
158000,0.012704028302645333,0.08512931034482758,0.012704028302645333,0.01181588002337207,1.1518987341772151,1.0,0.3926091751714133,/tmp/nxf.XXXXF3YvFI/sourmash_database/gtdb-rs214-reps.k51.zip,"GCA_000432435.1 Eubacterium sp. CAG:180, MGS180",6aaa52329b08c80e1697031516b7eac0,0.08512931034482758,158000,7,2865000,ERR480905.fastq.gz,ERR480905,daf3d726,12437000,51,DNA,1000,12437,True,0.9179570918795223,0.9528425860239902,0.9353998389517563,0.9528425860239902,False,182,3654,15403,d__Bacteria;p__Bacillota_A;c__Clostridia;o__Oscillospirales;f__Acutalibacteraceae;g__Fimenecus;s__Fimenecus sp000432435
158000,0.012704028302645333,0.058105107327905255,0.012623623060223526,0.01110173342855288,1.089171974522293,1.0,0.3065276284207889,/tmp/nxf.XXXXF3YvFI/sourmash_database/gtdb-rs214-reps.k51.zip,"GCF_023347535.1 Faecalibacterium sp. HTFF strain=HTFF, ASM2334753v1",b856be3bf596906f871150b46d2f180f,0.05847520355292376,157000,8,2708000,ERR480905.fastq.gz,ERR480905,daf3d726,12437000,51,DNA,1000,12437,True,0.9179570918795223,0.9458515401214002,0.9319043160004612,0.9458515401214002,False,171,3825,15403,d__Bacteria;p__Bacillota_A;c__Clostridia;o__Oscillospirales;f__Ruminococcaceae;g__Faecalibacterium;s__Faecalibacterium sp900539885
146000,0.011739165393583662,0.02874015748031496,0.011739165393583662,0.009933129909757839,1.047945205479452,1.0,0.21365032822578384,/tmp/nxf.XXXXF3YvFI/sourmash_database/gtdb-rs214-reps.k51.zip,"GCF_000012825.1 Bacteroides vulgatus ATCC 8482 strain=ATCC 8482, ASM1282v1",63b92dc09e7b5ffbd878d8e5fce5cfec,0.02874015748031496,146000,9,2562000,ERR480905.fastq.gz,ERR480905,daf3d726,12437000,51,DNA,1000,12437,True,0.9165364673417634,0.9327694140592749,0.9246529407005192,0.9327694140592749,False,153,3978,15403,d__Bacteria;p__Bacteroidota;c__Bacteroidia;o__Bacteroidales;f__Bacteroidaceae;g__Phocaeicola;s__Phocaeicola vulgatus
524000,0.042132347029026296,0.04011022657685242,0.010533086757256574,0.01778874245276894,2.0916030534351147,2.0,1.598904117445624,/tmp/nxf.XXXXF3YvFI/sourmash_database/gtdb-rs214-reps.k51.zip,"GCA_021619875.1 Prevotella copri, ASM2161987v1",6eb1dd46ddb0b79c6c16e3f2bdc00d11,0.16044090630740968,131000,10,2431000,ERR480905.fastq.gz,ERR480905,daf3d726,12437000,51,DNA,1000,12437,True,0.9397918608632873,0.9647570108746103,0.9522744358689488,0.9647570108746103,False,274,4252,15403,d__Bacteria;p__Bacteroidota;c__Bacteroidia;o__Bacteroidales;f__Bacteroidaceae;g__Prevotella;s__Prevotella copri_D
152000,0.012221596848114497,0.04211208292840946,0.010452681514834767,0.009478672985781991,1.123076923076923,1.0,0.39253387145147917,/tmp/nxf.XXXXF3YvFI/sourmash_database/gtdb-rs214-reps.k51.zip,"GCF_023347235.1 Faecalibacterium sp. I4179 strain=I4179, ASM2334723v1",907fa411823bfbb5be9253d5f9643455,0.049238743116294136,130000,11,2301000,ERR480905.fastq.gz,ERR480905,daf3d726,12437000,51,DNA,1000,12437,True,0.9172605276493886,0.9426684238852356,0.9299644757673121,0.9426684238852356,False,146,4398,15403,d__Bacteria;p__Bacillota_A;c__Clostridia;o__Oscillospirales;f__Ruminococcaceae;g__Faecalibacterium;s__Faecalibacterium prausnitzii_A
141000,0.011337139181474632,0.04169562195969423,0.009648629090616707,0.008504836720119457,1.0916666666666666,1.0,0.31611794563984424,/tmp/nxf.XXXXF3YvFI/sourmash_database/gtdb-rs214-reps.k51.zip,"GCF_020687245.1 Faecalibacterium longum CLA-AA-H243 strain=CLA-AA-H243, ASM2068724v1",e1ff3e2f54ab82a776eb959bb6aa8673,0.048992355802640726,120000,12,2181000,ERR480905.fastq.gz,ERR480905,daf3d726,12437000,51,DNA,1000,12437,True,0.915910440061618,0.9425757051131975,0.9292430725874078,0.9425757051131975,False,131,4529,15403,d__Bacteria;p__Bacillota_A;c__Clostridia;o__Oscillospirales;f__Ruminococcaceae;g__Faecalibacterium;s__Faecalibacterium longum
118000,0.009487818605773097,0.0391304347826087,0.00940741336335129,0.008245147049276116,1.0854700854700854,1.0,0.359787438971781,/tmp/nxf.XXXXF3YvFI/sourmash_database/gtdb-rs214-reps.k51.zip,"GCF_003479605.1 Roseburia sp. AF12-17LB strain=AF12-17LB, ASM347960v1",eff3b6e1f36602de5c0b298cebd0503e,0.03946488294314381,117000,13,2064000,ERR480905.fastq.gz,ERR480905,daf3d726,12437000,51,DNA,1000,12437,True,0.9127179581260751,0.9385874047128515,0.9256526814194633,0.9385874047128515,False,127,4656,15403,d__Bacteria;p__Bacillota_A;c__Clostridia;o__Lachnospirales;f__Lachnospiraceae;g__RUG115;s__RUG115 sp900066395
127000,0.01021146578756935,0.03474520185307743,0.00844255045428962,0.007206388365902746,1.0571428571428572,1.0,0.2321153829895989,/tmp/nxf.XXXXF3YvFI/sourmash_database/gtdb-rs214-reps.k51.zip,"GCF_010509575.1 Faecalibacterium prausnitzii A2-165 strain=JCM 31915, ASM1050957v1",5136f6c0a3924e615495681fbaf7095d,0.042025148908007945,105000,14,1959000,ERR480905.fastq.gz,ERR480905,daf3d726,12437000,51,DNA,1000,12437,True,0.9140343382044089,0.9397449173861192,0.9268896277952641,0.9397449173861192,False,111,4767,15403,d__Bacteria;p__Bacillota_A;c__Clostridia;o__Oscillospirales;f__Ruminococcaceae;g__Faecalibacterium;s__Faecalibacterium duncaniae
96000,0.0077189032724933665,0.035595105672969966,0.0077189032724933665,0.00642731935337272,1.03125,1.0,0.17399263633843817,/tmp/nxf.XXXXF3YvFI/sourmash_database/gtdb-rs214-reps.k51.zip,"GCF_900290115.1 Alistipes sp. Marseille-P5061 strain=Marseille-P5061, PRJEB23260",91ca2968b769e4e4e34c12792ef1505b,0.035595105672969966,96000,15,1863000,ERR480905.fastq.gz,ERR480905,daf3d726,12437000,51,DNA,1000,12437,True,0.9090327323755579,0.9366900090540067,0.9228613707147824,0.9366900090540067,False,99,4866,15403,d__Bacteria;p__Bacteroidota;c__Bacteroidia;o__Bacteroidales;f__Rikenellaceae;g__Alistipes;s__Alistipes excrementigallinarum
102000,0.008201334727024202,0.03993203058623619,0.007558092787649755,0.006687009024216062,1.0957446808510638,1.0,0.32841168171134333,/tmp/nxf.XXXXF3YvFI/sourmash_database/gtdb-rs214-reps.k51.zip,"GCF_000196555.1 Bifidobacterium longum subsp. longum JCM 1217 strain=JCM 1217, ASM19655v1",4e5724ba16e37517faabf3d6eac4a812,0.04333050127442651,94000,16,1769000,ERR480905.fastq.gz,ERR480905,daf3d726,12437000,51,DNA,1000,12437,True,0.9101139585243608,0.9403087230029347,0.9252113407636477,0.9403087230029347,False,103,4969,15403,d__Bacteria;p__Actinomycetota;c__Actinomycetia;o__Actinomycetales;f__Bifidobacteriaceae;g__Bifidobacterium;s__Bifidobacterium longum
92000,0.007397282302806143,0.03828547648772368,0.007397282302806143,0.006167629682529378,1.0326086956521738,1.0,0.17761015911269776,/tmp/nxf.XXXXF3YvFI/sourmash_database/gtdb-rs214-reps.k51.zip,"GCA_900554695.1 uncultured Prevotella sp., UMGS1741",0a0fb55560f6cb42326284cc3a7ab9b6,0.03828547648772368,92000,17,1677000,ERR480905.fastq.gz,ERR480905,daf3d726,12437000,51,DNA,1000,12437,True,0.9082744589554101,0.9380291919353931,0.9231518254454016,0.9380291919353931,False,95,5064,15403,d__Bacteria;p__Bacteroidota;c__Bacteroidia;o__Bacteroidales;f__Bacteroidaceae;g__Prevotella;s__Prevotella sp900554695
576000,0.0463134196349602,0.02618268372508182,0.007075661333118919,0.009803285074336168,1.7159090909090908,1.0,1.0219062360960034,/tmp/nxf.XXXXF3YvFI/sourmash_database/gtdb-rs214-reps.k51.zip,"GCF_009494135.1 Prevotella copri strain=iAK278, ASM949413v1",29c5ed357ad46138fbfbe389c1783ea0,0.17137756620053554,88000,18,1589000,ERR480905.fastq.gz,ERR480905,daf3d726,12437000,51,DNA,1000,12437,True,0.9415369953295233,0.9660052564980238,0.9537711259137736,0.9660052564980238,False,151,5215,15403,d__Bacteria;p__Bacteroidota;c__Bacteroidia;o__Bacteroidales;f__Bacteroidaceae;g__Prevotella;s__Prevotella copri_B
87000,0.006995256090697113,0.028392208649719378,0.006914850848275308,0.005972862429396871,1.069767441860465,1.0,0.2547546779093796,/tmp/nxf.XXXXF3YvFI/sourmash_database/gtdb-rs214-reps.k51.zip,"GCA_900544305.1 uncultured Porphyromonadaceae bacterium, UMGS659",2138421b09a4edc35ef865e400a063ad,0.02872235061076263,86000,19,1503000,ERR480905.fastq.gz,ERR480905,daf3d726,12437000,51,DNA,1000,12437,True,0.9072798119480762,0.9327580787208503,0.9200189453344632,0.9327580787208503,False,92,5307,15403,d__Bacteria;p__Bacteroidota;c__Bacteroidia;o__Bacteroidales;f__Muribaculaceae;g__Limisoma;s__Limisoma sp900544305
89000,0.007156066575540725,0.018880647336480108,0.0067540403634316955,0.005648250340842693,1.0357142857142858,1.0,0.18557687223952263,/tmp/nxf.XXXXF3YvFI/sourmash_database/gtdb-rs214-reps.k51.zip,"GCF_900537995.1 Roseburia intestinalis L1-82 strain=L1-82, Roseburia intestinalis strain L1-82",a0a31bbf8562bc7e5e4b2fd755c9aae9,0.02000449539222297,84000,20,1419000,ERR480905.fastq.gz,ERR480905,daf3d726,12437000,51,DNA,1000,12437,True,0.9076842331032717,0.9261658777976418,0.9169250554504568,0.9261658777976418,False,87,5394,15403,d__Bacteria;p__Bacillota_A;c__Clostridia;o__Lachnospirales;f__Lachnospiraceae;g__Roseburia;s__Roseburia intestinalis
72000,0.005789177454370025,0.030954428202923472,0.005789177454370025,0.004999026163734338,1.0694444444444444,1.0,0.25420840580171006,/tmp/nxf.XXXXF3YvFI/sourmash_database/gtdb-rs214-reps.k51.zip,"GCA_000431835.1 Succinatimonas sp. CAG:777, MGS777",73b6b0986dfc5768fdd18a4eff4927cc,0.030954428202923472,72000,21,1347000,ERR480905.fastq.gz,ERR480905,daf3d726,12437000,51,DNA,1000,12437,True,0.9039194729173258,0.934127869036611,0.9190236709769684,0.934127869036611,False,77,5471,15403,d__Bacteria;p__Pseudomonadota;c__Gammaproteobacteria;o__Enterobacterales_A;f__Succinivibrionaceae;g__Succinivibrio;s__Succinivibrio sp000431835
252000,0.02026212109029509,0.01819620253164557,0.005547961727104607,0.006102707264818542,1.3623188405797102,1.0,0.636362272466671,/tmp/nxf.XXXXF3YvFI/sourmash_database/gtdb-rs214-reps.k51.zip,"GCA_021636625.1 Prevotella sp., ASM2163662v1",5b8d7f059236a55fa7ac2a7a79cdea2a,0.06645569620253164,69000,22,1278000,ERR480905.fastq.gz,ERR480905,daf3d726,12437000,51,DNA,1000,12437,True,0.9263982868553196,0.9482271724241877,0.9373127296397537,0.9482271724241877,False,94,5565,15403,d__Bacteria;p__Bacteroidota;c__Bacteroidia;o__Bacteroidales;f__Bacteroidaceae;g__Prevotella;s__Prevotella sp021636625
67000,0.005387151242260996,0.026294820717131476,0.00530674599983919,0.004544569239758488,1.0606060606060606,1.0,0.23860629921247914,/tmp/nxf.XXXXF3YvFI/sourmash_database/gtdb-rs214-reps.k51.zip,"GCF_000154465.1 Alistipes putredinis DSM 17216 strain=DSM 17216, ASM15446v1",2f08d0845365d89ec7bf59fbef01de57,0.026693227091633465,66000,23,1212000,ERR480905.fastq.gz,ERR480905,daf3d726,12437000,51,DNA,1000,12437,True,0.9026447207042629,0.9314190565913186,0.9170318886477908,0.9314190565913186,False,70,5635,15403,d__Bacteria;p__Bacteroidota;c__Bacteroidia;o__Bacteroidales;f__Rikenellaceae;g__Alistipes;s__Alistipes putredinis
66000,0.00530674599983919,0.024399690162664602,0.005065530272573772,0.0040901123157826395,1.0,1.0,0.0,/tmp/nxf.XXXXF3YvFI/sourmash_database/gtdb-rs214-reps.k51.zip,"GCA_004000625.1 Candidatus Cibiobacter qucibialis, ASM400062v1",442a7b6ad44794daf4265d6e6158d0b9,0.025561580170410533,63000,24,1149000,ERR480905.fastq.gz,ERR480905,daf3d726,12437000,51,DNA,1000,12437,True,0.9023786058098747,0.9306282448460785,0.9165034253279767,0.9306282448460785,False,63,5698,15403,d__Bacteria;p__Bacillota_A;c__Clostridia;o__Oscillospirales;f__Ruminococcaceae;g__Gemmiger;s__Gemmiger qucibialis
568000,0.045670177695585755,0.018245004344048653,0.005065530272573772,0.00772576770758943,1.8888888888888888,1.0,2.078698548207745,/tmp/nxf.XXXXF3YvFI/sourmash_database/gtdb-rs214-reps.k51.zip,"GCA_021640525.1 Prevotella copri, ASM2164052v1",c47ee0b1170938c0ef683b96aac2dab7,0.1644946423399942,63000,25,1086000,ERR480905.fastq.gz,ERR480905,daf3d726,12437000,51,DNA,1000,12437,True,0.9412788235895995,0.9652291443346402,0.9532539839621199,0.9652291443346402,False,119,5817,15403,d__Bacteria;p__Bacteroidota;c__Bacteroidia;o__Bacteroidales;f__Bacteroidaceae;g__Prevotella;s__Prevotella copri_C
60000,0.004824314545308354,0.02902757619738752,0.004824314545308354,0.004219957151204311,1.0833333333333333,1.0,0.27638539919628335,/tmp/nxf.XXXXF3YvFI/sourmash_database/gtdb-rs214-reps.k51.zip,"GCA_900542635.1 uncultured Collinsella sp., UMGS481",5f77f107d8893fe55065a4446cd2a247,0.02902757619738752,60000,26,1026000,ERR480905.fastq.gz,ERR480905,daf3d726,12437000,51,DNA,1000,12437,True,0.9006937910615415,0.9329514301516733,0.9168226106066073,0.9329514301516733,False,65,5882,15403,d__Bacteria;p__Actinomycetota;c__Coriobacteriia;o__Coriobacteriales;f__Coriobacteriaceae;g__Collinsella;s__Collinsella sp900542635
72000,0.005789177454370025,0.01481115773882992,0.004824314545308354,0.004155034733493475,1.0666666666666667,1.0,0.24944382578492943,/tmp/nxf.XXXXF3YvFI/sourmash_database/gtdb-rs214-reps.k51.zip,"GCF_013304735.1 Blautia luti strain=MSK.16.34, ASM1330473v1",f94992f34c1453c8a3bbe507e60a272f,0.017773389286595904,60000,27,966000,ERR480905.fastq.gz,ERR480905,daf3d726,12437000,51,DNA,1000,12437,True,0.9039194729173258,0.9240208473089605,0.9139701601131431,0.9240208473089605,False,64,5946,15403,d__Bacteria;p__Bacillota_A;c__Clostridia;o__Lachnospirales;f__Lachnospiraceae;g__Blautia_A;s__Blautia_A sp900066205
65000,0.0052263407574173835,0.017784711388455537,0.004583098818042936,0.0038304226449392977,1.0350877192982457,1.0,0.1840015523105529,/tmp/nxf.XXXXF3YvFI/sourmash_database/gtdb-rs214-reps.k51.zip,"GCA_000020605.1 [Eubacterium] rectale ATCC 33656 strain=ATCC 33656, ASM2060v1",bb4d1c2199066ffc1226ec8433ce5698,0.0202808112324493,57000,28,909000,ERR480905.fastq.gz,ERR480905,daf3d726,12437000,51,DNA,1000,12437,True,0.9021085081969559,0.9264150347016503,0.9142617714493031,0.9264150347016503,False,59,6005,15403,d__Bacteria;p__Bacillota_A;c__Clostridia;o__Lachnospirales;f__Lachnospiraceae;g__Agathobacter;s__Agathobacter rectalis
121000,0.009729034333038514,0.016994335221592802,0.004100667363512101,0.003765500227228462,1.1372549019607843,1.0,0.5246701239317512,/tmp/nxf.XXXXF3YvFI/sourmash_database/gtdb-rs214-reps.k51.zip,"GCF_003324185.1 Faecalibacterium prausnitzii strain=ATCC 27768, ASM332418v1",a294186b3cb8cdd319bb9d5fdcde1f5a,0.04031989336887704,51000,29,858000,ERR480905.fastq.gz,ERR480905,daf3d726,12437000,51,DNA,1000,12437,True,0.9131673751088679,0.9389819472287921,0.92607466116883,0.9389819472287921,False,58,6063,15403,d__Bacteria;p__Bacillota_A;c__Clostridia;o__Oscillospirales;f__Ruminococcaceae;g__Faecalibacterium;s__Faecalibacterium prausnitzii
