intersect_bp,f_orig_query,f_match,f_unique_to_query,f_unique_weighted,average_abund,median_abund,std_abund,filename,name,md5,f_match_orig,unique_intersect_bp,gather_result_rank,remaining_bp,query_filename,query_name,query_md5,query_bp,ksize,moltype,scaled,query_n_hashes,query_abundance,query_containment_ani,match_containment_ani,average_containment_ani,max_containment_ani,potential_false_negative,n_unique_weighted_found,sum_weighted_found,total_weighted_hashes,lineage
2320000,0.13639035861258084,0.4228946409041196,0.13639035861258084,0.16350909548159948,1.6814655172413793,1.0,1.1179574619554957,/tmp/nxf.XXXX21WKAa/sourmash_database/gtdb-rs214-reps.k51.zip,"GCF_013009555.1 Bacteroides dorei strain=DSM 17855, ASM1300955v1",92c62d3d608447418f79f40c554d2f69,0.4228946409041196,2320000,0,8406000,ERR480756.fastq.gz,ERR480756,3e3b7ea8,17010000,51,DNA,1000,17010,True,0.9616897206080541,0.9832664463307035,0.9724780834693788,0.9832664463307035,False,3901,3901,23858,d__Bacteria;p__Bacteroidota;c__Bacteroidia;o__Bacteroidales;f__Bacteroidaceae;g__Phocaeicola;s__Phocaeicola dorei
1734000,0.1019400352733686,0.4628937533368927,0.1019400352733686,0.13358202699304217,1.8379469434832756,1.0,1.3743957655524108,/tmp/nxf.XXXX21WKAa/sourmash_database/gtdb-rs214-reps.k51.zip,"GCF_003473545.1 Clostridium sp. AM22-11AC strain=AM22-11AC, ASM347354v1",50efc7fa47c0997c24a73c521b04bdd3,0.4628937533368927,1734000,1,6672000,ERR480756.fastq.gz,ERR480756,3e3b7ea8,17010000,51,DNA,1000,17010,True,0.9562155017072103,0.9850103870274952,0.9706129443673528,0.9850103870274952,False,3187,7088,23858,d__Bacteria;p__Bacillota_A;c__Clostridia;o__Lachnospirales;f__Lachnospiraceae;g__Enterocloster;s__Enterocloster sp000431375
1032000,0.060670194003527335,0.224934036939314,0.06014109347442681,0.06287199262301953,1.466275659824047,1.0,1.000775120055803,/tmp/nxf.XXXX21WKAa/sourmash_database/gtdb-rs214-reps.k51.zip,"GCA_025148125.1 Blautia wexlerae DSM 19850 strain=DSM 19850, ASM2514812v1",7f2073ec6218c72ec98b02ac15cb9880,0.22691292875989447,1023000,2,5649000,ERR480756.fastq.gz,ERR480756,3e3b7ea8,17010000,51,DNA,1000,17010,True,0.9465352064761652,0.9713366799980295,0.9589359432370974,0.9713366799980295,False,1500,8588,23858,d__Bacteria;p__Bacillota_A;c__Clostridia;o__Lachnospirales;f__Lachnospiraceae;g__Blautia_A;s__Blautia_A wexlerae
804000,0.0472663139329806,0.23023052232273125,0.04638447971781305,0.043297845586386115,1.309252217997465,1.0,0.6834476631382974,/tmp/nxf.XXXX21WKAa/sourmash_database/gtdb-rs214-reps.k51.zip,"GCF_001517625.2 Clostridium sp. AT4 strain=AT5, Clostridium bouchedurhonense",cc83538e580742ca11ee9ed5266d8f53,0.23460752845053984,789000,3,4860000,ERR480756.fastq.gz,ERR480756,3e3b7ea8,17010000,51,DNA,1000,17010,True,0.9419130594160319,0.9719720210569964,0.9569425402365141,0.9719720210569964,False,1033,9621,23858,d__Bacteria;p__Bacillota_A;c__Clostridia;o__Lachnospirales;f__Lachnospiraceae;g__Enterocloster;s__Enterocloster sp001517625
669000,0.039329805996472664,0.3311881188118812,0.039329805996472664,0.05205800989186017,1.8565022421524664,2.0,1.4069144940232619,/tmp/nxf.XXXX21WKAa/sourmash_database/gtdb-rs214-reps.k51.zip,"GCF_010120595.1 Streptococcus thermophilus strain=ATCC 19258, ASM1012059v1",fe15cc94fe7d35e445b7ede4a1b368ee,0.3311881188118812,669000,4,4191000,ERR480756.fastq.gz,ERR480756,3e3b7ea8,17010000,51,DNA,1000,17010,True,0.9385243083015865,0.9785650507159546,0.9585446795087705,0.9785650507159546,False,1242,10863,23858,d__Bacteria;p__Bacillota;c__Bacilli;o__Lactobacillales;f__Streptococcaceae;g__Streptococcus;s__Streptococcus thermophilus
620000,0.036449147560258674,0.09590951348001239,0.03639035861258084,0.028921116606588984,1.1147011308562198,1.0,0.333523364621307,/tmp/nxf.XXXX21WKAa/sourmash_database/gtdb-rs214-reps.k51.zip,"GCF_001314995.1 Bacteroides ovatus strain=ATCC 8483, ASM131499v1",c28ea957513bf36bf9dc694cd077b880,0.09606445615122405,619000,5,3572000,ERR480756.fastq.gz,ERR480756,3e3b7ea8,17010000,51,DNA,1000,17010,True,0.9371255779261521,0.9551030888066522,0.9461143333664022,0.9551030888066522,False,690,11553,23858,d__Bacteria;p__Bacteroidota;c__Bacteroidia;o__Bacteroidales;f__Bacteroidaceae;g__Bacteroides;s__Bacteroides ovatus
458000,0.026925338036449146,0.09295717475137,0.026925338036449146,0.020370525609858327,1.0611353711790392,1.0,0.2736148506169527,/tmp/nxf.XXXX21WKAa/sourmash_database/gtdb-rs214-reps.k51.zip,"GCF_003697165.2 Escherichia coli DSM 30083 = JCM 1649 = ATCC 11775 strain=ATCC 11775, ASM369716v2",84efa859553c7c5d22f6f6377fa345fd,0.09295717475137,458000,6,3114000,ERR480756.fastq.gz,ERR480756,3e3b7ea8,17010000,51,DNA,1000,17010,True,0.9315771904787413,0.9544875176210319,0.9430323540498866,0.9544875176210319,False,486,12039,23858,d__Bacteria;p__Pseudomonadota;c__Gammaproteobacteria;o__Enterobacterales;f__Enterobacteriaceae;g__Escherichia;s__Escherichia coli
273000,0.016049382716049384,0.06563500533617929,0.014462081128747795,0.011526531980886915,1.1178861788617886,1.0,0.3803149145106198,/tmp/nxf.XXXX21WKAa/sourmash_database/gtdb-rs214-reps.k51.zip,"GCF_003435375.1 Clostridium sp. AM34-11AC strain=AM34-11AC, ASM343537v1",dbc6837b95ffa97bbc27800d0a9cc61b,0.07283884738527215,246000,7,2868000,ERR480756.fastq.gz,ERR480756,3e3b7ea8,17010000,51,DNA,1000,17010,True,0.9221740744198685,0.9499339151871076,0.936053994803488,0.9499339151871076,False,275,12314,23858,d__Bacteria;p__Bacillota_A;c__Clostridia;o__Lachnospirales;f__Lachnospiraceae;g__Copromonas;s__Copromonas sp900066535
226000,0.013286302175191065,0.11820083682008369,0.013286302175191065,0.014250984994551094,1.5044247787610618,1.0,0.8986114539814862,/tmp/nxf.XXXX21WKAa/sourmash_database/gtdb-rs214-reps.k51.zip,"GCF_000260715.1 Bifidobacterium animalis subsp. animalis ATCC 25527 strain=ATCC 25527, ASM26071v1",1e584714dab94f64dfcdba95ebeb6ae4,0.11820083682008369,226000,8,2642000,ERR480756.fastq.gz,ERR480756,3e3b7ea8,17010000,51,DNA,1000,17010,True,0.9187640689641559,0.9589944399728257,0.9388792544684907,0.9589944399728257,False,340,12654,23858,d__Bacteria;p__Actinomycetota;c__Actinomycetia;o__Actinomycetales;f__Bifidobacteriaceae;g__Bifidobacterium;s__Bifidobacterium animalis
349000,0.020517342739564962,0.04827968923418424,0.010229276895943563,0.008341017687987258,1.1436781609195403,1.0,0.451103665590584,/tmp/nxf.XXXX21WKAa/sourmash_database/gtdb-rs214-reps.k51.zip,"GCA_900755095.1 uncultured Bacteroides sp., ERS473029_19",157ba610ccdcf1ff58761725bd879825,0.09683684794672585,174000,9,2468000,ERR480756.fastq.gz,ERR480756,3e3b7ea8,17010000,51,DNA,1000,17010,True,0.9266256879390182,0.9552530742033404,0.9409393810711792,0.9552530742033404,False,199,12853,23858,d__Bacteria;p__Bacteroidota;c__Bacteroidia;o__Bacteroidales;f__Bacteroidaceae;g__Bacteroides;s__Bacteroides sp900755095
183000,0.010758377425044091,0.03850901012095779,0.009171075837742505,0.007041663173778187,1.0769230769230769,1.0,0.28952794334964654,/tmp/nxf.XXXX21WKAa/sourmash_database/gtdb-rs214-reps.k51.zip,"GCF_013304735.1 Blautia luti strain=MSK.16.34, ASM1330473v1",f94992f34c1453c8a3bbe507e60a272f,0.04517403110343125,156000,10,2312000,ERR480756.fastq.gz,ERR480756,3e3b7ea8,17010000,51,DNA,1000,17010,True,0.9149698838355784,0.9410772430124646,0.9280235634240215,0.9410772430124646,False,168,13021,23858,d__Bacteria;p__Bacillota_A;c__Clostridia;o__Lachnospirales;f__Lachnospiraceae;g__Blautia_A;s__Blautia_A sp900066205
245000,0.01440329218106996,0.046762589928057555,0.008406819517930628,0.006790175203286109,1.132867132867133,1.0,0.4616444040307414,/tmp/nxf.XXXX21WKAa/sourmash_database/gtdb-rs214-reps.k51.zip,"GCA_900541315.1 uncultured Clostridium sp., UMGS337",63826511efb45821f982543d6789e3bb,0.08011772400261609,143000,11,2169000,ERR480756.fastq.gz,ERR480756,3e3b7ea8,17010000,51,DNA,1000,17010,True,0.920219447630278,0.9517096707981646,0.9359645592142213,0.9517096707981646,False,162,13183,23858,d__Bacteria;p__Bacillota_A;c__Clostridia;o__Lachnospirales;f__Lachnospiraceae;g__Enterocloster;s__Enterocloster sp900541315
154000,0.00905349794238683,0.04007177033492823,0.0078777189888301,0.0058680526448151565,1.044776119402985,1.0,0.20681203672464207,/tmp/nxf.XXXX21WKAa/sourmash_database/gtdb-rs214-reps.k51.zip,"GCA_001312505.1 [Ruminococcus] faecis JCM 15917 strain=JCM 15917, ASM131250v1",74084a0ba33e0aad9e3ea50a89ace6e7,0.046052631578947366,134000,12,2035000,ERR480756.fastq.gz,ERR480756,3e3b7ea8,17010000,51,DNA,1000,17010,True,0.9118797607505822,0.9414327516722718,0.926656256211427,0.9414327516722718,False,140,13323,23858,d__Bacteria;p__Bacillota_A;c__Clostridia;o__Lachnospirales;f__Lachnospiraceae;g__Mediterraneibacter;s__Mediterraneibacter faecis
123000,0.007231040564373898,0.026625927542557836,0.0071722516166960616,0.005197418056836281,1.0163934426229508,1.0,0.12698306053139072,/tmp/nxf.XXXX21WKAa/sourmash_database/gtdb-rs214-reps.k51.zip,"GCA_025147485.1 Bacteroides uniformis strain=ATCC 8492, ASM2514748v1",177d80c9d0f18e5195e47e20bdf54706,0.026844172850283718,122000,13,1913000,ERR480756.fastq.gz,ERR480756,3e3b7ea8,17010000,51,DNA,1000,17010,True,0.9078697485427097,0.9315220462782187,0.9196958974104642,0.9315220462782187,False,124,13447,23858,d__Bacteria;p__Bacteroidota;c__Bacteroidia;o__Bacteroidales;f__Bacteroidaceae;g__Bacteroides;s__Bacteroides uniformis
122000,0.0071722516166960616,0.04153898535921008,0.0071722516166960616,0.006035711291809875,1.180327868852459,1.0,0.5869676652448577,/tmp/nxf.XXXX21WKAa/sourmash_database/gtdb-rs214-reps.k51.zip,"GCF_900106845.1 Romboutsia timonensis strain=Marseille-P326, PRJEB14233",d234ad6970f6218b0a838933dea2f71b,0.04153898535921008,122000,14,1791000,ERR480756.fastq.gz,ERR480756,3e3b7ea8,17010000,51,DNA,1000,17010,True,0.9077244420785817,0.9395305357216859,0.9236274889001338,0.9395305357216859,False,144,13591,23858,d__Bacteria;p__Bacillota_A;c__Clostridia;o__Peptostreptococcales;f__Peptostreptococcaceae;g__Romboutsia;s__Romboutsia timonensis
462000,0.027160493827160494,0.02961151860907362,0.006407995296884186,0.006203369938804594,1.3577981651376148,1.0,0.5829840317547617,/tmp/nxf.XXXX21WKAa/sourmash_database/gtdb-rs214-reps.k51.zip,"GCF_013300825.1 Blautia wexlerae strain=MSK.20.46, ASM1330082v1",f0cfb5d5e2d9fea502197382ec21bc76,0.12550937245313773,109000,15,1682000,ERR480756.fastq.gz,ERR480756,3e3b7ea8,17010000,51,DNA,1000,17010,True,0.9317360417122378,0.9601232432652351,0.9459296424887365,0.9601232432652351,False,148,13739,23858,d__Bacteria;p__Bacillota_A;c__Clostridia;o__Lachnospirales;f__Lachnospiraceae;g__Blautia_A;s__Blautia_A wexlerae_B
115000,0.006760728982951205,0.039317507418397624,0.006231628453850676,0.004652527454103445,1.0471698113207548,1.0,0.2120019344740022,/tmp/nxf.XXXX21WKAa/sourmash_database/gtdb-rs214-reps.k51.zip,"GCF_000332875.2 Anaerostipes hadrus DSM 3319 strain=DSM 3319, ASM33287v2",11a8e5e9f5fa6b11c020b08a3ba744de,0.04265578635014837,106000,16,1576000,ERR480756.fastq.gz,ERR480756,3e3b7ea8,17010000,51,DNA,1000,17010,True,0.9066733559241202,0.9400194129690115,0.9233463844465659,0.9400194129690115,False,111,13850,23858,d__Bacteria;p__Bacillota_A;c__Clostridia;o__Lachnospirales;f__Lachnospiraceae;g__Anaerostipes;s__Anaerostipes hadrus
102000,0.00599647266313933,0.03356189101407434,0.005467372134038801,0.004359124821862688,1.118279569892473,1.0,0.3546757527413042,/tmp/nxf.XXXX21WKAa/sourmash_database/gtdb-rs214-reps.k51.zip,"GCF_003024685.1 Faecalibacillus intestinalis strain=SNUG30099, ASM302468v1",4a3ada76144d96da9058de1efa570bf0,0.03680981595092025,93000,17,1483000,ERR480756.fastq.gz,ERR480756,3e3b7ea8,17010000,51,DNA,1000,17010,True,0.9045432362997095,0.9373065244969909,0.9209248803983502,0.9373065244969909,False,104,13954,23858,d__Bacteria;p__Bacillota;c__Bacilli;o__Erysipelotrichales;f__Coprobacillaceae;g__Faecalibacillus;s__Faecalibacillus intestinalis
116000,0.0068195179306290415,0.02844774273345702,0.005408583186360964,0.004275295498365328,1.108695652173913,1.0,0.4287626722460004,/tmp/nxf.XXXX21WKAa/sourmash_database/gtdb-rs214-reps.k51.zip,"GCF_003480315.1 Clostridium sp. AM33-3 strain=AM33-3, ASM348031v1",56cbdfd921f10b7afe2f0fc75404eaa1,0.035868893011750155,92000,18,1391000,ERR480756.fastq.gz,ERR480756,3e3b7ea8,17010000,51,DNA,1000,17010,True,0.9068272912412784,0.9368307487162929,0.9218290199787856,0.9368307487162929,False,102,14056,23858,d__Bacteria;p__Bacillota_A;c__Clostridia;o__Lachnospirales;f__Lachnospiraceae;g__Ventrimonas;s__Ventrimonas sp003480315
365000,0.021457965902410347,0.013136288998357963,0.005173427395649618,0.004484868807108727,1.2159090909090908,1.0,0.5528616388713701,/tmp/nxf.XXXX21WKAa/sourmash_database/gtdb-rs214-reps.k51.zip,"GCF_014334015.1 Bacteroides sp. M10 strain=M10, ASM1433401v1",e43d5d90afd8ffb683d480ea8b36d926,0.05448574414091655,88000,19,1303000,ERR480756.fastq.gz,ERR480756,3e3b7ea8,17010000,51,DNA,1000,17010,True,0.9274404851023857,0.9445419109346862,0.935991198018536,0.9445419109346862,False,107,14163,23858,d__Bacteria;p__Bacteroidota;c__Bacteroidia;o__Bacteroidales;f__Bacteroidaceae;g__Bacteroides;s__Bacteroides intestinigallinarum
86000,0.005055849500293945,0.0178942987931752,0.005055849500293945,0.0038142342191298515,1.058139534883721,1.0,0.3182309810093955,/tmp/nxf.XXXX21WKAa/sourmash_database/gtdb-rs214-reps.k51.zip,"GCF_000012845.1 Parabacteroides distasonis ATCC 8503 strain=ATCC 8503, ASM1284v1",85c74583c59734abc0e8f1a3e909b79d,0.0178942987931752,86000,20,1217000,ERR480756.fastq.gz,ERR480756,3e3b7ea8,17010000,51,DNA,1000,17010,True,0.9015220545682561,0.9241436923441152,0.9128328734561857,0.9241436923441152,False,91,14254,23858,d__Bacteria;p__Bacteroidota;c__Bacteroidia;o__Bacteroidales;f__Tannerellaceae;g__Parabacteroides;s__Parabacteroides distasonis
109000,0.006407995296884186,0.023878020713463753,0.004879482657260435,0.0036046609103864533,1.036144578313253,1.0,0.1866497998172249,/tmp/nxf.XXXX21WKAa/sourmash_database/gtdb-rs214-reps.k51.zip,"GCF_008121495.1 [Ruminococcus] gnavus ATCC 29149 strain=JCM6515, ASM812149v1",c0af2b4fd1a1fb3c5fc7e5a29e4fe5d1,0.03135788262370541,83000,21,1134000,ERR480756.fastq.gz,ERR480756,3e3b7ea8,17010000,51,DNA,1000,17010,True,0.9057212403436828,0.9343650872205955,0.9200431637821391,0.9343650872205955,False,86,14340,23858,d__Bacteria;p__Bacillota_A;c__Clostridia;o__Lachnospirales;f__Lachnospiraceae;g__Ruminococcus_B;s__Ruminococcus_B gnavus
115000,0.006760728982951205,0.01291248206599713,0.004761904761904762,0.004568698130606086,1.345679012345679,1.0,1.1017437786332398,/tmp/nxf.XXXX21WKAa/sourmash_database/gtdb-rs214-reps.k51.zip,"GCF_000011065.1 Bacteroides thetaiotaomicron VPI-5482 strain=VPI-5482, ASM1106v1",36e5cf9f0e4c0a0411f3300c5364f87f,0.018332536266539134,81000,22,1053000,ERR480756.fastq.gz,ERR480756,3e3b7ea8,17010000,51,DNA,1000,17010,True,0.9066733559241202,0.9245822257165591,0.9156277908203396,0.9245822257165591,False,109,14449,23858,d__Bacteria;p__Bacteroidota;c__Bacteroidia;o__Bacteroidales;f__Bacteroidaceae;g__Bacteroides;s__Bacteroides thetaiotaomicron
96000,0.005643738977072311,0.028368794326241134,0.004703115814226925,0.0035627462486377734,1.0625,1.0,0.24206145913796356,/tmp/nxf.XXXX21WKAa/sourmash_database/gtdb-rs214-reps.k51.zip,"GCF_024168045.1 Dorea longicatena strain=NB2A-3-NA, ASM2416804v1",5fba9226860b39ee4f11395602a350d1,0.03404255319148936,80000,23,973000,ERR480756.fastq.gz,ERR480756,3e3b7ea8,17010000,51,DNA,1000,17010,True,0.9034686282348076,0.9358712805012326,0.91966995436802,0.9358712805012326,False,85,14534,23858,d__Bacteria;p__Bacillota_A;c__Clostridia;o__Lachnospirales;f__Lachnospiraceae;g__Dorea_A;s__Dorea_A longicatena_B
84000,0.0049382716049382715,0.014725568942436412,0.004526748971193415,0.003227428954648336,1.0,1.0,0.0,/tmp/nxf.XXXX21WKAa/sourmash_database/gtdb-rs214-reps.k51.zip,"GCF_000025985.1 Bacteroides fragilis NCTC 9343, ASM2598v1",5ed7bd7e8a301425ed2ad891c3e399f5,0.01606425702811245,77000,24,896000,ERR480756.fastq.gz,ERR480756,3e3b7ea8,17010000,51,DNA,1000,17010,True,0.9011062041876508,0.9221908247766154,0.9116485144821331,0.9221908247766154,False,77,14611,23858,d__Bacteria;p__Bacteroidota;c__Bacteroidia;o__Bacteroidales;f__Bacteroidaceae;g__Bacteroides;s__Bacteroides fragilis
90000,0.005291005291005291,0.019521583722848502,0.004174015285126396,0.0030178556459049375,1.0140845070422535,1.0,0.11783944035691203,/tmp/nxf.XXXX21WKAa/sourmash_database/gtdb-rs214-reps.k51.zip,"GCF_015557635.1 Fusicatenibacter saccharivorans strain=D41t1_190614_C8, ASM1555763v1",d2fdc17cdae8aecf1aac02f627d3979a,0.02474566950783613,71000,25,825000,ERR480756.fastq.gz,ERR480756,3e3b7ea8,17010000,51,DNA,1000,17010,True,0.9023260468401526,0.9300364815140585,0.9161812641771055,0.9300364815140585,False,72,14683,23858,d__Bacteria;p__Bacillota_A;c__Clostridia;o__Lachnospirales;f__Lachnospiraceae;g__Fusicatenibacter;s__Fusicatenibacter saccharivorans
190000,0.011169900058788948,0.010005717552887363,0.00411522633744856,0.003353172939894375,1.1428571428571428,1.0,0.388613443106727,/tmp/nxf.XXXX21WKAa/sourmash_database/gtdb-rs214-reps.k51.zip,"GCA_900557355.1 uncultured Bacteroides sp., UMGS2042",26cd6f99620cbd40a9534fcb50c2c063,0.02715837621497999,70000,26,755000,ERR480756.fastq.gz,ERR480756,3e3b7ea8,17010000,51,DNA,1000,17010,True,0.9156435840077155,0.9317346172593748,0.9236891006335451,0.9317346172593748,False,80,14763,23858,d__Bacteria;p__Bacteroidota;c__Bacteroidia;o__Bacteroidales;f__Bacteroidaceae;g__Bacteroides;s__Bacteroides sp900557355
687000,0.04038800705467372,0.01358267716535433,0.004056437389770723,0.004359124821862688,1.5072463768115942,1.0,0.8274841984707361,/tmp/nxf.XXXX21WKAa/sourmash_database/gtdb-rs214-reps.k51.zip,"GCF_000012825.1 Bacteroides vulgatus ATCC 8482 strain=ATCC 8482, ASM1282v1",63b92dc09e7b5ffbd878d8e5fce5cfec,0.13523622047244094,69000,27,686000,ERR480756.fastq.gz,ERR480756,3e3b7ea8,17010000,51,DNA,1000,17010,True,0.9390130244861459,0.9615294895303045,0.9502712570082252,0.9615294895303045,False,104,14867,23858,d__Bacteria;p__Bacteroidota;c__Bacteroidia;o__Bacteroidales;f__Bacteroidaceae;g__Phocaeicola;s__Phocaeicola vulgatus
117000,0.0068783068783068784,0.017652003362286353,0.003703703703703704,0.0027663676754128594,1.0476190476190477,1.0,0.27766437594501436,/tmp/nxf.XXXX21WKAa/sourmash_database/gtdb-rs214-reps.k51.zip,"GCF_003478505.1 Clostridium sp. AF27-2AA strain=AF27-2AA, ASM347850v1",b10dd0b114052058cb5fbad68d74b337,0.0327822919585318,63000,28,623000,ERR480756.fastq.gz,ERR480756,3e3b7ea8,17010000,51,DNA,1000,17010,True,0.9069799310085787,0.9351793070282043,0.9210796190183914,0.9351793070282043,False,66,14933,23858,d__Bacteria;p__Bacillota_A;c__Clostridia;o__Lachnospirales;f__Lachnospiraceae;g__Ventrimonas;s__Ventrimonas sp003478505
79000,0.004644326866549088,0.0187207488299532,0.003527336860670194,0.002808282337161539,1.1166666666666667,1.0,0.36930866343600566,/tmp/nxf.XXXX21WKAa/sourmash_database/gtdb-rs214-reps.k51.zip,"GCA_000020605.1 [Eubacterium] rectale ATCC 33656 strain=ATCC 33656, ASM2060v1",bb4d1c2199066ffc1226ec8433ce5698,0.024648985959438378,60000,29,563000,ERR480756.fastq.gz,ERR480756,3e3b7ea8,17010000,51,DNA,1000,17010,True,0.9000225437933927,0.9299650949776105,0.9149938193855016,0.9299650949776105,False,67,15000,23858,d__Bacteria;p__Bacillota_A;c__Clostridia;o__Lachnospirales;f__Lachnospiraceae;g__Agathobacter;s__Agathobacter rectalis
50000,0.0029394473838918285,0.01353546291283162,0.0029394473838918285,0.002137647749182664,1.02,1.0,0.13999999999999999,/tmp/nxf.XXXX21WKAa/sourmash_database/gtdb-rs214-reps.k51.zip,"GCF_000577815.1 Clostridium saudiense strain=JCC, JCC",4599c592b29ff0cefbb3502c5085d033,0.01353546291283162,50000,30,513000,ERR480756.fastq.gz,ERR480756,3e3b7ea8,17010000,51,DNA,1000,17010,True,0.8919862315886089,0.9190988398476669,0.9055425357181379,0.9190988398476669,False,51,15051,23858,d__Bacteria;p__Bacillota_A;c__Clostridia;o__Clostridiales;f__Clostridiaceae;g__Clostridium;s__Clostridium saudiense
