intersect_bp,f_orig_query,f_match,f_unique_to_query,f_unique_weighted,average_abund,median_abund,std_abund,filename,name,md5,f_match_orig,unique_intersect_bp,gather_result_rank,remaining_bp,query_filename,query_name,query_md5,query_bp,ksize,moltype,scaled,query_n_hashes,query_abundance,query_containment_ani,match_containment_ani,average_containment_ani,max_containment_ani,potential_false_negative,n_unique_weighted_found,sum_weighted_found,total_weighted_hashes,lineage
588000,0.05363006202116016,0.15789473684210525,0.05363006202116016,0.04946153350099955,1.304421768707483,1.0,0.8065510930180259,/tmp/nxf.XXXXW0PYmG/sourmash_database/gtdb-rs214-reps.k51.zip,"GCF_001487165.1 Blautia massiliensis strain=GD9, Blautia massiliensis1",26a084514a434ed691fd39a9b849e9f4,0.15789473684210525,588000,0,4879000,ERR480698.fastq.gz,ERR480698,c1ed94ef,10964000,51,DNA,1000,10964,True,0.9442487905710124,0.9644544442981084,0.9543516174345604,0.9644544442981084,False,767,767,15507,d__Bacteria;p__Bacillota_A;c__Clostridia;o__Lachnospirales;f__Lachnospiraceae;g__Blautia_A;s__Blautia_A massiliensis
576000,0.05253557095950383,0.22072936660268713,0.05244436337103247,0.047526923324950024,1.2817391304347827,1.0,0.8731335480993931,/tmp/nxf.XXXXW0PYmG/sourmash_database/gtdb-rs214-reps.k51.zip,"GCF_000153925.1 [Ruminococcus] torques ATCC 27756 strain=ATCC 27756, ASM15392v1",4abf9d69f1e69e10e84c4f7510c75164,0.22111324376199615,575000,1,4304000,ERR480698.fastq.gz,ERR480698,c1ed94ef,10964000,51,DNA,1000,10964,True,0.9438671081841675,0.9708436825688976,0.9573553953765326,0.9708436825688976,False,737,1504,15507,d__Bacteria;p__Bacillota_A;c__Clostridia;o__Lachnospirales;f__Lachnospiraceae;g__Mediterraneibacter;s__Mediterraneibacter torques
562000,0.05125866472090478,0.2671102661596958,0.05125866472090478,0.0989230670019991,2.7295373665480427,2.0,2.2742914424782326,/tmp/nxf.XXXXW0PYmG/sourmash_database/gtdb-rs214-reps.k51.zip,"GCF_005844325.1 Collinsella aerofaciens strain=1001271st1_C3, ASM584432v1",352fd435b6067c35570b324f434b7ef5,0.2671102661596958,562000,2,3742000,ERR480698.fastq.gz,ERR480698,c1ed94ef,10964000,51,DNA,1000,10964,True,0.9434118334031197,0.9744479332406565,0.9589298833218881,0.9744479332406565,False,1534,3038,15507,d__Bacteria;p__Actinomycetota;c__Coriobacteriia;o__Coriobacteriales;f__Coriobacteriaceae;g__Collinsella;s__Collinsella aerofaciens_G
586000,0.05344764684421744,0.14850136239782016,0.049708135716891644,0.044238086025665826,1.2587155963302752,1.0,0.7148761372375055,/tmp/nxf.XXXXW0PYmG/sourmash_database/gtdb-rs214-reps.k51.zip,"GCA_025147765.1 Blautia obeum ATCC 29174 strain=ATCC 29174, ASM2514776v1",aa800a95b7aa246d998085e9b2fb3124,0.15967302452316076,545000,3,3197000,ERR480698.fastq.gz,ERR480698,c1ed94ef,10964000,51,DNA,1000,10964,True,0.9441857102247201,0.9646662605974704,0.9544259854110952,0.9646662605974704,False,686,3724,15507,d__Bacteria;p__Bacillota_A;c__Clostridia;o__Lachnospirales;f__Lachnospiraceae;g__Blautia_A;s__Blautia_A obeum
268000,0.024443633710324698,0.07849196538936959,0.023166727471725646,0.019217127748758625,1.1732283464566928,1.0,0.6941202803591948,/tmp/nxf.XXXXW0PYmG/sourmash_database/gtdb-rs214-reps.k51.zip,"GCA_025149785.1 Coprococcus comes ATCC 27758 strain=ATCC 27758, ASM2514978v1",3a055d916786f743b82f17b95fcc483f,0.08281829419035847,254000,4,2943000,ERR480698.fastq.gz,ERR480698,c1ed94ef,10964000,51,DNA,1000,10964,True,0.9298125574731088,0.9523285182496835,0.9410705378613962,0.9523285182496835,False,298,4022,15507,d__Bacteria;p__Bacillota_A;c__Clostridia;o__Lachnospirales;f__Lachnospiraceae;g__Bariatricus;s__Bariatricus comes
253000,0.02307551988325429,0.07905511811023622,0.022893104706311566,0.01805636164312891,1.1155378486055776,1.0,0.38729526086102756,/tmp/nxf.XXXXW0PYmG/sourmash_database/gtdb-rs214-reps.k51.zip,"GCF_001280875.1 Sellimonas intestinalis strain=BR72, ASM128087v1",bd7b21c08b7d787a76e4a76498e91d07,0.07968503937007874,251000,5,2692000,ERR480698.fastq.gz,ERR480698,c1ed94ef,10964000,51,DNA,1000,10964,True,0.9287630547067054,0.9516086223862934,0.9401858385464994,0.9516086223862934,False,280,4302,15507,d__Bacteria;p__Bacillota_A;c__Clostridia;o__Lachnospirales;f__Lachnospiraceae;g__Sellimonas;s__Sellimonas intestinalis
435000,0.039675300985041954,0.09591474245115453,0.019700839109813937,0.03940156058554201,2.8287037037037037,2.0,2.7222182854594865,/tmp/nxf.XXXXW0PYmG/sourmash_database/gtdb-rs214-reps.k51.zip,"GCF_023656745.1 Collinsella sp. BG-O-102 strain=BG-O-102, ASM2365674v1",beb1029ad9dfc00cbbb79651a1a5be6a,0.19316163410301954,216000,6,2476000,ERR480698.fastq.gz,ERR480698,c1ed94ef,10964000,51,DNA,1000,10964,True,0.9386852734818903,0.9682743970136576,0.953479835247774,0.9682743970136576,False,611,4913,15507,d__Bacteria;p__Actinomycetota;c__Coriobacteriia;o__Coriobacteriales;f__Coriobacteriaceae;g__Collinsella;s__Collinsella sp023656745
239000,0.021798613644655237,0.044415127528583995,0.018423932871214885,0.01438060230863481,1.103960396039604,1.0,0.4603960396039604,/tmp/nxf.XXXXW0PYmG/sourmash_database/gtdb-rs214-reps.k51.zip,"GCA_025148125.1 Blautia wexlerae DSM 19850 strain=DSM 19850, ASM2514812v1",7f2073ec6218c72ec98b02ac15cb9880,0.05255057167985928,202000,7,2274000,ERR480698.fastq.gz,ERR480698,c1ed94ef,10964000,51,DNA,1000,10964,True,0.927726952531783,0.9438723918890732,0.935799672210428,0.9438723918890732,False,223,5136,15507,d__Bacteria;p__Bacillota_A;c__Clostridia;o__Lachnospirales;f__Lachnospiraceae;g__Blautia_A;s__Blautia_A wexlerae
189000,0.017238234221087195,0.05921985815602837,0.015231667274717257,0.012961888179531825,1.2035928143712575,1.0,0.6047607747522203,/tmp/nxf.XXXXW0PYmG/sourmash_database/gtdb-rs214-reps.k51.zip,"GCF_024168045.1 Dorea longicatena strain=NB2A-3-NA, ASM2416804v1",5fba9226860b39ee4f11395602a350d1,0.06702127659574468,167000,8,2107000,ERR480698.fastq.gz,ERR480698,c1ed94ef,10964000,51,DNA,1000,10964,True,0.9234670987097555,0.9483847516258149,0.9359259251677852,0.9483847516258149,False,201,5337,15507,d__Bacteria;p__Bacillota_A;c__Clostridia;o__Lachnospirales;f__Lachnospiraceae;g__Dorea_A;s__Dorea_A longicatena_B
196000,0.01787668734038672,0.04273768968720966,0.012586647209047792,0.00967305088024763,1.0869565217391304,1.0,0.2817713347133852,/tmp/nxf.XXXXW0PYmG/sourmash_database/gtdb-rs214-reps.k51.zip,"GCA_025150245.1 Dorea formicigenerans strain=ATCC 27755, ASM2515024v1",7b7bf80b0639b07bda378c4de7e251f0,0.06069990709197894,138000,9,1969000,ERR480698.fastq.gz,ERR480698,c1ed94ef,10964000,51,DNA,1000,10964,True,0.9241258496908611,0.9465442937741063,0.9353350717324838,0.9465442937741063,False,150,5487,15507,d__Bacteria;p__Bacillota_A;c__Clostridia;o__Lachnospirales;f__Lachnospiraceae;g__Dorea;s__Dorea formicigenerans
130000,0.011856986501276907,0.047827819848545235,0.010944910616563297,0.008318823757012962,1.075,1.0,0.26339134382131846,/tmp/nxf.XXXXW0PYmG/sourmash_database/gtdb-rs214-reps.k51.zip,"GCF_900240315.1 Dorea phocaeensis strain=Marseille-P4003, PRJEB22820",2333ca9342c74ff2c7d4a74e0939a02f,0.05181347150259067,120000,10,1849000,ERR480698.fastq.gz,ERR480698,c1ed94ef,10964000,51,DNA,1000,10964,True,0.9167159562508401,0.9436109977770153,0.9301634770139278,0.9436109977770153,False,129,5616,15507,d__Bacteria;p__Bacillota_A;c__Clostridia;o__Lachnospirales;f__Lachnospiraceae;g__Dorea_B;s__Dorea_B phocaeensis
400000,0.036483035388544326,0.053784860557768925,0.009850419554906968,0.020248919842651706,2.9074074074074074,2.0,2.459061237007435,/tmp/nxf.XXXXW0PYmG/sourmash_database/gtdb-rs214-reps.k51.zip,"GCA_019419555.1 Collinsella sp., ASM1941955v1",0945ce02304aae365fa79687f9d85df2,0.199203187250996,108000,11,1741000,ERR480698.fastq.gz,ERR480698,c1ed94ef,10964000,51,DNA,1000,10964,True,0.9371426539252955,0.968859297887372,0.9530009759063338,0.968859297887372,False,314,5930,15507,d__Bacteria;p__Actinomycetota;c__Coriobacteriia;o__Coriobacteriales;f__Coriobacteriaceae;g__Collinsella;s__Collinsella sp019419555
103000,0.009394381612550164,0.026490066225165563,0.008026267785479753,0.006190752563358483,1.0909090909090908,1.0,0.32461038311558404,/tmp/nxf.XXXXW0PYmG/sourmash_database/gtdb-rs214-reps.k51.zip,"GCF_013304445.1 Blautia hansenii strain=MSK.15.26, ASM1330444v1",6863e91bf03a789759f0f329d888ab72,0.031005418422636967,88000,12,1653000,ERR480698.fastq.gz,ERR480698,c1ed94ef,10964000,51,DNA,1000,10964,True,0.9125408558764447,0.9341580164324963,0.9233494361544705,0.9341580164324963,False,96,6026,15507,d__Bacteria;p__Bacillota_A;c__Clostridia;o__Lachnospirales;f__Lachnospiraceae;g__Blautia;s__Blautia sp900541955
91000,0.008299890550893835,0.02186421173762946,0.006931776723823422,0.005287934481202038,1.0789473684210527,1.0,0.31469107218687886,/tmp/nxf.XXXXW0PYmG/sourmash_database/gtdb-rs214-reps.k51.zip,"GCF_008121495.1 [Ruminococcus] gnavus ATCC 29149 strain=JCM6515, ASM812149v1",c0af2b4fd1a1fb3c5fc7e5a29e4fe5d1,0.0261795166858458,76000,13,1577000,ERR480698.fastq.gz,ERR480698,c1ed94ef,10964000,51,DNA,1000,10964,True,0.9103271538705886,0.9310642249151898,0.9206956893928893,0.9310642249151898,False,82,6108,15507,d__Bacteria;p__Bacillota_A;c__Clostridia;o__Lachnospirales;f__Lachnospiraceae;g__Ruminococcus_B;s__Ruminococcus_B gnavus
380000,0.03465888361911711,0.0351123595505618,0.0068405691353520615,0.011930096085638744,2.466666666666667,2.0,2.041785710815141,/tmp/nxf.XXXXW0PYmG/sourmash_database/gtdb-rs214-reps.k51.zip,"GCA_008671135.1 Collinsella aerofaciens, ASM867113v1",e56a3f9efa6dccec3c6dce978da9e810,0.17790262172284643,75000,14,1502000,ERR480698.fastq.gz,ERR480698,c1ed94ef,10964000,51,DNA,1000,10964,True,0.9362005957028225,0.9667132988076774,0.95145694725525,0.9667132988076774,False,185,6293,15507,d__Bacteria;p__Actinomycetota;c__Coriobacteriia;o__Coriobacteriales;f__Coriobacteriaceae;g__Collinsella;s__Collinsella aerofaciens_J
64000,0.005837285662167092,0.024446142093200916,0.005837285662167092,0.0046430644225188625,1.125,1.0,0.375,/tmp/nxf.XXXXW0PYmG/sourmash_database/gtdb-rs214-reps.k51.zip,"GCA_900540595.1 uncultured Ruminococcaceae bacterium, UMGS262",fb276673410c3357d6562d9053bfcbc0,0.024446142093200916,64000,15,1438000,ERR480698.fastq.gz,ERR480698,c1ed94ef,10964000,51,DNA,1000,10964,True,0.9040661623527786,0.9298144282907034,0.9169402953217409,0.9298144282907034,False,72,6365,15507,d__Bacteria;p__Bacillota_A;c__Clostridia;o__Oscillospirales;f__Ruminococcaceae;g__Gemmiger;s__Gemmiger sp900540595
63000,0.005746078073695732,0.015361744301288404,0.0056548704852243704,0.0042561423873089576,1.064516129032258,1.0,0.24567010018915833,/tmp/nxf.XXXXW0PYmG/sourmash_database/gtdb-rs214-reps.k51.zip,"GCF_000949455.1 Ruthenibacterium lactatiformans strain=585-1, ASM94945v1",1562c71162861a5c6e3bb1e6d2a266f2,0.015609514370664023,62000,16,1376000,ERR480698.fastq.gz,ERR480698,c1ed94ef,10964000,51,DNA,1000,10964,True,0.9037870376732319,0.9216717210879193,0.9127293793805755,0.9216717210879193,False,66,6431,15507,d__Bacteria;p__Bacillota_A;c__Clostridia;o__Oscillospirales;f__Ruminococcaceae;g__Ruthenibacterium;s__Ruthenibacterium lactatiformans
71000,0.006475738781466618,0.024101145792177005,0.00556366289675301,0.019797510801573482,5.032786885245901,1.0,19.90548751517724,/tmp/nxf.XXXXW0PYmG/sourmash_database/gtdb-rs214-reps.k51.zip,"GCF_008831035.1 Ellagibacter isourolithinifaciens strain=DSM 104140, ASM883103v1",7dae47f094870b2bbdab5d3873dd0afe,0.02805215329909127,61000,17,1315000,ERR480698.fastq.gz,ERR480698,c1ed94ef,10964000,51,DNA,1000,10964,True,0.9059080197243207,0.9323263630408574,0.9191171913825891,0.9323263630408574,False,307,6738,15507,d__Bacteria;p__Actinomycetota;c__Coriobacteriia;o__Coriobacteriales;f__Eggerthellaceae;g__Ellagibacter;s__Ellagibacter isourolithinifaciens
351000,0.032013863553447645,0.02645273200346921,0.00556366289675301,0.009286128845037725,2.360655737704918,2.0,1.88203575587753,/tmp/nxf.XXXXW0PYmG/sourmash_database/gtdb-rs214-reps.k51.zip,"GCF_010509075.1 Collinsella aerofaciens ATCC 25986 strain=JCM 10188, ASM1050907v1",067e3cf8a5523091ad60178f8e612a03,0.15221162185602774,61000,18,1254000,ERR480698.fastq.gz,ERR480698,c1ed94ef,10964000,51,DNA,1000,10964,True,0.9347444682650946,0.9637614815806448,0.9492529749228698,0.9637614815806448,False,144,6882,15507,d__Bacteria;p__Actinomycetota;c__Coriobacteriia;o__Coriobacteriales;f__Coriobacteriaceae;g__Collinsella;s__Collinsella aerofaciens
66000,0.006019700839109814,0.013617793917385384,0.005472455308281649,0.003998194363835687,1.0333333333333334,1.0,0.1795054935711501,/tmp/nxf.XXXXW0PYmG/sourmash_database/gtdb-rs214-reps.k51.zip,"GCF_900142645.1 Eubacterium callanderi strain=FD, IMG-taxon 2642422560 annotated assembly",43aaa6d451370fc8d49febfddef9d2fb,0.014979573309123922,60000,19,1194000,ERR480698.fastq.gz,ERR480698,c1ed94ef,10964000,51,DNA,1000,10964,True,0.9046118096028044,0.9209275796283739,0.9127696946155892,0.9209275796283739,False,62,6944,15507,d__Bacteria;p__Bacillota_A;c__Clostridia;o__Eubacteriales;f__Eubacteriaceae;g__Eubacterium;s__Eubacterium callanderi
59000,0.005381247719810288,0.02920792079207921,0.005381247719810288,0.004062681369704005,1.0677966101694916,1.0,0.311606378150004,/tmp/nxf.XXXXW0PYmG/sourmash_database/gtdb-rs214-reps.k51.zip,"GCF_010120595.1 Streptococcus thermophilus strain=ATCC 19258, ASM1012059v1",fe15cc94fe7d35e445b7ede4a1b368ee,0.02920792079207921,59000,20,1135000,ERR480698.fastq.gz,ERR480698,c1ed94ef,10964000,51,DNA,1000,10964,True,0.9026253148787226,0.9330647385128412,0.9178450266957818,0.9330647385128412,False,63,7007,15507,d__Bacteria;p__Bacillota;c__Bacilli;o__Lactobacillales;f__Streptococcaceae;g__Streptococcus;s__Streptococcus thermophilus
252000,0.022984312294782927,0.027972027972027972,0.005107624954396206,0.004385116399045592,1.2142857142857142,1.0,0.5578749768504753,/tmp/nxf.XXXXW0PYmG/sourmash_database/gtdb-rs214-reps.k51.zip,"GCA_900751995.1 Lachnospiraceae bacterium, ERS235547_23",bade4874fabdb283efa57fef3722cef1,0.1258741258741259,56000,21,1079000,ERR480698.fastq.gz,ERR480698,c1ed94ef,10964000,51,DNA,1000,10964,True,0.9286909344808826,0.9601778771486987,0.9444344058147907,0.9601778771486987,False,68,7075,15507,d__Bacteria;p__Bacillota_A;c__Clostridia;o__Lachnospirales;f__Lachnospiraceae;g__Blautia_A;s__Blautia_A sp900751995
60000,0.005472455308281649,0.012105490704712495,0.005107624954396206,0.003869220352099052,1.0714285714285714,1.0,0.31943828249996997,/tmp/nxf.XXXXW0PYmG/sourmash_database/gtdb-rs214-reps.k51.zip,"GCF_012317185.1 [Clostridium] innocuum strain=ATCC 14501, ASM1231718v1",91693cab416177f5c43d8f522dba510f,0.01297016861219196,56000,22,1023000,ERR480698.fastq.gz,ERR480698,c1ed94ef,10964000,51,DNA,1000,10964,True,0.9029228252801238,0.9183303418881796,0.9106265835841517,0.9183303418881796,False,60,7135,15507,d__Bacteria;p__Bacillota;c__Bacilli;o__Erysipelotrichales;f__Erysipelotrichaceae;g__Clostridium_AQ;s__Clostridium_AQ innocuum
73000,0.00665815395840934,0.01522248243559719,0.0047427946005107625,0.003740246340362417,1.1153846153846154,1.0,0.3748767055695755,/tmp/nxf.XXXXW0PYmG/sourmash_database/gtdb-rs214-reps.k51.zip,"GCF_900209925.1 Anaerobutyricum hallii, EH1",84b0ba7d93d1acab2a2022439c432f48,0.021370023419203747,52000,23,971000,ERR480698.fastq.gz,ERR480698,c1ed94ef,10964000,51,DNA,1000,10964,True,0.9064015998224904,0.9273658058377074,0.9168837028300989,0.9273658058377074,False,58,7193,15507,d__Bacteria;p__Bacillota_A;c__Clostridia;o__Lachnospirales;f__Lachnospiraceae;g__Anaerobutyricum;s__Anaerobutyricum soehngenii
375000,0.0342028456767603,0.025075225677031094,0.004560379423568041,0.008447797768749597,2.62,2.0,2.2171152428324516,/tmp/nxf.XXXXW0PYmG/sourmash_database/gtdb-rs214-reps.k51.zip,"GCA_905215755.1 uncultured bacterium, SRR5519177-mag-bin.36",66c6c632010625c951eb8c2a39a6489a,0.18806419257773319,50000,24,921000,ERR480698.fastq.gz,ERR480698,c1ed94ef,10964000,51,DNA,1000,10964,True,0.9359574863090112,0.9677667752603634,0.9518621307846873,0.9677667752603634,False,131,7324,15507,d__Bacteria;p__Actinomycetota;c__Coriobacteriia;o__Coriobacteriales;f__Coriobacteriaceae;g__Collinsella;s__Collinsella sp905215755
