intersect_bp,f_orig_query,f_match,f_unique_to_query,f_unique_weighted,average_abund,median_abund,std_abund,filename,name,md5,f_match_orig,unique_intersect_bp,gather_result_rank,remaining_bp,query_filename,query_name,query_md5,query_bp,ksize,moltype,scaled,query_n_hashes,query_abundance,query_containment_ani,match_containment_ani,average_containment_ani,max_containment_ani,potential_false_negative,n_unique_weighted_found,sum_weighted_found,total_weighted_hashes,lineage
633000,0.07972292191435769,0.1620583717357911,0.07972292191435769,0.13132631186503868,2.225908372827804,1.0,2.5077116771557852,/tmp/nxf.XXXXveR3jN/sourmash_database/gtdb-rs214-reps.k51.zip,"GCF_002224675.1 Prevotella copri strain=Indica, ASM222467v1",100ed987d307a1e5f3e9b7b1c90b6227,0.1620583717357911,633000,0,3236000,ERR481070.fastq.gz,ERR481070,412333ce,7940000,51,DNA,1000,7940,True,0.9516174908695806,0.9649467821055346,0.9582821364875576,0.9649467821055346,False,1409,1409,10729,d__Bacteria;p__Bacteroidota;c__Bacteroidia;o__Bacteroidales;f__Bacteroidaceae;g__Prevotella;s__Prevotella copri_A
357000,0.044962216624685136,0.07769532955041467,0.044836272040302265,0.040544319135054525,1.2219101123595506,1.0,0.643614052130613,/tmp/nxf.XXXXveR3jN/sourmash_database/gtdb-rs214-reps.k51.zip,"GCA_025147485.1 Bacteroides uniformis strain=ATCC 8492, ASM2514748v1",177d80c9d0f18e5195e47e20bdf54706,0.07791357485814054,356000,1,2880000,ERR481070.fastq.gz,ERR481070,412333ce,7940000,51,DNA,1000,7940,True,0.9409905224576002,0.9511892297287536,0.9460898760931769,0.9511892297287536,False,435,1844,10729,d__Bacteria;p__Bacteroidota;c__Bacteroidia;o__Bacteroidales;f__Bacteroidaceae;g__Bacteroides;s__Bacteroides uniformis
196000,0.02468513853904282,0.06138427810836204,0.02468513853904282,0.02358094883027309,1.2908163265306123,1.0,0.6940838528848551,/tmp/nxf.XXXXveR3jN/sourmash_database/gtdb-rs214-reps.k51.zip,"GCF_900167555.1 Gemmiger formicilis strain=ATCC 27749, IMG-taxon 2590828806 annotated assembly",316f66857e7940a11e48de3faf3d397d,0.06138427810836204,196000,2,2684000,ERR481070.fastq.gz,ERR481070,412333ce,7940000,51,DNA,1000,7940,True,0.9299918204045264,0.9467524000834905,0.9383721102440085,0.9467524000834905,False,253,2097,10729,d__Bacteria;p__Bacillota_A;c__Clostridia;o__Oscillospirales;f__Ruminococcaceae;g__Gemmiger;s__Gemmiger formicilis
196000,0.02468513853904282,0.038385826771653545,0.02455919395465995,0.019479914251095163,1.0717948717948718,1.0,0.27730268378657996,/tmp/nxf.XXXXveR3jN/sourmash_database/gtdb-rs214-reps.k51.zip,"GCF_000012825.1 Bacteroides vulgatus ATCC 8482 strain=ATCC 8482, ASM1282v1",63b92dc09e7b5ffbd878d8e5fce5cfec,0.03858267716535433,195000,3,2489000,ERR481070.fastq.gz,ERR481070,412333ce,7940000,51,DNA,1000,7940,True,0.9299918204045264,0.9381714295984702,0.9340816250014983,0.9381714295984702,False,209,2306,10729,d__Bacteria;p__Bacteroidota;c__Bacteroidia;o__Bacteroidales;f__Bacteroidaceae;g__Phocaeicola;s__Phocaeicola vulgatus
424000,0.05340050377833753,0.04562236286919831,0.021788413098236776,0.03234224997669867,2.005780346820809,1.0,1.8167401086211292,/tmp/nxf.XXXXveR3jN/sourmash_database/gtdb-rs214-reps.k51.zip,"GCA_021636625.1 Prevotella sp., ASM2163662v1",5b8d7f059236a55fa7ac2a7a79cdea2a,0.11181434599156118,173000,4,2316000,ERR481070.fastq.gz,ERR481070,412333ce,7940000,51,DNA,1000,7940,True,0.9441693735249777,0.9579505448727977,0.9510599591988877,0.9579505448727977,False,347,2653,10729,d__Bacteria;p__Bacteroidota;c__Bacteroidia;o__Bacteroidales;f__Bacteroidaceae;g__Prevotella;s__Prevotella sp021636625
180000,0.022670025188916875,0.04330210179792352,0.021536523929471033,0.017988628949575917,1.128654970760234,1.0,0.4786041512423421,/tmp/nxf.XXXXveR3jN/sourmash_database/gtdb-rs214-reps.k51.zip,"GCA_025147325.1 Bacteroides stercoris ATCC 43183 strain=ATCC 43183, ASM2514732v1",457cfca025715f640ca0a2d4865521d7,0.04558115978728792,171000,5,2145000,ERR481070.fastq.gz,ERR481070,412333ce,7940000,51,DNA,1000,7940,True,0.9284402521155585,0.9412428148363359,0.9348415334759472,0.9412428148363359,False,193,2846,10729,d__Bacteria;p__Bacteroidota;c__Bacteroidia;o__Bacteroidales;f__Bacteroidaceae;g__Bacteroides;s__Bacteroides stercoris
155000,0.01952141057934509,0.023396343352959405,0.019017632241813603,0.01556529033460714,1.1059602649006623,1.0,0.36669849536177823,/tmp/nxf.XXXXveR3jN/sourmash_database/gtdb-rs214-reps.k51.zip,"GCF_001314995.1 Bacteroides ovatus strain=ATCC 8483, ASM131499v1",c28ea957513bf36bf9dc694cd077b880,0.024016114037806013,151000,6,1994000,ERR481070.fastq.gz,ERR481070,412333ce,7940000,51,DNA,1000,7940,True,0.9257220569536232,0.9294909202356247,0.927606488594624,0.9294909202356247,False,167,3013,10729,d__Bacteria;p__Bacteroidota;c__Bacteroidia;o__Bacteroidales;f__Bacteroidaceae;g__Bacteroides;s__Bacteroides ovatus
142000,0.017884130982367758,0.06032285471537808,0.017884130982367758,0.01435362102712275,1.0845070422535212,1.0,0.2781467275793169,/tmp/nxf.XXXXveR3jN/sourmash_database/gtdb-rs214-reps.k51.zip,"GCF_000196555.1 Bifidobacterium longum subsp. longum JCM 1217 strain=JCM 1217, ASM19655v1",4e5724ba16e37517faabf3d6eac4a812,0.06032285471537808,142000,7,1852000,ERR481070.fastq.gz,ERR481070,412333ce,7940000,51,DNA,1000,7940,True,0.9241333931535252,0.9464286531947228,0.935281023174124,0.9464286531947228,False,154,3167,10729,d__Bacteria;p__Actinomycetota;c__Actinomycetia;o__Actinomycetales;f__Bifidobacteriaceae;g__Bifidobacterium;s__Bifidobacterium longum
144000,0.0181360201511335,0.049214659685863874,0.017758186397984887,0.015658495665952094,1.1914893617021276,1.0,0.4599551877188925,/tmp/nxf.XXXXveR3jN/sourmash_database/gtdb-rs214-reps.k51.zip,"GCF_003287455.1 Faecalibacterium prausnitzii strain=APC922/41-1, ASM328745v1",5119c8b56a74125fb9f68b12c2037b01,0.050261780104712044,141000,8,1711000,ERR481070.fastq.gz,ERR481070,412333ce,7940000,51,DNA,1000,7940,True,0.9243868622851501,0.9430486024408762,0.9337177323630131,0.9430486024408762,False,168,3335,10729,d__Bacteria;p__Bacillota_A;c__Clostridia;o__Oscillospirales;f__Ruminococcaceae;g__Faecalibacterium;s__Faecalibacterium hattorii
151000,0.019017632241813603,0.030186109850204267,0.016750629722921913,0.012769130394258551,1.0300751879699248,1.0,0.17079423596391802,/tmp/nxf.XXXXveR3jN/sourmash_database/gtdb-rs214-reps.k51.zip,"GCF_000382445.1 Bacteroides massiliensis B84634 = Timone 84634 = DSM 17679 = JCM 13223 strain=DSM 17679, Bact_mass_DSM_17679_V1",61edb0d0d8fa658bb8f1cd38bd81ed44,0.034271448025419884,133000,9,1578000,ERR481070.fastq.gz,ERR481070,412333ce,7940000,51,DNA,1000,7940,True,0.925247604804492,0.9359942599000446,0.9306209323522683,0.9359942599000446,False,137,3472,10729,d__Bacteria;p__Bacteroidota;c__Bacteroidia;o__Bacteroidales;f__Bacteroidaceae;g__Phocaeicola;s__Phocaeicola massiliensis
125000,0.015743073047858942,0.03739245532759762,0.014231738035264483,0.013235157050983316,1.2566371681415929,1.0,0.634951897863791,/tmp/nxf.XXXXveR3jN/sourmash_database/gtdb-rs214-reps.k51.zip,"GCF_010509575.1 Faecalibacterium prausnitzii A2-165 strain=JCM 31915, ASM1050957v1",5136f6c0a3924e615495681fbaf7095d,0.0413633355393779,113000,10,1465000,ERR481070.fastq.gz,ERR481070,412333ce,7940000,51,DNA,1000,7940,True,0.9218257044177819,0.9394524746792854,0.9306390895485337,0.9394524746792854,False,142,3614,10729,d__Bacteria;p__Bacillota_A;c__Clostridia;o__Oscillospirales;f__Ruminococcaceae;g__Faecalibacterium;s__Faecalibacterium duncaniae
117000,0.01473551637279597,0.03365544818393869,0.012720403022670025,0.010625407773324633,1.1287128712871286,1.0,0.38955080342388126,/tmp/nxf.XXXXveR3jN/sourmash_database/gtdb-rs214-reps.k51.zip,"GCF_003324185.1 Faecalibacterium prausnitzii strain=ATCC 27768, ASM332418v1",a294186b3cb8cdd319bb9d5fdcde1f5a,0.03898700433188937,101000,11,1364000,ERR481070.fastq.gz,ERR481070,412333ce,7940000,51,DNA,1000,7940,True,0.9206310014220137,0.9383632219385738,0.9294971116802937,0.9383632219385738,False,114,3728,10729,d__Bacteria;p__Bacillota_A;c__Clostridia;o__Oscillospirales;f__Ruminococcaceae;g__Faecalibacterium;s__Faecalibacterium prausnitzii
263000,0.03312342569269521,0.028054298642533938,0.011712846347607053,0.017709012955541056,2.043010752688172,1.0,2.2139051202806344,/tmp/nxf.XXXXveR3jN/sourmash_database/gtdb-rs214-reps.k51.zip,"GCA_900551985.1 uncultured Prevotella sp., UMGS1464",6b917d26dbbfbb42acc7965012c1518d,0.07933634992458521,93000,12,1271000,ERR481070.fastq.gz,ERR481070,412333ce,7940000,51,DNA,1000,7940,True,0.9353691542472933,0.9515267978655247,0.943447976056409,0.9515267978655247,False,190,3918,10729,d__Bacteria;p__Bacteroidota;c__Bacteroidia;o__Bacteroidales;f__Bacteroidaceae;g__Prevotella;s__Prevotella sp900551985
96000,0.012090680100755667,0.031114084978253596,0.011712846347607053,0.010066175785254917,1.1612903225806452,1.0,0.5734318978913283,/tmp/nxf.XXXXveR3jN/sourmash_database/gtdb-rs214-reps.k51.zip,"GCF_009680455.1 Lachnospira eligens strain=BIOML-A1, ASM968045v1",93a7d0e658bdfb8b86a54dc8bf8c1937,0.03211776513884242,93000,13,1178000,ERR481070.fastq.gz,ERR481070,412333ce,7940000,51,DNA,1000,7940,True,0.9170668495831544,0.9348038587408959,0.9259353541620252,0.9348038587408959,False,108,4026,10729,d__Bacteria;p__Bacillota_A;c__Clostridia;o__Lachnospirales;f__Lachnospiraceae;g__Lachnospira;s__Lachnospira eligens_A
102000,0.012846347607052897,0.014506615654391838,0.01146095717884131,0.008854506477770528,1.043956043956044,1.0,0.25298603149937005,/tmp/nxf.XXXXveR3jN/sourmash_database/gtdb-rs214-reps.k51.zip,"GCF_000011065.1 Bacteroides thetaiotaomicron VPI-5482 strain=VPI-5482, ASM1106v1",36e5cf9f0e4c0a0411f3300c5364f87f,0.016260162601626018,91000,14,1087000,ERR481070.fastq.gz,ERR481070,412333ce,7940000,51,DNA,1000,7940,True,0.9181576317108544,0.9224100313639713,0.9202838315374129,0.9224100313639713,False,95,4121,10729,d__Bacteria;p__Bacteroidota;c__Bacteroidia;o__Bacteroidales;f__Bacteroidaceae;g__Bacteroides;s__Bacteroides thetaiotaomicron
75000,0.009445843828715366,0.03475440222428174,0.009445843828715366,0.00857489048373567,1.2266666666666666,1.0,0.5052612085732378,/tmp/nxf.XXXXveR3jN/sourmash_database/gtdb-rs214-reps.k51.zip,"GCA_900541235.1 uncultured Collinsella sp., UMGS323",6a3d0fefdded6bcc6af39043641ec0e3,0.03475440222428174,75000,15,1012000,ERR481070.fastq.gz,ERR481070,412333ce,7940000,51,DNA,1000,7940,True,0.9126386108510842,0.9362511183495367,0.9244448646003105,0.9362511183495367,False,92,4213,10729,d__Bacteria;p__Actinomycetota;c__Coriobacteriia;o__Coriobacteriales;f__Coriobacteriaceae;g__Collinsella;s__Collinsella sp900541235
63000,0.007934508816120907,0.02133423636979343,0.007934508816120907,0.00605834653742194,1.0317460317460319,1.0,0.1753231907490041,/tmp/nxf.XXXXveR3jN/sourmash_database/gtdb-rs214-reps.k51.zip,"GCF_003315195.1 Sutterella wadsworthensis strain=DSM 14016, ASM331519v1",cb0d0c9ec62cc3c2574a90d6b7d9588b,0.02133423636979343,63000,16,949000,ERR481070.fastq.gz,ERR481070,412333ce,7940000,51,DNA,1000,7940,True,0.909523905975482,0.927335329796096,0.918429617885789,0.927335329796096,False,65,4278,10729,d__Bacteria;p__Pseudomonadota;c__Gammaproteobacteria;o__Burkholderiales;f__Burkholderiaceae_A;g__Sutterella;s__Sutterella wadsworthensis
248000,0.031234256926952142,0.028873917228103944,0.007556675062972292,0.01081181843601454,1.9333333333333333,1.0,1.8427033281447003,/tmp/nxf.XXXXveR3jN/sourmash_database/gtdb-rs214-reps.k51.zip,"GCA_900557035.1 uncultured Prevotella sp., UMGS1996",73a0b27de5d501d8bda3cec994ff3bb2,0.11934552454282965,60000,17,889000,ERR481070.fastq.gz,ERR481070,412333ce,7940000,51,DNA,1000,7940,True,0.9342927187952339,0.9591756820156574,0.9467342004054456,0.9591756820156574,False,116,4394,10729,d__Bacteria;p__Bacteroidota;c__Bacteroidia;o__Bacteroidales;f__Bacteroidaceae;g__Prevotella;s__Prevotella sp900557035
60000,0.007556675062972292,0.017053807703616582,0.007304785894206549,0.005592319880697176,1.0344827586206897,1.0,0.18246560765962697,/tmp/nxf.XXXXveR3jN/sourmash_database/gtdb-rs214-reps.k51.zip,"GCF_000469345.1 Eubacterium ramulus ATCC 29099 strain=ATCC 29099, ASM46934v1",8221e40b6dea7608c75d90b7e6d6d600,0.017641870038224053,58000,18,831000,ERR481070.fastq.gz,ERR481070,412333ce,7940000,51,DNA,1000,7940,True,0.9086542079176347,0.9238862888966216,0.9162702484071281,0.9238862888966216,False,60,4454,10729,d__Bacteria;p__Bacillota_A;c__Clostridia;o__Lachnospirales;f__Lachnospiraceae;g__Eubacterium_I;s__Eubacterium_I ramulus
62000,0.0078085642317380355,0.01929147667485093,0.0069269521410579345,0.0052194985553173645,1.018181818181818,1.0,0.133608531424537,/tmp/nxf.XXXXveR3jN/sourmash_database/gtdb-rs214-reps.k51.zip,"GCA_003096535.1 Agathobaculum butyriciproducens strain=DSM 100391, ASM309653v1",f95593bb2ec2b82c10cb0d4ba8cefe38,0.021746755524377413,55000,19,776000,ERR481070.fastq.gz,ERR481070,412333ce,7940000,51,DNA,1000,7940,True,0.9092386038113055,0.9276836269052645,0.918461115358285,0.9276836269052645,False,56,4510,10729,d__Bacteria;p__Bacillota_A;c__Clostridia;o__Oscillospirales;f__Butyricicoccaceae;g__Agathobaculum;s__Agathobaculum butyriciproducens
74000,0.009319899244332493,0.01879432624113475,0.006675062972292191,0.005312703886662317,1.0754716981132075,1.0,0.2641509433962264,/tmp/nxf.XXXXveR3jN/sourmash_database/gtdb-rs214-reps.k51.zip,"GCF_023347275.1 Faecalibacterium sp. I3389 strain=I3389, ASM2334727v1",105d513d0b8d24a4f97fa1ab6cc3e404,0.02624113475177305,53000,20,723000,ERR481070.fastq.gz,ERR481070,412333ce,7940000,51,DNA,1000,7940,True,0.9123984391913958,0.9311071444808037,0.9217527918360997,0.9311071444808037,False,57,4567,10729,d__Bacteria;p__Bacillota_A;c__Clostridia;o__Oscillospirales;f__Ruminococcaceae;g__Faecalibacterium;s__Faecalibacterium sp900758465
