intersect_bp,f_orig_query,f_match,f_unique_to_query,f_unique_weighted,average_abund,median_abund,std_abund,filename,name,md5,f_match_orig,unique_intersect_bp,gather_result_rank,remaining_bp,query_filename,query_name,query_md5,query_bp,ksize,moltype,scaled,query_n_hashes,query_abundance,query_containment_ani,match_containment_ani,average_containment_ani,max_containment_ani,potential_false_negative,n_unique_weighted_found,sum_weighted_found,total_weighted_hashes,lineage
1918000,0.10751723751331353,0.42172383465259455,0.10751723751331353,0.22351923908344143,3.5041710114702815,3.0,3.655916871451487,/tmp/nxf.XXXXKjulGz/sourmash_database/gtdb-rs214-reps.k51.zip,"GCA_025148125.1 Blautia wexlerae DSM 19850 strain=DSM 19850, ASM2514812v1",7f2073ec6218c72ec98b02ac15cb9880,0.42172383465259455,1918000,0,6914000,ERR688390.fastq.gz,ERR688390,005c0e1c,17839000,51,DNA,1000,17839,True,0.9572147330173911,0.983212996791146,0.9702138649042686,0.983212996791146,False,6721,6721,30069,d__Bacteria;p__Bacillota_A;c__Clostridia;o__Lachnospirales;f__Lachnospiraceae;g__Blautia_A;s__Blautia_A wexlerae
678000,0.03800661472055609,0.2782109150594994,0.03800661472055609,0.028235059363464033,1.252212389380531,1.0,0.6378796011546514,/tmp/nxf.XXXXKjulGz/sourmash_database/gtdb-rs214-reps.k51.zip,"GCA_900540275.1 uncultured Ruminococcaceae bacterium, UMGS231",cdedbea414ec761b9871c4838668010b,0.2782109150594994,678000,1,6236000,ERR688390.fastq.gz,ERR688390,005c0e1c,17839000,51,DNA,1000,17839,True,0.9378947432878653,0.9752262346838961,0.9565604889858808,0.9752262346838961,False,849,7570,30069,d__Bacteria;p__Bacillota_A;c__Clostridia;o__Oscillospirales;f__Acutalibacteraceae;g__Scatavimonas;s__Scatavimonas sp900540275
688000,0.038567184259207354,0.22779273216689097,0.03795055776669096,0.03166051415078652,1.4062038404726735,1.0,0.9942923850294961,/tmp/nxf.XXXXKjulGz/sourmash_database/gtdb-rs214-reps.k51.zip,"GCA_025150085.1 Dorea longicatena strain=DSM 13814, ASM2515008v1",77e56408450c979b22420d0739bfd623,0.23149394347240915,677000,2,5559000,ERR688390.fastq.gz,ERR688390,005c0e1c,17839000,51,DNA,1000,17839,True,0.9381640414084259,0.9717174298453954,0.9549407356269106,0.9717174298453954,False,952,8522,30069,d__Bacteria;p__Bacillota_A;c__Clostridia;o__Lachnospirales;f__Lachnospiraceae;g__Dorea_A;s__Dorea_A longicatena
650000,0.03643702001233253,0.3045923149015933,0.03643702001233253,0.044730453290764575,2.0692307692307694,1.0,1.9158788364550434,/tmp/nxf.XXXXKjulGz/sourmash_database/gtdb-rs214-reps.k51.zip,"GCF_000771405.1 Bifidobacterium pullorum DSM 20433 strain=DSM 20433, DSM-20433",11d6a87053546ca4a83fa28bb6853588,0.3045923149015933,650000,3,4909000,ERR688390.fastq.gz,ERR688390,005c0e1c,17839000,51,DNA,1000,17839,True,0.9371194631004449,0.9769601335608775,0.9570397983306612,0.9769601335608775,False,1345,9867,30069,d__Bacteria;p__Actinomycetota;c__Actinomycetia;o__Actinomycetales;f__Bifidobacteriaceae;g__Bifidobacterium;s__Bifidobacterium pullorum
498000,0.027916363024833232,0.14658080343452928,0.026795223947530693,0.01972130765905085,1.2405857740585775,1.0,0.6711830496648847,/tmp/nxf.XXXXKjulGz/sourmash_database/gtdb-rs214-reps.k51.zip,"GCF_900120195.1 Blautia sp. Marseille-P3087 strain=Marseille-P3087, PRJEB18016",009805ab0814e78c3885bd504bd5f720,0.15271389144434222,478000,4,4431000,ERR688390.fastq.gz,ERR688390,005c0e1c,17839000,51,DNA,1000,17839,True,0.9322376611562104,0.9638237383992058,0.9480306997777082,0.9638237383992058,False,593,10460,30069,d__Bacteria;p__Bacillota_A;c__Clostridia;o__Lachnospirales;f__Lachnospiraceae;g__Blautia_A;s__Blautia_A sp900120195
461000,0.025842255731823534,0.16580118694362017,0.025057458377711755,0.01739332867737537,1.1700223713646531,1.0,0.4311119273537684,/tmp/nxf.XXXXKjulGz/sourmash_database/gtdb-rs214-reps.k51.zip,"GCF_000332875.2 Anaerostipes hadrus DSM 3319 strain=DSM 3319, ASM33287v2",11a8e5e9f5fa6b11c020b08a3ba744de,0.17099406528189912,447000,5,3984000,ERR688390.fastq.gz,ERR688390,005c0e1c,17839000,51,DNA,1000,17839,True,0.9308275396310952,0.9659628240010876,0.9483951818160914,0.9659628240010876,False,523,10983,30069,d__Bacteria;p__Bacillota_A;c__Clostridia;o__Lachnospirales;f__Lachnospiraceae;g__Anaerostipes;s__Anaerostipes hadrus
384000,0.021525870284208756,0.1095973357553739,0.020292617299175964,0.014134158103029698,1.1740331491712708,1.0,0.5612631560977838,/tmp/nxf.XXXXKjulGz/sourmash_database/gtdb-rs214-reps.k51.zip,"GCF_000173975.1 Anaerobutyricum hallii DSM 3353 strain=DSM 3353, ASM17397v1",8fce16b2b7ed2405807ddf248dc6febb,0.11625794732061762,362000,6,3622000,ERR688390.fastq.gz,ERR688390,005c0e1c,17839000,51,DNA,1000,17839,True,0.9274979433413083,0.9586828403833124,0.9430903918623104,0.9586828403833124,False,425,11408,30069,d__Bacteria;p__Bacillota_A;c__Clostridia;o__Lachnospirales;f__Lachnospiraceae;g__Anaerobutyricum;s__Anaerobutyricum hallii
361000,0.020236560345310836,0.12171168011224132,0.019451762991199058,0.014666267584555522,1.2708933717579252,1.0,0.7371102214350054,/tmp/nxf.XXXXKjulGz/sourmash_database/gtdb-rs214-reps.k51.zip,"GCA_003096535.1 Agathobaculum butyriciproducens strain=DSM 100391, ASM309653v1",f95593bb2ec2b82c10cb0d4ba8cefe38,0.12662223781129428,347000,7,3275000,ERR688390.fastq.gz,ERR688390,005c0e1c,17839000,51,DNA,1000,17839,True,0.9263753578682303,0.9602894476728027,0.9433324027705166,0.9602894476728027,False,441,11849,30069,d__Bacteria;p__Bacillota_A;c__Clostridia;o__Oscillospirales;f__Butyricicoccaceae;g__Agathobaculum;s__Agathobaculum butyriciproducens
286000,0.016032288805426315,0.07336018411967779,0.014294523235607377,0.01124081279723303,1.3254901960784313,1.0,0.9160535854809536,/tmp/nxf.XXXXKjulGz/sourmash_database/gtdb-rs214-reps.k51.zip,"GCF_008121495.1 [Ruminococcus] gnavus ATCC 29149 strain=JCM6515, ASM812149v1",c0af2b4fd1a1fb3c5fc7e5a29e4fe5d1,0.08227848101265822,255000,8,3020000,ERR688390.fastq.gz,ERR688390,005c0e1c,17839000,51,DNA,1000,17839,True,0.9221548057084318,0.9522064155669882,0.93718061063771,0.9522064155669882,False,338,12187,30069,d__Bacteria;p__Bacillota_A;c__Clostridia;o__Lachnospirales;f__Lachnospiraceae;g__Ruminococcus_B;s__Ruminococcus_B gnavus
258000,0.014462694097202758,0.08135048231511254,0.014182409327877123,0.009079118028534372,1.0790513833992095,1.0,0.2840904794635006,/tmp/nxf.XXXXKjulGz/sourmash_database/gtdb-rs214-reps.k51.zip,"GCA_016899975.1 Lacrimispora saccharolytica strain=An817, ASM1689997v1",fb54f588ec3415fb16b9420664cafb0c,0.08295819935691319,253000,9,2767000,ERR688390.fastq.gz,ERR688390,005c0e1c,17839000,51,DNA,1000,17839,True,0.9202937124989273,0.9523600366888584,0.9363268745938929,0.9523600366888584,False,273,12460,30069,d__Bacteria;p__Bacillota_A;c__Clostridia;o__Lachnospirales;f__Lachnospiraceae;g__Fusicatenibacter;s__Fusicatenibacter sp900543115
258000,0.014462694097202758,0.10747663551401869,0.014182409327877123,0.009677741195250923,1.150197628458498,1.0,0.44585260560327505,/tmp/nxf.XXXXKjulGz/sourmash_database/gtdb-rs214-reps.k51.zip,"GCF_000196555.1 Bifidobacterium longum subsp. longum JCM 1217 strain=JCM 1217, ASM19655v1",4e5724ba16e37517faabf3d6eac4a812,0.10960067969413764,253000,10,2514000,ERR688390.fastq.gz,ERR688390,005c0e1c,17839000,51,DNA,1000,17839,True,0.9202937124989273,0.9575750212125945,0.9389343668557609,0.9575750212125945,False,291,12751,30069,d__Bacteria;p__Actinomycetota;c__Actinomycetia;o__Actinomycetales;f__Bifidobacteriaceae;g__Bifidobacterium;s__Bifidobacterium longum
934000,0.05235719491002859,0.06873132301005162,0.014182409327877123,0.027337124613389205,3.2490118577075098,3.0,3.847545417918078,/tmp/nxf.XXXXKjulGz/sourmash_database/gtdb-rs214-reps.k51.zip,"GCF_013300825.1 Blautia wexlerae strain=MSK.20.46, ASM1330082v1",f0cfb5d5e2d9fea502197382ec21bc76,0.2537353979896767,253000,11,2261000,ERR688390.fastq.gz,ERR688390,005c0e1c,17839000,51,DNA,1000,17839,True,0.9438041651588502,0.973466918121422,0.9586355416401362,0.973466918121422,False,822,13573,30069,d__Bacteria;p__Bacillota_A;c__Clostridia;o__Lachnospirales;f__Lachnospiraceae;g__Blautia_A;s__Blautia_A wexlerae_B
185000,0.010370536465048489,0.03665490089600869,0.007567688771792141,0.005221324287472147,1.162962962962963,1.0,0.9043713380834092,/tmp/nxf.XXXXKjulGz/sourmash_database/gtdb-rs214-reps.k51.zip,"GCF_003463065.1 Blautia sp. OF03-15BH strain=OF03-15BH, ASM346306v1",5ff0995e953e4b10712c81e3aa391f8b,0.05023079011675265,135000,12,2126000,ERR688390.fastq.gz,ERR688390,005c0e1c,17839000,51,DNA,1000,17839,True,0.9143114144564614,0.943037197875566,0.9286743061660137,0.943037197875566,False,157,13730,30069,d__Bacteria;p__Bacillota_A;c__Clostridia;o__Lachnospirales;f__Lachnospiraceae;g__Limivivens;s__Limivivens sp900066135
193000,0.010818992095969504,0.034235229155162895,0.006951062279275744,0.004922012704113871,1.1935483870967742,1.0,0.6047849438468605,/tmp/nxf.XXXXKjulGz/sourmash_database/gtdb-rs214-reps.k51.zip,"GCA_902363135.1 Lachnospiraceae bacterium, MGYG-HGUT-00092",c78203a529c51f95b34b67123fde0510,0.05328547763666482,124000,13,2002000,ERR688390.fastq.gz,ERR688390,005c0e1c,17839000,51,DNA,1000,17839,True,0.9150706862504042,0.9441294535820893,0.9296000699162468,0.9441294535820893,False,148,13878,30069,d__Bacteria;p__Bacillota_A;c__Clostridia;o__Lachnospirales;f__Lachnospiraceae;g__Choladousia;s__Choladousia sp902363135
168000,0.00941756824934133,0.02957121734844751,0.006726834463815236,0.005287837972662876,1.325,1.0,1.1042531412678889,/tmp/nxf.XXXXKjulGz/sourmash_database/gtdb-rs214-reps.k51.zip,"GCF_024622975.1 Blautia caecimuris strain=DSM 29492, ASM2462297v1",1248931c5307393cc9ef816719d4b9e7,0.041399704287826515,120000,14,1882000,ERR688390.fastq.gz,ERR688390,005c0e1c,17839000,51,DNA,1000,17839,True,0.9125849648345493,0.9394686640633743,0.9260268144489618,0.9394686640633743,False,159,14037,30069,d__Bacteria;p__Bacillota_A;c__Clostridia;o__Lachnospirales;f__Lachnospiraceae;g__Blautia_A;s__Blautia_A caecimuris
115000,0.0064465496944896014,0.0328853302830998,0.0064465496944896014,0.004057334796634408,1.0608695652173914,1.0,0.23909090582378303,/tmp/nxf.XXXXKjulGz/sourmash_database/gtdb-rs214-reps.k51.zip,"GCF_000024265.1 Eggerthella lenta DSM 2243 strain=DSM 2243, ASM2426v1",9c03bee3a8ea07d1dca079c2919284a2,0.0328853302830998,115000,15,1767000,ERR688390.fastq.gz,ERR688390,005c0e1c,17839000,51,DNA,1000,17839,True,0.9058277768445737,0.9352368531318238,0.9205323149881988,0.9352368531318238,False,122,14159,30069,d__Bacteria;p__Actinomycetota;c__Coriobacteriia;o__Coriobacteriales;f__Eggerthellaceae;g__Eggerthella;s__Eggerthella lenta
96000,0.005381467571052189,0.033287101248266296,0.005381467571052189,0.0033256842595363995,1.0416666666666667,1.0,0.24650332429581734,/tmp/nxf.XXXXKjulGz/sourmash_database/gtdb-rs214-reps.k51.zip,"GCF_004341945.1 Longicatena caecimuris strain=DSM 29481, ASM434194v1",ec474f39efdf2c5b28f7b0fd2429ad0d,0.033287101248266296,96000,16,1671000,ERR688390.fastq.gz,ERR688390,005c0e1c,17839000,51,DNA,1000,17839,True,0.902626037939118,0.9354595632395089,0.9190428005893134,0.9354595632395089,False,100,14259,30069,d__Bacteria;p__Bacillota;c__Bacilli;o__Erysipelotrichales;f__Erysipelotrichaceae;g__Longicatena;s__Longicatena caecimuris
186000,0.010426593418913617,0.04541108986615679,0.005325410617187062,0.004689214805946323,1.4842105263157894,1.0,0.8928152740480011,/tmp/nxf.XXXXKjulGz/sourmash_database/gtdb-rs214-reps.k51.zip,"GCF_000741215.1 Bifidobacterium gallinarum strain=LMG 11586, Bifgalrum",a82295f0e7ad12cf1d49a61d1f32f203,0.08891013384321224,95000,17,1576000,ERR688390.fastq.gz,ERR688390,005c0e1c,17839000,51,DNA,1000,17839,True,0.9144080649456763,0.9536548048686732,0.9340314349071748,0.9536548048686732,False,141,14400,30069,d__Bacteria;p__Actinomycetota;c__Actinomycetia;o__Actinomycetales;f__Bifidobacteriaceae;g__Bifidobacterium;s__Bifidobacterium pullorum_B
94000,0.005269353663321935,0.03636363636363636,0.005269353663321935,0.0033256842595363995,1.0638297872340425,1.0,0.2444494743207672,/tmp/nxf.XXXXKjulGz/sourmash_database/gtdb-rs214-reps.k51.zip,"GCF_000020225.1 Akkermansia muciniphila ATCC BAA-835 strain=ATCC BAA-835, ASM2022v1",43f3b48e59443092850964d355a20ac0,0.03636363636363636,94000,18,1482000,ERR688390.fastq.gz,ERR688390,005c0e1c,17839000,51,DNA,1000,17839,True,0.9022535000280789,0.9370824197425781,0.9196679598853286,0.9370824197425781,False,100,14500,30069,d__Bacteria;p__Verrucomicrobiota;c__Verrucomicrobiae;o__Verrucomicrobiales;f__Akkermansiaceae;g__Akkermansia;s__Akkermansia muciniphila
185000,0.010370536465048489,0.022710441866205876,0.005157239755591681,0.008081412750673452,2.641304347826087,2.0,1.8390777564662464,/tmp/nxf.XXXXKjulGz/sourmash_database/gtdb-rs214-reps.k51.zip,"GCF_013304735.1 Blautia luti strain=MSK.16.34, ASM1330473v1",f94992f34c1453c8a3bbe507e60a272f,0.04566773636139225,92000,19,1390000,ERR688390.fastq.gz,ERR688390,005c0e1c,17839000,51,DNA,1000,17839,True,0.9143114144564614,0.9412778369602619,0.9277946257083616,0.9412778369602619,False,243,14743,30069,d__Bacteria;p__Bacillota_A;c__Clostridia;o__Lachnospirales;f__Lachnospiraceae;g__Blautia_A;s__Blautia_A sp900066205
81000,0.004540613263075284,0.02698961937716263,0.004372442401479904,0.0027270610928198475,1.0512820512820513,1.0,0.2205724427446828,/tmp/nxf.XXXXKjulGz/sourmash_database/gtdb-rs214-reps.k51.zip,"GCF_011405655.1 Adlercreutzia sp. 8CFCBH1 strain=8CFCBH1, ASM1140565v1",86e8ff01f78dff920413aaf9a95a3bfa,0.028027681660899653,78000,20,1312000,ERR688390.fastq.gz,ERR688390,005c0e1c,17839000,51,DNA,1000,17839,True,0.899624074458934,0.9323104086432112,0.9159672415510727,0.9323104086432112,False,82,14825,30069,d__Bacteria;p__Actinomycetota;c__Coriobacteriia;o__Coriobacteriales;f__Eggerthellaceae;g__Adlercreutzia;s__Adlercreutzia hattorii
85000,0.004764841078535792,0.025049439683586024,0.0042603284937496495,0.002627290565033756,1.0394736842105263,1.0,0.19471906035458875,/tmp/nxf.XXXXKjulGz/sourmash_database/gtdb-rs214-reps.k51.zip,"GCF_004346095.1 Faecalimonas umbilicata strain=DSM 103426, ASM434609v1",4d731f895c2fd95110047057d95e38e8,0.02801582069874753,76000,21,1236000,ERR688390.fastq.gz,ERR688390,005c0e1c,17839000,51,DNA,1000,17839,True,0.9004747464215538,0.9323026709196733,0.9163887086706135,0.9323026709196733,False,79,14904,30069,d__Bacteria;p__Bacillota_A;c__Clostridia;o__Lachnospirales;f__Lachnospiraceae;g__Faecalimonas;s__Faecalimonas umbilicata
122000,0.006838948371545491,0.02260761845772685,0.004092157632154269,0.002760317935415212,1.1369863013698631,1.0,0.38159967882696216,/tmp/nxf.XXXXKjulGz/sourmash_database/gtdb-rs214-reps.k51.zip,"GCA_025150245.1 Dorea formicigenerans strain=ATCC 27755, ASM2515024v1",7b7bf80b0639b07bda378c4de7e251f0,0.03778259523072158,73000,22,1163000,ERR688390.fastq.gz,ERR688390,005c0e1c,17839000,51,DNA,1000,17839,True,0.9068778827381098,0.9377860335522035,0.9223319581451566,0.9377860335522035,False,83,14987,30069,d__Bacteria;p__Bacillota_A;c__Clostridia;o__Lachnospirales;f__Lachnospiraceae;g__Dorea;s__Dorea formicigenerans
393000,0.022030382868994898,0.017813567593948268,0.004092157632154269,0.0062855432505237955,2.589041095890411,2.0,1.620380611794109,/tmp/nxf.XXXXKjulGz/sourmash_database/gtdb-rs214-reps.k51.zip,"GCF_003471165.1 Ruminococcus sp. AM22-13 strain=AM22-13, ASM347116v1",eb25a624fa651d73118847d8c54261dd,0.095900439238653,73000,23,1090000,ERR688390.fastq.gz,ERR688390,005c0e1c,17839000,51,DNA,1000,17839,True,0.9279193606151671,0.9550710873523647,0.941495223983766,0.9550710873523647,False,189,15176,30069,d__Bacteria;p__Bacillota_A;c__Clostridia;o__Lachnospirales;f__Lachnospiraceae;g__Blautia_A;s__Blautia_A sp003471165
277000,0.015527776220640171,0.029103053435114504,0.0034194741857727453,0.0023612358242708436,1.1639344262295082,1.0,0.41212475704841095,/tmp/nxf.XXXXKjulGz/sourmash_database/gtdb-rs214-reps.k51.zip,"GCA_019423795.1 Clostridiales bacterium, ASM1942379v1",9d815b2ed0b1a060cf10e8f16abcf956,0.1321564885496183,61000,24,1029000,ERR688390.fastq.gz,ERR688390,005c0e1c,17839000,51,DNA,1000,17839,True,0.9215768445759238,0.9610952724463635,0.9413360585111437,0.9610952724463635,False,71,15247,30069,d__Bacteria;p__Bacillota_A;c__Clostridia;o__Lachnospirales;f__Lachnospiraceae;g__Anaerostipes;s__Anaerostipes sp019423795
140000,0.007847973541117775,0.014899853444064484,0.0034194741857727453,0.0024942631946522995,1.2295081967213115,1.0,0.7551667413954768,/tmp/nxf.XXXXKjulGz/sourmash_database/gtdb-rs214-reps.k51.zip,"GCF_020554845.1 Blautia faecis strain=DFI.3.66, ASM2055484v1",966f2aea56b388fc36102b75054e49d4,0.03419638495359062,61000,25,968000,ERR688390.fastq.gz,ERR688390,005c0e1c,17839000,51,DNA,1000,17839,True,0.9093283597373853,0.935954019379156,0.9226411895582707,0.935954019379156,False,75,15322,30069,d__Bacteria;p__Bacillota_A;c__Clostridia;o__Lachnospirales;f__Lachnospiraceae;g__Blautia_A;s__Blautia_A faecis
63000,0.003531588093502999,0.01850709438618137,0.003363417231907618,0.002028667398317204,1.0166666666666666,1.0,0.12801909579781018,/tmp/nxf.XXXXKjulGz/sourmash_database/gtdb-rs214-reps.k51.zip,"GCF_900199375.1 Gordonibacter urolithinfaciens strain=DSM 27213T, G142160_polished_assembly_ID17483",d7eaa3023b4605cf120952272bc556e5,0.019432449105490437,60000,26,908000,ERR688390.fastq.gz,ERR688390,005c0e1c,17839000,51,DNA,1000,17839,True,0.8952018710901187,0.9256391533874263,0.9104205122387725,0.9256391533874263,False,61,15383,30069,d__Bacteria;p__Actinomycetota;c__Coriobacteriia;o__Coriobacteriales;f__Eggerthellaceae;g__Gordonibacter;s__Gordonibacter urolithinfaciens
256000,0.014350580189472504,0.013665202537823329,0.0031391894164471104,0.004788985333732416,2.5714285714285716,2.0,1.4621063921756228,/tmp/nxf.XXXXKjulGz/sourmash_database/gtdb-rs214-reps.k51.zip,"GCA_000285855.2 Ruminococcus sp. JC304, ASM28585v2",d531218b22b575d3882f43062762ff19,0.06246949731576379,56000,27,852000,ERR688390.fastq.gz,ERR688390,005c0e1c,17839000,51,DNA,1000,17839,True,0.9201532946846306,0.9470777795849629,0.9336155371347967,0.9470777795849629,False,144,15527,30069,d__Bacteria;p__Bacillota_A;c__Clostridia;o__Lachnospirales;f__Lachnospiraceae;g__Blautia_A;s__Blautia_A sp000285855
52000,0.0029149616009866023,0.010236220472440945,0.0029149616009866023,0.0019288968705311119,1.1153846153846154,1.0,0.3194855331891567,/tmp/nxf.XXXXKjulGz/sourmash_database/gtdb-rs214-reps.k51.zip,"GCF_000012825.1 Bacteroides vulgatus ATCC 8482 strain=ATCC 8482, ASM1282v1",63b92dc09e7b5ffbd878d8e5fce5cfec,0.010236220472440945,52000,28,800000,ERR688390.fastq.gz,ERR688390,005c0e1c,17839000,51,DNA,1000,17839,True,0.8918399411900858,0.9140777338428108,0.9029588375164483,0.9140777338428108,False,58,15585,30069,d__Bacteria;p__Bacteroidota;c__Bacteroidia;o__Bacteroidales;f__Bacteroidaceae;g__Phocaeicola;s__Phocaeicola vulgatus
