intersect_bp,f_orig_query,f_match,f_unique_to_query,f_unique_weighted,average_abund,median_abund,std_abund,filename,name,md5,f_match_orig,unique_intersect_bp,gather_result_rank,remaining_bp,query_filename,query_name,query_md5,query_bp,ksize,moltype,scaled,query_n_hashes,query_abundance,query_containment_ani,match_containment_ani,average_containment_ani,max_containment_ani,potential_false_negative,n_unique_weighted_found,sum_weighted_found,total_weighted_hashes,lineage
2203000,0.10987531172069825,0.48438874230430956,0.10987531172069825,0.26571135872108465,9.536541080344984,9.0,7.246575049735185,/tmp/nxf.XXXXYU904X/sourmash_database/gtdb-rs214-reps.k51.zip,"GCA_025148125.1 Blautia wexlerae DSM 19850 strain=DSM 19850, ASM2514812v1",7f2073ec6218c72ec98b02ac15cb9880,0.48438874230430956,2203000,0,7553000,ERR688414.fastq.gz,ERR688414,b05e5e9e,20050000,51,DNA,1000,20050,True,0.9576220114536403,0.9858874407074383,0.9717547260805393,0.9858874407074383,False,21009,21009,79067,d__Bacteria;p__Bacillota_A;c__Clostridia;o__Lachnospirales;f__Lachnospiraceae;g__Blautia_A;s__Blautia_A wexlerae
1460000,0.07281795511221945,0.5370919881305638,0.07221945137157107,0.12618412232663437,6.890193370165746,6.0,4.95668675720151,/tmp/nxf.XXXXYU904X/sourmash_database/gtdb-rs214-reps.k51.zip,"GCF_000332875.2 Anaerostipes hadrus DSM 3319 strain=DSM 3319, ASM33287v2",11a8e5e9f5fa6b11c020b08a3ba744de,0.5415430267062314,1448000,1,6105000,ERR688414.fastq.gz,ERR688414,b05e5e9e,20050000,51,DNA,1000,20050,True,0.9499285719196198,0.9880458924185691,0.9689872321690944,0.9880458924185691,False,9977,30986,79067,d__Bacteria;p__Bacillota_A;c__Clostridia;o__Lachnospirales;f__Lachnospiraceae;g__Anaerostipes;s__Anaerostipes hadrus
1227000,0.06119700748129676,0.3429228998849252,0.05945137157107232,0.027710675756004402,1.8380872483221478,1.0,2.7299837190872935,/tmp/nxf.XXXXYU904X/sourmash_database/gtdb-rs214-reps.k51.zip,"GCF_008121495.1 [Ruminococcus] gnavus ATCC 29149 strain=JCM6515, ASM812149v1",c0af2b4fd1a1fb3c5fc7e5a29e4fe5d1,0.3529919447640967,1192000,2,4913000,ERR688414.fastq.gz,ERR688414,b05e5e9e,20050000,51,DNA,1000,20050,True,0.9466956810194409,0.9797891887732799,0.9632424348963604,0.9797891887732799,False,2191,33177,79067,d__Bacteria;p__Bacillota_A;c__Clostridia;o__Lachnospirales;f__Lachnospiraceae;g__Ruminococcus_B;s__Ruminococcus_B gnavus
806000,0.04019950124688279,0.18531296205027106,0.037506234413965084,0.014139906661439033,1.4867021276595744,1.0,2.094784246391891,/tmp/nxf.XXXXYU904X/sourmash_database/gtdb-rs214-reps.k51.zip,"GCF_024622975.1 Blautia caecimuris strain=DSM 29492, ASM2462297v1",1248931c5307393cc9ef816719d4b9e7,0.19862000985707245,752000,3,4161000,ERR688414.fastq.gz,ERR688414,b05e5e9e,20050000,51,DNA,1000,20050,True,0.9389268915372947,0.9688036025374983,0.9538652470373965,0.9688036025374983,False,1118,34295,79067,d__Bacteria;p__Bacillota_A;c__Clostridia;o__Lachnospirales;f__Lachnospiraceae;g__Blautia_A;s__Blautia_A caecimuris
516000,0.025735660847880298,0.15476904619076184,0.025735660847880298,0.007209075847066412,1.1046511627906976,1.0,0.3123703985807564,/tmp/nxf.XXXXYU904X/sourmash_database/gtdb-rs214-reps.k51.zip,"GCF_014131695.1 Erysipelatoclostridium ramosum DSM 1402 strain=DSM 1402, ASM1413169v1",7067e76f1f8fb6fb2a7b6a18482cbfb2,0.15476904619076184,516000,4,3645000,ERR688414.fastq.gz,ERR688414,b05e5e9e,20050000,51,DNA,1000,20050,True,0.9307521025929358,0.9640764029596532,0.9474142527762945,0.9640764029596532,False,570,34865,79067,d__Bacteria;p__Bacillota;c__Bacilli;o__Erysipelotrichales;f__Coprobacillaceae;g__Thomasclavelia;s__Thomasclavelia ramosa
394000,0.019650872817955113,0.11266800114383757,0.019650872817955113,0.005741965674680966,1.1522842639593909,1.0,0.430036429109807,/tmp/nxf.XXXXYU904X/sourmash_database/gtdb-rs214-reps.k51.zip,"GCF_000024265.1 Eggerthella lenta DSM 2243 strain=DSM 2243, ASM2426v1",9c03bee3a8ea07d1dca079c2919284a2,0.11266800114383757,394000,5,3251000,ERR688414.fastq.gz,ERR688414,b05e5e9e,20050000,51,DNA,1000,20050,True,0.9258420440050257,0.9580934137581625,0.9419677288815941,0.9580934137581625,False,454,35319,79067,d__Bacteria;p__Actinomycetota;c__Coriobacteriia;o__Coriobacteriales;f__Eggerthellaceae;g__Eggerthella;s__Eggerthella lenta
389000,0.01940149625935162,0.07895270955956972,0.01940149625935162,0.005552253152389746,1.1285347043701799,1.0,0.44076722307763033,/tmp/nxf.XXXXYU904X/sourmash_database/gtdb-rs214-reps.k51.zip,"GCF_003697165.2 Escherichia coli DSM 30083 = JCM 1649 = ATCC 11775 strain=ATCC 11775, ASM369716v2",84efa859553c7c5d22f6f6377fa345fd,0.07895270955956972,389000,6,2862000,ERR688414.fastq.gz,ERR688414,b05e5e9e,20050000,51,DNA,1000,20050,True,0.9256102210238327,0.9514363633009547,0.9385232921623937,0.9514363633009547,False,439,35758,79067,d__Bacteria;p__Pseudomonadota;c__Gammaproteobacteria;o__Enterobacterales;f__Enterobacteriaceae;g__Escherichia;s__Escherichia coli
334000,0.01665835411471322,0.11189056471413539,0.015910224438902745,0.00505900059443257,1.2539184952978057,1.0,0.8425082009049486,/tmp/nxf.XXXXYU904X/sourmash_database/gtdb-rs214-reps.k51.zip,"GCA_003096535.1 Agathobaculum butyriciproducens strain=DSM 100391, ASM309653v1",f95593bb2ec2b82c10cb0d4ba8cefe38,0.11715187653454928,319000,7,2543000,ERR688414.fastq.gz,ERR688414,b05e5e9e,20050000,51,DNA,1000,20050,True,0.9228477144637017,0.9588268374053197,0.9408372759345107,0.9588268374053197,False,400,36158,79067,d__Bacteria;p__Bacillota_A;c__Clostridia;o__Oscillospirales;f__Butyricicoccaceae;g__Agathobaculum;s__Agathobaculum butyriciproducens
1032000,0.051471321695760595,0.07606628633523499,0.013965087281795512,0.02896277840312646,8.178571428571429,8.0,4.4956611735933905,/tmp/nxf.XXXXYU904X/sourmash_database/gtdb-rs214-reps.k51.zip,"GCF_013300825.1 Blautia wexlerae strain=MSK.20.46, ASM1330082v1",f0cfb5d5e2d9fea502197382ec21bc76,0.280358598207009,280000,8,2263000,ERR688414.fastq.gz,ERR688414,b05e5e9e,20050000,51,DNA,1000,20050,True,0.9434884215899476,0.9753732941751976,0.9594308578825725,0.9753732941751976,False,2290,38448,79067,d__Bacteria;p__Bacillota_A;c__Clostridia;o__Lachnospirales;f__Lachnospiraceae;g__Blautia_A;s__Blautia_A wexlerae_B
203000,0.010124688279301746,0.10617154811715482,0.010124688279301746,0.0036804229324496947,1.4334975369458127,1.0,0.8180603538888626,/tmp/nxf.XXXXYU904X/sourmash_database/gtdb-rs214-reps.k51.zip,"GCF_000260715.1 Bifidobacterium animalis subsp. animalis ATCC 25527 strain=ATCC 25527, ASM26071v1",1e584714dab94f64dfcdba95ebeb6ae4,0.10617154811715482,203000,9,2060000,ERR688414.fastq.gz,ERR688414,b05e5e9e,20050000,51,DNA,1000,20050,True,0.9138813961279388,0.9569783673424199,0.9354298817351794,0.9569783673424199,False,291,38739,79067,d__Bacteria;p__Actinomycetota;c__Actinomycetia;o__Actinomycetales;f__Bifidobacteriaceae;g__Bifidobacterium;s__Bifidobacterium animalis
166000,0.00827930174563591,0.04850393700787402,0.007680798004987531,0.0020741902437173537,1.0649350649350648,1.0,0.335658389177145,/tmp/nxf.XXXXYU904X/sourmash_database/gtdb-rs214-reps.k51.zip,"GCF_001280875.1 Sellimonas intestinalis strain=BR72, ASM128087v1",bd7b21c08b7d787a76e4a76498e91d07,0.05228346456692914,154000,10,1906000,ERR688414.fastq.gz,ERR688414,b05e5e9e,20050000,51,DNA,1000,20050,True,0.9102828221341945,0.9437780867212983,0.9270304544277463,0.9437780867212983,False,164,38903,79067,d__Bacteria;p__Bacillota_A;c__Clostridia;o__Lachnospirales;f__Lachnospiraceae;g__Sellimonas;s__Sellimonas intestinalis
752000,0.037506234413965084,0.06536259541984733,0.006832917705735661,0.012558968975678854,7.248175182481752,6.0,4.705612461820878,/tmp/nxf.XXXXYU904X/sourmash_database/gtdb-rs214-reps.k51.zip,"GCA_019423795.1 Clostridiales bacterium, ASM1942379v1",9d815b2ed0b1a060cf10e8f16abcf956,0.35877862595419846,137000,11,1769000,ERR688414.fastq.gz,ERR688414,b05e5e9e,20050000,51,DNA,1000,20050,True,0.9376510502046533,0.9801016245760188,0.9588763373903361,0.9801016245760188,False,993,39896,79067,d__Bacteria;p__Bacillota_A;c__Clostridia;o__Lachnospirales;f__Lachnospiraceae;g__Anaerostipes;s__Anaerostipes sp019423795
451000,0.022493765586034914,0.03074670571010249,0.00628428927680798,0.015885261866518268,9.968253968253968,9.0,6.183614430700189,/tmp/nxf.XXXXYU904X/sourmash_database/gtdb-rs214-reps.k51.zip,"GCF_003471165.1 Ruminococcus sp. AM22-13 strain=AM22-13, ASM347116v1",eb25a624fa651d73118847d8c54261dd,0.11005368472425574,126000,12,1643000,ERR688414.fastq.gz,ERR688414,b05e5e9e,20050000,51,DNA,1000,20050,True,0.9282981681229229,0.9576524698878887,0.9429753190054058,0.9576524698878887,False,1256,41152,79067,d__Bacteria;p__Bacillota_A;c__Clostridia;o__Lachnospirales;f__Lachnospiraceae;g__Blautia_A;s__Blautia_A sp003471165
119000,0.005935162094763092,0.060807358201328564,0.005935162094763092,0.0016315276917045038,1.084033613445378,1.0,0.306233061483842,/tmp/nxf.XXXXYU904X/sourmash_database/gtdb-rs214-reps.k51.zip,"GCA_900552095.1 uncultured Blautia sp., UMGS1472",8329e543994680a9c46eb5c50fd67419,0.060807358201328564,119000,13,1524000,ERR688414.fastq.gz,ERR688414,b05e5e9e,20050000,51,DNA,1000,20050,True,0.9043609791360633,0.9465771197058462,0.9254690494209548,0.9465771197058462,False,129,41281,79067,d__Bacteria;p__Bacillota_A;c__Clostridia;o__Lachnospirales;f__Lachnospiraceae;g__Egerieimonas;s__Egerieimonas sp900552095
167000,0.00832917705735661,0.027651006711409395,0.00513715710723192,0.012369256453387633,9.495145631067961,8.0,6.802160973604669,/tmp/nxf.XXXXYU904X/sourmash_database/gtdb-rs214-reps.k51.zip,"GCA_902362865.1 Clostridiaceae bacterium, MGYG-HGUT-00067",f4d9c8091ea5e43ddcaded51bd0fae5f,0.04483221476510067,103000,14,1421000,ERR688414.fastq.gz,ERR688414,b05e5e9e,20050000,51,DNA,1000,20050,True,0.9103900280648949,0.9409370988510015,0.9256635634579482,0.9409370988510015,False,978,42259,79067,d__Bacteria;p__Bacillota_A;c__Clostridia;o__Lachnospirales;f__Lachnospiraceae;g__Lachnoclostridium_B;s__Lachnoclostridium_B sp900066765
88000,0.0043890274314214465,0.05092592592592592,0.0043890274314214465,0.0012394551456359796,1.1136363636363635,1.0,0.35135510985773416,/tmp/nxf.XXXXYU904X/sourmash_database/gtdb-rs214-reps.k51.zip,"GCA_900553985.1 uncultured Clostridium sp., UMGS1673",dd895d2fd13931fea6f4d3dd925d4028,0.05092592592592592,88000,15,1333000,ERR688414.fastq.gz,ERR688414,b05e5e9e,20050000,51,DNA,1000,20050,True,0.8990253283911092,0.9432913705971047,0.9211583494941069,0.9432913705971047,False,98,42357,79067,d__Bacteria;p__Bacillota_A;c__Clostridia;o__TANB77;f__CAG-508;g__CAG-269;s__CAG-269 sp900553985
242000,0.012069825436408978,0.018681554648915612,0.004339152119700748,0.011053916298835165,10.045977011494253,10.0,9.173810857797536,/tmp/nxf.XXXXYU904X/sourmash_database/gtdb-rs214-reps.k51.zip,"GCF_003460605.1 Ruminococcus sp. AF31-8BH strain=AF31-8BH, ASM346060v1",dfa72f929418f30ec9c2e12209ca3076,0.05196478419583423,87000,16,1246000,ERR688414.fastq.gz,ERR688414,b05e5e9e,20050000,51,DNA,1000,20050,True,0.9170358075070866,0.9436649531292391,0.9303503803181629,0.9436649531292391,False,874,43231,79067,d__Bacteria;p__Bacillota_A;c__Clostridia;o__Lachnospirales;f__Lachnospiraceae;g__Blautia_A;s__Blautia_A sp900066145
183000,0.00912718204488778,0.019435569755058574,0.0036408977556109724,0.008752071028368346,9.479452054794521,8.0,5.271036364633647,/tmp/nxf.XXXXYU904X/sourmash_database/gtdb-rs214-reps.k51.zip,"GCA_900066355.1 uncultured Ruminococcus sp., 13414_6#66",45f1a5c0fe40b26dd1259bddded57c5d,0.048722044728434506,73000,17,1173000,ERR688414.fastq.gz,ERR688414,b05e5e9e,20050000,51,DNA,1000,20050,True,0.9120247039898198,0.9424734561580895,0.9272490800739547,0.9424734561580895,False,692,43923,79067,d__Bacteria;p__Bacillota_A;c__Clostridia;o__Lachnospirales;f__Lachnospiraceae;g__Blautia_A;s__Blautia_A sp900066355
580000,0.02892768079800499,0.031295137217140105,0.0032418952618453864,0.006045505710346921,7.3538461538461535,8.0,4.009338212150266,/tmp/nxf.XXXXYU904X/sourmash_database/gtdb-rs214-reps.k51.zip,"GCA_905215045.1 uncultured bacterium, ERR1600571-mag-bin.33",86fb6ba6c0b8bfe828c2fb7e65063883,0.27924891670678864,65000,18,1108000,ERR688414.fastq.gz,ERR688414,b05e5e9e,20050000,51,DNA,1000,20050,True,0.9328883696737209,0.9752974487882945,0.9540929092310078,0.9752974487882945,False,478,44401,79067,d__Bacteria;p__Bacillota_A;c__Clostridia;o__Lachnospirales;f__Lachnospiraceae;g__Anaerostipes;s__Anaerostipes sp905215045
58000,0.0028927680798004987,0.027978774722624215,0.0028927680798004987,0.0007967925936231298,1.0862068965517242,1.0,0.42687649665999833,/tmp/nxf.XXXXYU904X/sourmash_database/gtdb-rs214-reps.k51.zip,"GCF_000785515.1 Streptococcus salivarius strain=NCTC 8618, ASM78551v1",60ed22ecb89c02b71ce7854e0188c722,0.027978774722624215,58000,19,1050000,ERR688414.fastq.gz,ERR688414,b05e5e9e,20050000,51,DNA,1000,20050,True,0.8917063012940661,0.9322784825772068,0.9119923919356365,0.9322784825772068,False,63,44464,79067,d__Bacteria;p__Bacillota;c__Bacilli;o__Lactobacillales;f__Streptococcaceae;g__Streptococcus;s__Streptococcus salivarius
58000,0.0028927680798004987,0.01733102253032929,0.0024937655860349127,0.0006829650802483969,1.08,1.0,0.2712931993250107,/tmp/nxf.XXXXYU904X/sourmash_database/gtdb-rs214-reps.k51.zip,"GCF_015560805.1 Mediterraneibacter glycyrrhizinilyticus strain=BSD2780061687b_171204_B1, ASM1556080v1",cf9239adc869fdb33e75fe12f966af18,0.020103986135181974,50000,20,1000000,ERR688414.fastq.gz,ERR688414,b05e5e9e,20050000,51,DNA,1000,20050,True,0.8917063012940661,0.9262559761945965,0.9089811387443314,0.9262559761945965,False,54,44518,79067,d__Bacteria;p__Bacillota_A;c__Clostridia;o__Lachnospirales;f__Lachnospiraceae;g__Schaedlerella;s__Schaedlerella glycyrrhizinilytica_A
