intersect_bp,f_orig_query,f_match,f_unique_to_query,f_unique_weighted,average_abund,median_abund,std_abund,filename,name,md5,f_match_orig,unique_intersect_bp,gather_result_rank,remaining_bp,query_filename,query_name,query_md5,query_bp,ksize,moltype,scaled,query_n_hashes,query_abundance,query_containment_ani,match_containment_ani,average_containment_ani,max_containment_ani,potential_false_negative,n_unique_weighted_found,sum_weighted_found,total_weighted_hashes,lineage
1431000,0.07138581263094881,0.6079014443500425,0.07138581263094881,0.11822151647479158,3.1215932914046123,2.0,3.2958948660509813,/tmp/nxf.XXXX1YmTPt/sourmash_database/gtdb-rs214-reps.k51.zip,"GCF_000196555.1 Bifidobacterium longum subsp. longum JCM 1217 strain=JCM 1217, ASM19655v1",4e5724ba16e37517faabf3d6eac4a812,0.6079014443500425,1431000,0,9272000,ERR688447.fastq.gz,ERR688447,ab67dc41,20046000,51,DNA,1000,20046,True,0.9495586670085409,0.990287813869107,0.9699232404388239,0.990287813869107,False,4467,4467,37785,d__Bacteria;p__Actinomycetota;c__Actinomycetia;o__Actinomycetales;f__Bifidobacteriaceae;g__Bifidobacterium;s__Bifidobacterium longum
1330000,0.06634740097775117,0.5917907081641859,0.06544946622767635,0.09871642186052666,2.8429878048780486,2.0,2.484963237662522,/tmp/nxf.XXXX1YmTPt/sourmash_database/gtdb-rs214-reps.k51.zip,"GCF_001025135.1 Bifidobacterium bifidum ATCC 29521 = JCM 1255 = DSM 20456 strain=JCM 1255, ASM102513v1",404c2d0a233dc79a88353930897b2669,0.5999097880018043,1312000,1,7960000,ERR688447.fastq.gz,ERR688447,ab67dc41,20046000,51,DNA,1000,20046,True,0.9481968498217737,0.9900308873196015,0.9691138685706876,0.9900308873196015,False,3730,8197,37785,d__Bacteria;p__Actinomycetota;c__Actinomycetia;o__Actinomycetales;f__Bifidobacteriaceae;g__Bifidobacterium;s__Bifidobacterium bifidum
1267000,0.06320462935248927,0.2785839929639402,0.06320462935248927,0.052772264125975916,1.5737963693764798,1.0,1.4040897641798913,/tmp/nxf.XXXX1YmTPt/sourmash_database/gtdb-rs214-reps.k51.zip,"GCA_025148125.1 Blautia wexlerae DSM 19850 strain=DSM 19850, ASM2514812v1",7f2073ec6218c72ec98b02ac15cb9880,0.2785839929639402,1267000,2,6693000,ERR688447.fastq.gz,ERR688447,ab67dc41,20046000,51,DNA,1000,20046,True,0.9472950595623393,0.9752518603545338,0.9612734599584365,0.9752518603545338,False,1994,10191,37785,d__Bacteria;p__Bacillota_A;c__Clostridia;o__Lachnospirales;f__Lachnospiraceae;g__Blautia_A;s__Blautia_A wexlerae
1079000,0.05382619974059663,0.5345691382765531,0.053227576573880074,0.13968506020907767,4.946579194001875,4.0,4.891891710961062,/tmp/nxf.XXXX1YmTPt/sourmash_database/gtdb-rs214-reps.k51.zip,"GCF_001025195.1 Bifidobacterium catenulatum DSM 16992 = JCM 1194 = LMG 11043 strain=JCM 1194, ASM102519v1",9b566e78d1f78d933a35825fd06d987a,0.5405811623246493,1067000,3,5626000,ERR688447.fastq.gz,ERR688447,ab67dc41,20046000,51,DNA,1000,20046,True,0.9443163820074036,0.9880114521745769,0.9661639170909903,0.9880114521745769,False,5278,15469,37785,d__Bacteria;p__Actinomycetota;c__Actinomycetia;o__Actinomycetales;f__Bifidobacteriaceae;g__Bifidobacterium;s__Bifidobacterium catenulatum
693000,0.034570487877880876,0.17830290010741137,0.03312381522498254,0.021807595606722244,1.2409638554216869,1.0,0.564307048048048,/tmp/nxf.XXXX1YmTPt/sourmash_database/gtdb-rs214-reps.k51.zip,"GCF_001487165.1 Blautia massiliensis strain=GD9, Blautia massiliensis1",26a084514a434ed691fd39a9b849e9f4,0.18609022556390978,664000,4,4962000,ERR688447.fastq.gz,ERR688447,ab67dc41,20046000,51,DNA,1000,20046,True,0.9361537187850255,0.9675665685433575,0.9518601436641916,0.9675665685433575,False,824,16293,37785,d__Bacteria;p__Bacillota_A;c__Clostridia;o__Lachnospirales;f__Lachnospiraceae;g__Blautia_A;s__Blautia_A massiliensis
556000,0.02773620672453357,0.16439600363306087,0.027087698293923976,0.016805610692073574,1.1694290976058932,1.0,0.4709078317898211,/tmp/nxf.XXXX1YmTPt/sourmash_database/gtdb-rs214-reps.k51.zip,"GCF_000173975.1 Anaerobutyricum hallii DSM 3353 strain=DSM 3353, ASM17397v1",8fce16b2b7ed2405807ddf248dc6febb,0.1683318195579776,543000,5,4419000,ERR688447.fastq.gz,ERR688447,ab67dc41,20046000,51,DNA,1000,20046,True,0.9321193230414384,0.9656656618585594,0.9488924924499988,0.9656656618585594,False,635,16928,37785,d__Bacteria;p__Bacillota_A;c__Clostridia;o__Lachnospirales;f__Lachnospiraceae;g__Anaerobutyricum;s__Anaerobutyricum hallii
553000,0.027586550932854434,0.14187517184492715,0.025740796168811732,0.016699748577477837,1.2228682170542635,1.0,0.5307778317377837,/tmp/nxf.XXXX1YmTPt/sourmash_database/gtdb-rs214-reps.k51.zip,"GCF_015557635.1 Fusicatenibacter saccharivorans strain=D41t1_190614_C8, ASM1555763v1",d2fdc17cdae8aecf1aac02f627d3979a,0.152048391531482,516000,6,3903000,ERR688447.fastq.gz,ERR688447,ab67dc41,20046000,51,DNA,1000,20046,True,0.9320204451804287,0.9637412056488418,0.9478808254146353,0.9637412056488418,False,631,17559,37785,d__Bacteria;p__Bacillota_A;c__Clostridia;o__Lachnospirales;f__Lachnospiraceae;g__Fusicatenibacter;s__Fusicatenibacter saccharivorans
506000,0.025241943529881274,0.18100890207715134,0.024344008779806445,0.015879317189360857,1.2295081967213115,1.0,0.49649402363632156,/tmp/nxf.XXXX1YmTPt/sourmash_database/gtdb-rs214-reps.k51.zip,"GCF_000332875.2 Anaerostipes hadrus DSM 3319 strain=DSM 3319, ASM33287v2",11a8e5e9f5fa6b11c020b08a3ba744de,0.18768545994065283,488000,7,3415000,ERR688447.fastq.gz,ERR688447,ab67dc41,20046000,51,DNA,1000,20046,True,0.9303986559262393,0.9677285230763951,0.9490635895013172,0.9677285230763951,False,600,18159,37785,d__Bacteria;p__Bacillota_A;c__Clostridia;o__Lachnospirales;f__Lachnospiraceae;g__Anaerostipes;s__Anaerostipes hadrus
302000,0.01506534969569989,0.08635973691735774,0.01506534969569989,0.008865952097393145,1.109271523178808,1.0,0.34234311307497534,/tmp/nxf.XXXX1YmTPt/sourmash_database/gtdb-rs214-reps.k51.zip,"GCF_000024265.1 Eggerthella lenta DSM 2243 strain=DSM 2243, ASM2426v1",9c03bee3a8ea07d1dca079c2919284a2,0.08635973691735774,302000,8,3113000,ERR688447.fastq.gz,ERR688447,ab67dc41,20046000,51,DNA,1000,20046,True,0.921030691208511,0.9531107304952271,0.937070710851869,0.9531107304952271,False,335,18494,37785,d__Bacteria;p__Actinomycetota;c__Coriobacteriia;o__Coriobacteriales;f__Eggerthellaceae;g__Eggerthella;s__Eggerthella lenta
309000,0.015414546542951213,0.09690444145356662,0.014366956001197246,0.008416038110361254,1.1041666666666667,1.0,0.3378598904213928,/tmp/nxf.XXXX1YmTPt/sourmash_database/gtdb-rs214-reps.k51.zip,"GCA_025150085.1 Dorea longicatena strain=DSM 13814, ASM2515008v1",77e56408450c979b22420d0739bfd623,0.10397039030955585,288000,9,2825000,ERR688447.fastq.gz,ERR688447,ab67dc41,20046000,51,DNA,1000,20046,True,0.9214446025451319,0.9565853361020081,0.9390149693235701,0.9565853361020081,False,318,18812,37785,d__Bacteria;p__Bacillota_A;c__Clostridia;o__Lachnospirales;f__Lachnospiraceae;g__Dorea_A;s__Dorea_A longicatena
267000,0.01331936545944328,0.0651913875598086,0.010874987528684026,0.0066163821622336905,1.146788990825688,1.0,0.42460317304242695,/tmp/nxf.XXXX1YmTPt/sourmash_database/gtdb-rs214-reps.k51.zip,"GCA_001312505.1 [Ruminococcus] faecis JCM 15917 strain=JCM 15917, ASM131250v1",74084a0ba33e0aad9e3ea50a89ace6e7,0.0798444976076555,218000,10,2607000,ERR688447.fastq.gz,ERR688447,ab67dc41,20046000,51,DNA,1000,20046,True,0.9188088450841222,0.9516459244362595,0.9352273847601908,0.9516459244362595,False,250,19062,37785,d__Bacteria;p__Bacillota_A;c__Clostridia;o__Lachnospirales;f__Lachnospiraceae;g__Mediterraneibacter;s__Mediterraneibacter faecis
246000,0.012271774917689314,0.052588555858310626,0.009627855931357877,0.0055577610162763,1.0880829015544042,1.0,0.33378494110686857,/tmp/nxf.XXXX1YmTPt/sourmash_database/gtdb-rs214-reps.k51.zip,"GCA_025147765.1 Blautia obeum ATCC 29174 strain=ATCC 29174, ASM2514776v1",aa800a95b7aa246d998085e9b2fb3124,0.0670299727520436,193000,11,2414000,ERR688447.fastq.gz,ERR688447,ab67dc41,20046000,51,DNA,1000,20046,True,0.9173342222980279,0.9483871643151595,0.9328606933065937,0.9483871643151595,False,210,19272,37785,d__Bacteria;p__Bacillota_A;c__Clostridia;o__Lachnospirales;f__Lachnospiraceae;g__Blautia_A;s__Blautia_A obeum
570000,0.028434600419036216,0.07852494577006508,0.009029232764641324,0.020193198359137222,4.2154696132596685,4.0,3.083189749854367,/tmp/nxf.XXXX1YmTPt/sourmash_database/gtdb-rs214-reps.k51.zip,"GCF_001042615.1 Bifidobacterium catenulatum subsp. kashiwanohense JCM 15439 = DSM 21854 strain=JCM 15439, ASM104261v1",54d413af989e8a3d3e9c338a8d0918e4,0.2472885032537961,181000,12,2233000,ERR688447.fastq.gz,ERR688447,ab67dc41,20046000,51,DNA,1000,20046,True,0.9325739437805377,0.9729757982042612,0.9527748709923994,0.9729757982042612,False,763,20035,37785,d__Bacteria;p__Actinomycetota;c__Actinomycetia;o__Actinomycetales;f__Bifidobacteriaceae;g__Bifidobacterium;s__Bifidobacterium kashiwanohense
621000,0.030978748877581563,0.04319478402607987,0.007931756958994313,0.0057694852454677785,1.371069182389937,1.0,0.7053564968628466,/tmp/nxf.XXXX1YmTPt/sourmash_database/gtdb-rs214-reps.k51.zip,"GCF_013300825.1 Blautia wexlerae strain=MSK.20.46, ASM1330082v1",f0cfb5d5e2d9fea502197382ec21bc76,0.1687041564792176,159000,13,2074000,ERR688447.fastq.gz,ERR688447,ab67dc41,20046000,51,DNA,1000,20046,True,0.9341422544310316,0.9657074984250281,0.9499248764280299,0.9657074984250281,False,218,20253,37785,d__Bacteria;p__Bacillota_A;c__Clostridia;o__Lachnospirales;f__Lachnospiraceae;g__Blautia_A;s__Blautia_A wexlerae_B
413000,0.020602613987827995,0.06272241992882563,0.007033822208919485,0.017652507608839487,4.7304964539007095,4.0,3.48833808430504,/tmp/nxf.XXXX1YmTPt/sourmash_database/gtdb-rs214-reps.k51.zip,"GCF_001025215.1 Bifidobacterium pseudocatenulatum DSM 20438 = JCM 1200 = LMG 10505 strain=JCM 1200, ASM102521v1",601139f282aa073e842d57ff1801e54a,0.18371886120996442,141000,14,1933000,ERR688447.fastq.gz,ERR688447,ab67dc41,20046000,51,DNA,1000,20046,True,0.9267010464673039,0.9673232850011095,0.9470121657342068,0.9673232850011095,False,667,20920,37785,d__Bacteria;p__Actinomycetota;c__Actinomycetia;o__Actinomycetales;f__Bifidobacteriaceae;g__Bifidobacterium;s__Bifidobacterium pseudocatenulatum
180000,0.008979347500748278,0.030043966780654616,0.006135887458844657,0.003678708482201932,1.1300813008130082,1.0,0.5251302524213055,/tmp/nxf.XXXX1YmTPt/sourmash_database/gtdb-rs214-reps.k51.zip,"GCF_020554845.1 Blautia faecis strain=DFI.3.66, ASM2055484v1",966f2aea56b388fc36102b75054e49d4,0.04396678065461651,123000,15,1810000,ERR688447.fastq.gz,ERR688447,ab67dc41,20046000,51,DNA,1000,20046,True,0.9117327279227273,0.9405775340870894,0.9261551310049083,0.9405775340870894,False,139,21059,37785,d__Bacteria;p__Bacillota_A;c__Clostridia;o__Lachnospirales;f__Lachnospiraceae;g__Blautia_A;s__Blautia_A faecis
166000,0.008280953806245635,0.03646477132262052,0.005886461139379427,0.0034140531957125844,1.0932203389830508,1.0,0.31855840896970333,/tmp/nxf.XXXX1YmTPt/sourmash_database/gtdb-rs214-reps.k51.zip,"GCA_025149785.1 Coprococcus comes ATCC 27758 strain=ATCC 27758, ASM2514978v1",3a055d916786f743b82f17b95fcc483f,0.051297898640296664,118000,16,1692000,ERR688447.fastq.gz,ERR688447,ab67dc41,20046000,51,DNA,1000,20046,True,0.9102863833308744,0.9434259868641666,0.9268561850975205,0.9434259868641666,False,129,21188,37785,d__Bacteria;p__Bacillota_A;c__Clostridia;o__Lachnospirales;f__Lachnospiraceae;g__Bariatricus;s__Bariatricus comes
495000,0.024693205627057766,0.04010207801676996,0.005487379028235059,0.007198623792510256,2.4727272727272727,2.0,2.68568288559604,/tmp/nxf.XXXX1YmTPt/sourmash_database/gtdb-rs214-reps.k51.zip,"GCF_000269965.1 Bifidobacterium longum subsp. infantis ATCC 15697 = JCM 1222 = DSM 20088 strain=JCM 1222, ASM26996v1",9e122949c1d8c7291ae948248c84e820,0.18045935107546482,110000,17,1582000,ERR688447.fastq.gz,ERR688447,ab67dc41,20046000,51,DNA,1000,20046,True,0.9299977786805205,0.9669838120170512,0.9484907953487858,0.9669838120170512,False,272,21460,37785,d__Bacteria;p__Actinomycetota;c__Actinomycetia;o__Actinomycetales;f__Bifidobacteriaceae;g__Bifidobacterium;s__Bifidobacterium infantis
186000,0.009278659084106555,0.026248216833095576,0.004589444278160232,0.005795950774116713,2.380434782608696,2.0,1.7121204200356976,/tmp/nxf.XXXX1YmTPt/sourmash_database/gtdb-rs214-reps.k51.zip,"GCA_022728415.1 Collinsella sp., ASM2272841v1",f6aa1a5c3b6ba84a8235617fbaa0eb23,0.05306704707560628,92000,18,1490000,ERR688447.fastq.gz,ERR688447,ab67dc41,20046000,51,DNA,1000,20046,True,0.9123191037493956,0.944053413936461,0.9281862588429284,0.944053413936461,False,219,21679,37785,d__Bacteria;p__Actinomycetota;c__Coriobacteriia;o__Coriobacteriales;f__Coriobacteriaceae;g__Collinsella;s__Collinsella sp022728415
285000,0.014217300209518108,0.022463589237225377,0.004539559014267186,0.002805346036787085,1.164835164835165,1.0,0.4749490721972375,/tmp/nxf.XXXX1YmTPt/sourmash_database/gtdb-rs214-reps.k51.zip,"GCF_013304735.1 Blautia luti strain=MSK.16.34, ASM1330473v1",f94992f34c1453c8a3bbe507e60a272f,0.07035299925944212,91000,19,1399000,ERR688447.fastq.gz,ERR688447,ab67dc41,20046000,51,DNA,1000,20046,True,0.9199849612721203,0.9492873604316102,0.9346361608518652,0.9492873604316102,False,106,21785,37785,d__Bacteria;p__Bacillota_A;c__Clostridia;o__Lachnospirales;f__Lachnospiraceae;g__Blautia_A;s__Blautia_A sp900066205
80000,0.003990821111443679,0.024059222702035782,0.0038910505836575876,0.0020907767632658463,1.0128205128205128,1.0,0.11249954342810412,/tmp/nxf.XXXX1YmTPt/sourmash_database/gtdb-rs214-reps.k51.zip,"GCF_900199375.1 Gordonibacter urolithinfaciens strain=DSM 27213T, G142160_polished_assembly_ID17483",d7eaa3023b4605cf120952272bc556e5,0.024676125848241828,78000,20,1321000,ERR688447.fastq.gz,ERR688447,ab67dc41,20046000,51,DNA,1000,20046,True,0.8973502850747417,0.9299851614569676,0.9136677232658547,0.9299851614569676,False,79,21864,37785,d__Bacteria;p__Actinomycetota;c__Coriobacteriia;o__Coriobacteriales;f__Eggerthellaceae;g__Gordonibacter;s__Gordonibacter urolithinfaciens
112000,0.0055871495560211515,0.023088923556942278,0.0036915095280854035,0.0021966388778615854,1.1216216216216217,1.0,0.4011032994501576,/tmp/nxf.XXXX1YmTPt/sourmash_database/gtdb-rs214-reps.k51.zip,"GCA_000020605.1 [Eubacterium] rectale ATCC 33656 strain=ATCC 33656, ASM2060v1",bb4d1c2199066ffc1226ec8433ce5698,0.03494539781591264,74000,21,1247000,ERR688447.fastq.gz,ERR688447,ab67dc41,20046000,51,DNA,1000,20046,True,0.9032901214209296,0.9363517346633646,0.9198209280421471,0.9363517346633646,False,83,21947,37785,d__Bacteria;p__Bacillota_A;c__Clostridia;o__Lachnospirales;f__Lachnospiraceae;g__Agathobacter;s__Agathobacter rectalis
69000,0.0034420832086201735,0.026692456479690523,0.0034420832086201735,0.0019055180627233028,1.0434782608695652,1.0,0.20393111999232302,/tmp/nxf.XXXX1YmTPt/sourmash_database/gtdb-rs214-reps.k51.zip,"GCF_000020225.1 Akkermansia muciniphila ATCC BAA-835 strain=ATCC BAA-835, ASM2022v1",43f3b48e59443092850964d355a20ac0,0.026692456479690523,69000,22,1178000,ERR688447.fastq.gz,ERR688447,ab67dc41,20046000,51,DNA,1000,20046,True,0.894751385795988,0.9314185293423446,0.9130849575691663,0.9314185293423446,False,72,22019,37785,d__Bacteria;p__Verrucomicrobiota;c__Verrucomicrobiae;o__Verrucomicrobiales;f__Akkermansiaceae;g__Akkermansia;s__Akkermansia muciniphila
302000,0.01506534969569989,0.0283203125,0.002893345305796668,0.0052137091438401485,3.396551724137931,3.0,2.490946746841545,/tmp/nxf.XXXX1YmTPt/sourmash_database/gtdb-rs214-reps.k51.zip,"GCF_002742445.1 Bifidobacterium sp. N4G05 strain=N4G05, ASM274244v1",b96331732e5867db1a4d0b69bede9099,0.1474609375,58000,23,1120000,ERR688447.fastq.gz,ERR688447,ab67dc41,20046000,51,DNA,1000,20046,True,0.921030691208511,0.9631624634491501,0.9420965773288306,0.9631624634491501,False,197,22216,37785,d__Bacteria;p__Actinomycetota;c__Actinomycetia;o__Actinomycetales;f__Bifidobacteriaceae;g__Bifidobacterium;s__Bifidobacterium sp002742445
307000,0.01531477601516512,0.027972027972027972,0.0027935747780105757,0.0020907767632658463,1.4107142857142858,1.0,0.7264587716717141,/tmp/nxf.XXXX1YmTPt/sourmash_database/gtdb-rs214-reps.k51.zip,"GCA_900751995.1 Lachnospiraceae bacterium, ERS235547_23",bade4874fabdb283efa57fef3722cef1,0.15334665334665334,56000,24,1064000,ERR688447.fastq.gz,ERR688447,ab67dc41,20046000,51,DNA,1000,20046,True,0.9213272879052581,0.9639018847384757,0.9426145863218669,0.9639018847384757,False,79,22295,37785,d__Bacteria;p__Bacillota_A;c__Clostridia;o__Lachnospirales;f__Lachnospiraceae;g__Blautia_A;s__Blautia_A sp900751995
53000,0.002643918986331438,0.01804562478719782,0.002643918986331438,0.0014820696043403468,1.0566037735849056,1.0,0.30188679245283023,/tmp/nxf.XXXX1YmTPt/sourmash_database/gtdb-rs214-reps.k51.zip,"GCF_900106845.1 Romboutsia timonensis strain=Marseille-P326, PRJEB14233",d234ad6970f6218b0a838933dea2f71b,0.01804562478719782,53000,25,1011000,ERR688447.fastq.gz,ERR688447,ab67dc41,20046000,51,DNA,1000,20046,True,0.8901349347691822,0.9242962992304613,0.9072156169998218,0.9242962992304613,False,56,22351,37785,d__Bacteria;p__Bacillota_A;c__Clostridia;o__Peptostreptococcales;f__Peptostreptococcaceae;g__Romboutsia;s__Romboutsia timonensis
280000,0.013967873890052879,0.02480916030534351,0.0025940337224383916,0.00166732830488289,1.2115384615384615,1.0,0.49367298665359366,/tmp/nxf.XXXX1YmTPt/sourmash_database/gtdb-rs214-reps.k51.zip,"GCA_019423795.1 Clostridiales bacterium, ASM1942379v1",9d815b2ed0b1a060cf10e8f16abcf956,0.13358778625954199,52000,26,959000,ERR688447.fastq.gz,ERR688447,ab67dc41,20046000,51,DNA,1000,20046,True,0.9196657353994253,0.9612982941116516,0.9404820147555384,0.9612982941116516,False,63,22414,37785,d__Bacteria;p__Bacillota_A;c__Clostridia;o__Lachnospirales;f__Lachnospiraceae;g__Anaerostipes;s__Anaerostipes sp019423795
