intersect_bp,f_orig_query,f_match,f_unique_to_query,f_unique_weighted,average_abund,median_abund,std_abund,filename,name,md5,f_match_orig,unique_intersect_bp,gather_result_rank,remaining_bp,query_filename,query_name,query_md5,query_bp,ksize,moltype,scaled,query_n_hashes,query_abundance,query_containment_ani,match_containment_ani,average_containment_ani,max_containment_ani,potential_false_negative,n_unique_weighted_found,sum_weighted_found,total_weighted_hashes,lineage
1831000,0.12742710000695942,0.40259454705364994,0.12742710000695942,0.23764311644791958,2.788640087383943,2.0,2.88910302391692,/tmp/nxf.XXXXzzbrxU/sourmash_database/gtdb-rs214-reps.k51.zip,"GCA_025148125.1 Blautia wexlerae DSM 19850 strain=DSM 19850, ASM2514812v1",7f2073ec6218c72ec98b02ac15cb9880,0.40259454705364994,1831000,0,5172000,ERR688384.fastq.gz,ERR688384,977812fc,14369000,51,DNA,1000,14369,True,0.9604087623497863,0.9823184736382382,0.9713636179940123,0.9823184736382382,False,5106,5106,21486,d__Bacteria;p__Bacillota_A;c__Clostridia;o__Lachnospirales;f__Lachnospiraceae;g__Blautia_A;s__Blautia_A wexlerae
833000,0.057972023105296124,0.15301249081557677,0.057972023105296124,0.049567160011170064,1.2785114045618247,1.0,0.6288247714644127,/tmp/nxf.XXXXzzbrxU/sourmash_database/gtdb-rs214-reps.k51.zip,"GCF_000742135.1 Klebsiella pneumoniae strain=ATCC 13883, ASM74213v1",8ff128bf2d890d4208a034d2790eae21,0.15301249081557677,833000,1,4339000,ERR688384.fastq.gz,ERR688384,977812fc,14369000,51,DNA,1000,14369,True,0.9456912734160894,0.9638606550135745,0.9547759642148319,0.9638606550135745,False,1065,6171,21486,d__Bacteria;p__Pseudomonadota;c__Gammaproteobacteria;o__Enterobacterales;f__Enterobacteriaceae;g__Klebsiella;s__Klebsiella pneumoniae
513000,0.03570185816688705,0.1865727002967359,0.03500591551256176,0.02853020571534953,1.2186878727634194,1.0,0.5003862007416787,/tmp/nxf.XXXXzzbrxU/sourmash_database/gtdb-rs214-reps.k51.zip,"GCF_000332875.2 Anaerostipes hadrus DSM 3319 strain=DSM 3319, ASM33287v2",11a8e5e9f5fa6b11c020b08a3ba744de,0.1902818991097923,503000,2,3836000,ERR688384.fastq.gz,ERR688384,977812fc,14369000,51,DNA,1000,14369,True,0.9367450107113602,0.9679892600069969,0.9523671353591785,0.9679892600069969,False,613,6784,21486,d__Bacteria;p__Bacillota_A;c__Clostridia;o__Lachnospirales;f__Lachnospiraceae;g__Anaerostipes;s__Anaerostipes hadrus
455000,0.0316653907718004,0.12456846950517837,0.03013431693228478,0.026435818672624033,1.3117782909930715,1.0,0.8280725982553552,/tmp/nxf.XXXXzzbrxU/sourmash_database/gtdb-rs214-reps.k51.zip,"GCF_008121495.1 [Ruminococcus] gnavus ATCC 29149 strain=JCM6515, ASM812149v1",c0af2b4fd1a1fb3c5fc7e5a29e4fe5d1,0.130897583429229,433000,3,3403000,ERR688384.fastq.gz,ERR688384,977812fc,14369000,51,DNA,1000,14369,True,0.9345438911632751,0.9609149138717752,0.9477294025175251,0.9609149138717752,False,568,7352,21486,d__Bacteria;p__Bacillota_A;c__Clostridia;o__Lachnospirales;f__Lachnospiraceae;g__Ruminococcus_B;s__Ruminococcus_B gnavus
407000,0.028324866031039043,0.09985133795837463,0.02804648896930893,0.023270967141394396,1.2406947890818858,1.0,0.6411307579439465,/tmp/nxf.XXXXzzbrxU/sourmash_database/gtdb-rs214-reps.k51.zip,"GCF_000949455.1 Ruthenibacterium lactatiformans strain=585-1, ASM94945v1",1562c71162861a5c6e3bb1e6d2a266f2,0.10084241823587711,403000,4,3000000,ERR688384.fastq.gz,ERR688384,977812fc,14369000,51,DNA,1000,14369,True,0.9325032417940875,0.9560125492963543,0.9442578955452209,0.9560125492963543,False,500,7852,21486,d__Bacteria;p__Bacillota_A;c__Clostridia;o__Oscillospirales;f__Ruminococcaceae;g__Ruthenibacterium;s__Ruthenibacterium lactatiformans
372000,0.02588906674090055,0.06728665207877461,0.025680283944602963,0.019454528530205715,1.132791327913279,1.0,0.5113699781556806,/tmp/nxf.XXXXzzbrxU/sourmash_database/gtdb-rs214-reps.k51.zip,"GCF_020297485.1 Enterocloster clostridioformis strain=FDAARGOS_1529, ASM2029748v1",dd34132a65d34f2b7d61732ca67b1c02,0.06783369803063458,369000,5,2631000,ERR688384.fastq.gz,ERR688384,977812fc,14369000,51,DNA,1000,14369,True,0.9308605713587981,0.9486088379439309,0.9397347046513644,0.9486088379439309,False,418,8270,21486,d__Bacteria;p__Bacillota_A;c__Clostridia;o__Lachnospirales;f__Lachnospiraceae;g__Enterocloster;s__Enterocloster clostridioformis
322000,0.022409353469274133,0.05246554872986883,0.02199178787667896,0.019035651121660616,1.2943037974683544,1.0,0.9802314161595136,/tmp/nxf.XXXXzzbrxU/sourmash_database/gtdb-rs214-reps.k51.zip,"GCF_009696275.1 Eisenbergiella tayi strain=WCA-389-WT-23B, ASM969627v1",4e7fad02eba6485d3812b6d5d0b4a220,0.053461730034866345,316000,6,2315000,ERR688384.fastq.gz,ERR688384,977812fc,14369000,51,DNA,1000,14369,True,0.9282297359865325,0.944190587796029,0.9362101618912808,0.944190587796029,False,409,8679,21486,d__Bacteria;p__Bacillota_A;c__Clostridia;o__Lachnospirales;f__Lachnospiraceae;g__Eisenbergiella;s__Eisenbergiella porci
825000,0.057415268981835896,0.06085302906818799,0.015589115456886352,0.02620310900121009,2.513392857142857,2.0,2.083052170653262,/tmp/nxf.XXXXzzbrxU/sourmash_database/gtdb-rs214-reps.k51.zip,"GCF_013300825.1 Blautia wexlerae strain=MSK.20.46, ASM1330082v1",f0cfb5d5e2d9fea502197382ec21bc76,0.2241238793806031,224000,7,2091000,ERR688384.fastq.gz,ERR688384,977812fc,14369000,51,DNA,1000,14369,True,0.9455123459778206,0.9711011605876078,0.9583067532827142,0.9711011605876078,False,563,9242,21486,d__Bacteria;p__Bacillota_A;c__Clostridia;o__Lachnospirales;f__Lachnospiraceae;g__Blautia_A;s__Blautia_A wexlerae_B
221000,0.015380332660588768,0.04262228536634869,0.014614795740830955,0.010192683607930745,1.042857142857143,1.0,0.20253495541082608,/tmp/nxf.XXXXzzbrxU/sourmash_database/gtdb-rs214-reps.k51.zip,"GCF_003697165.2 Escherichia coli DSM 30083 = JCM 1649 = ATCC 11775 strain=ATCC 11775, ASM369716v2",84efa859553c7c5d22f6f6377fa345fd,0.044854881266490766,210000,8,1881000,ERR688384.fastq.gz,ERR688384,977812fc,14369000,51,DNA,1000,14369,True,0.9214044564212238,0.9409464244578412,0.9311754404395325,0.9409464244578412,False,219,9461,21486,d__Bacteria;p__Pseudomonadota;c__Gammaproteobacteria;o__Enterobacterales;f__Enterobacteriaceae;g__Escherichia;s__Escherichia coli
245000,0.017050595030969447,0.04738641914997557,0.013501287493910502,0.010611561016475845,1.175257731958763,1.0,0.5374684700097763,/tmp/nxf.XXXXzzbrxU/sourmash_database/gtdb-rs214-reps.k51.zip,"GCF_020554845.1 Blautia faecis strain=DFI.3.66, ASM2055484v1",966f2aea56b388fc36102b75054e49d4,0.059843673668783584,194000,9,1687000,ERR688384.fastq.gz,ERR688384,977812fc,14369000,51,DNA,1000,14369,True,0.9232689415014773,0.9462806632656586,0.934774802383568,0.9462806632656586,False,228,9689,21486,d__Bacteria;p__Bacillota_A;c__Clostridia;o__Lachnospirales;f__Lachnospiraceae;g__Blautia_A;s__Blautia_A faecis
251000,0.017468160623564617,0.04752953813104189,0.01231818498155752,0.01005305780508238,1.2203389830508475,1.0,0.6395919411563799,/tmp/nxf.XXXXzzbrxU/sourmash_database/gtdb-rs214-reps.k51.zip,"GCF_001487165.1 Blautia massiliensis strain=GD9, Blautia massiliensis1",26a084514a434ed691fd39a9b849e9f4,0.06740064446831365,177000,10,1510000,ERR688384.fastq.gz,ERR688384,977812fc,14369000,51,DNA,1000,14369,True,0.9237070501484054,0.9484897203744201,0.9360983852614128,0.9484897203744201,False,216,9905,21486,d__Bacteria;p__Bacillota_A;c__Clostridia;o__Lachnospirales;f__Lachnospiraceae;g__Blautia_A;s__Blautia_A massiliensis
158000,0.01099589393833948,0.047390521895620874,0.01099589393833948,0.007772503025225729,1.0569620253164558,1.0,0.23177004333671586,/tmp/nxf.XXXXzzbrxU/sourmash_database/gtdb-rs214-reps.k51.zip,"GCF_014131695.1 Erysipelatoclostridium ramosum DSM 1402 strain=DSM 1402, ASM1413169v1",7067e76f1f8fb6fb2a7b6a18482cbfb2,0.047390521895620874,158000,11,1352000,ERR688384.fastq.gz,ERR688384,977812fc,14369000,51,DNA,1000,14369,True,0.9153617394971552,0.9419615301411328,0.928661634819144,0.9419615301411328,False,167,10072,21486,d__Bacteria;p__Bacillota;c__Bacilli;o__Erysipelotrichales;f__Coprobacillaceae;g__Thomasclavelia;s__Thomasclavelia ramosa
138000,0.009604008629688913,0.04860614724803431,0.009464820098823858,0.006748580471004375,1.0661764705882353,1.0,0.24859031624083774,/tmp/nxf.XXXXzzbrxU/sourmash_database/gtdb-rs214-reps.k51.zip,"GCF_000392875.1 Enterococcus faecalis ATCC 19433 strain=ATCC 19433, Ente_faec_ATCC_19433_V1",ed49edbda3ebb22462afdabcbcf01166,0.04932094353109364,136000,12,1216000,ERR688384.fastq.gz,ERR688384,977812fc,14369000,51,DNA,1000,14369,True,0.9129358168465094,0.9426992558128292,0.9278175363296692,0.9426992558128292,False,145,10217,21486,d__Bacteria;p__Bacillota;c__Bacilli;o__Lactobacillales;f__Enterococcaceae;g__Enterococcus;s__Enterococcus faecalis
168000,0.011691836592664765,0.01951219512195122,0.00890806597536363,0.006888206273852742,1.15625,1.0,0.7008644216251814,/tmp/nxf.XXXXzzbrxU/sourmash_database/gtdb-rs214-reps.k51.zip,"GCF_002234575.2 Enterocloster bolteae strain=ATCC BAA-613, ASM223457v2",b5edd45c572fe04753d4848d8e14e842,0.025609756097560974,128000,13,1088000,ERR688384.fastq.gz,ERR688384,977812fc,14369000,51,DNA,1000,14369,True,0.9164638688497504,0.9306626044000641,0.9235632366249072,0.9306626044000641,False,148,10365,21486,d__Bacteria;p__Bacillota_A;c__Clostridia;o__Lachnospirales;f__Lachnospiraceae;g__Enterocloster;s__Enterocloster bolteae
90000,0.0062634838889275525,0.018452645620275678,0.005776324030899854,0.003909522479754258,1.0120481927710843,1.0,0.10910102576069176,/tmp/nxf.XXXXzzbrxU/sourmash_database/gtdb-rs214-reps.k51.zip,"GCF_000982825.1 Cronobacter sakazakii strain=ATCC 29544, ASM98282v1",565241dab2b825f212a08d8ccaf854b7,0.020008892841262782,83000,14,1005000,ERR688384.fastq.gz,ERR688384,977812fc,14369000,51,DNA,1000,14369,True,0.9053162441857406,0.9261698693793251,0.9157430567825329,0.9261698693793251,False,84,10449,21486,d__Bacteria;p__Pseudomonadota;c__Gammaproteobacteria;o__Enterobacterales;f__Enterobacteriaceae;g__Cronobacter;s__Cronobacter sakazakii
96000,0.006681049481522722,0.010489974770946753,0.00549794696916974,0.005166154705389556,1.4050632911392404,1.0,1.5952380667678154,/tmp/nxf.XXXXzzbrxU/sourmash_database/gtdb-rs214-reps.k51.zip,"GCF_001881565.1 Eisenbergiella tayi strain=DSM 26961, ASM188156v1",9baf6a48dca37589fb064628236b2af5,0.012747311114061877,79000,15,926000,ERR688384.fastq.gz,ERR688384,977812fc,14369000,51,DNA,1000,14369,True,0.9064626119543626,0.9180183130912489,0.9122404625228058,0.9180183130912489,False,111,10560,21486,d__Bacteria;p__Bacillota_A;c__Clostridia;o__Lachnospirales;f__Lachnospiraceae;g__Eisenbergiella;s__Eisenbergiella tayi
74000,0.005149975642007099,0.026343894624421504,0.005149975642007099,0.0034906450712091593,1.0135135135135136,1.0,0.11545951007185853,/tmp/nxf.XXXXzzbrxU/sourmash_database/gtdb-rs214-reps.k51.zip,"GCA_018380115.1 Oscillospiraceae bacterium, ASM1838011v1",46a01cd98384af1f2f530f9801719f36,0.026343894624421504,74000,16,852000,ERR688384.fastq.gz,ERR688384,977812fc,14369000,51,DNA,1000,14369,True,0.9018481833777415,0.931178501731506,0.9165133425546237,0.931178501731506,False,75,10635,21486,d__Bacteria;p__Bacillota_A;c__Clostridia;o__Oscillospirales;f__Ruminococcaceae;g__Ruthenibacterium;s__Ruthenibacterium sp018380115
331000,0.023035701858166887,0.03435114503816794,0.005010787111142042,0.004142232151168202,1.2361111111111112,1.0,0.5135133763148931,/tmp/nxf.XXXXzzbrxU/sourmash_database/gtdb-rs214-reps.k51.zip,"GCA_019423795.1 Clostridiales bacterium, ASM1942379v1",9d815b2ed0b1a060cf10e8f16abcf956,0.15791984732824427,72000,17,780000,ERR688384.fastq.gz,ERR688384,977812fc,14369000,51,DNA,1000,14369,True,0.928731603986714,0.9644574515177918,0.946594527752253,0.9644574515177918,False,89,10724,21486,d__Bacteria;p__Bacillota_A;c__Clostridia;o__Lachnospirales;f__Lachnospiraceae;g__Anaerostipes;s__Anaerostipes sp019423795
67000,0.0046628157839794,0.013188976377952756,0.0046628157839794,0.004049148282602625,1.2985074626865671,1.0,0.6694824325971882,/tmp/nxf.XXXXzzbrxU/sourmash_database/gtdb-rs214-reps.k51.zip,"GCF_000012825.1 Bacteroides vulgatus ATCC 8482 strain=ATCC 8482, ASM1282v1",63b92dc09e7b5ffbd878d8e5fce5cfec,0.013188976377952756,67000,18,713000,ERR688384.fastq.gz,ERR688384,977812fc,14369000,51,DNA,1000,14369,True,0.9000926611940364,0.9186316281303606,0.9093621446621984,0.9186316281303606,False,87,10811,21486,d__Bacteria;p__Bacteroidota;c__Bacteroidia;o__Bacteroidales;f__Bacteroidaceae;g__Phocaeicola;s__Phocaeicola vulgatus
142000,0.009882385691419027,0.013181545835829839,0.004593221518546872,0.0031648515312296377,1.0303030303030303,1.0,0.17141982574219336,/tmp/nxf.XXXXzzbrxU/sourmash_database/gtdb-rs214-reps.k51.zip,"GCF_000424325.1 [Clostridium] clostridioforme AGR2157 strain=AGR2157, ASM42432v1",00ec25d96f02a31f9560cc8fb0be0494,0.02836029558617935,66000,19,647000,ERR688384.fastq.gz,ERR688384,977812fc,14369000,51,DNA,1000,14369,True,0.9134474435892638,0.93252609840624,0.922986770997752,0.93252609840624,False,68,10879,21486,d__Bacteria;p__Bacillota_A;c__Clostridia;o__Lachnospirales;f__Lachnospiraceae;g__Enterocloster;s__Enterocloster clostridioformis_A
347000,0.024149210105087342,0.015373352855051245,0.0043844387222492865,0.007865586893791306,2.6825396825396823,2.0,2.144208862319782,/tmp/nxf.XXXXzzbrxU/sourmash_database/gtdb-rs214-reps.k51.zip,"GCF_003471165.1 Ruminococcus sp. AM22-13 strain=AM22-13, ASM347116v1",eb25a624fa651d73118847d8c54261dd,0.0846754514397267,63000,20,584000,ERR688384.fastq.gz,ERR688384,977812fc,14369000,51,DNA,1000,14369,True,0.9295916505858661,0.9527427171280851,0.9411671838569756,0.9527427171280851,False,169,11048,21486,d__Bacteria;p__Bacillota_A;c__Clostridia;o__Lachnospirales;f__Lachnospiraceae;g__Blautia_A;s__Blautia_A sp003471165
