intersect_bp,f_orig_query,f_match,f_unique_to_query,f_unique_weighted,average_abund,median_abund,std_abund,filename,name,md5,f_match_orig,unique_intersect_bp,gather_result_rank,remaining_bp,query_filename,query_name,query_md5,query_bp,ksize,moltype,scaled,query_n_hashes,query_abundance,query_containment_ani,match_containment_ani,average_containment_ani,max_containment_ani,potential_false_negative,n_unique_weighted_found,sum_weighted_found,total_weighted_hashes,lineage
3235000,0.06208736373407032,0.6163078681653649,0.06208736373407032,0.48042507212958996,102.5338485316847,99.0,46.73969827924835,/tmp/nxf.XXXX901MdZ/sourmash_database/gtdb-rs214-reps.k51.zip,"GCF_000215745.1 Klebsiella aerogenes KCTC 2190 strain=KCTC 2190, ASM21574v1",0658819cbf1b8f36afbee5bbfe7d3a1f,0.6163078681653649,3235000,0,11164000,SRR6915096_2.fastq.gz,SRR6915096,3ab69061,52104000,51,DNA,1000,52104,True,0.9469638416735598,0.9905545256261385,0.9687591836498493,0.9905545256261385,False,331697,331697,690424,d__Bacteria;p__Pseudomonadota;c__Gammaproteobacteria;o__Enterobacterales;f__Enterobacteriaceae;g__Klebsiella;s__Klebsiella aerogenes
2287000,0.04389298326424075,0.46052364522021516,0.04354752034392753,0.016531870271021865,5.0304098721903925,4.0,4.267958543295501,/tmp/nxf.XXXX901MdZ/sourmash_database/gtdb-rs214-reps.k51.zip,"GCF_003697165.2 Escherichia coli DSM 30083 = JCM 1649 = ATCC 11775 strain=ATCC 11775, ASM369716v2",84efa859553c7c5d22f6f6377fa345fd,0.4641769839659022,2269000,1,8895000,SRR6915096_2.fastq.gz,SRR6915096,3ab69061,52104000,51,DNA,1000,52104,True,0.9405465528794098,0.9850638563324094,0.9628052046059097,0.9850638563324094,False,11414,343111,690424,d__Bacteria;p__Pseudomonadota;c__Gammaproteobacteria;o__Enterobacterales;f__Enterobacteriaceae;g__Escherichia;s__Escherichia coli
1771000,0.03398971288192845,0.29646246764452117,0.03297251650545064,0.003945401666222495,1.5855646100116414,1.0,5.1112718688962016,/tmp/nxf.XXXX901MdZ/sourmash_database/gtdb-rs214-reps.k51.zip,"GCF_001598695.1 Klebsiella oxytoca NBRC 105695 strain=NBRC 105695, ASM159869v1",45761d177c62c8a8bffb732e9fd3fd1f,0.30560828300258847,1718000,2,7177000,SRR6915096_2.fastq.gz,SRR6915096,3ab69061,52104000,51,DNA,1000,52104,True,0.9358427755810542,0.9770239244542945,0.9564333500176744,0.9770239244542945,False,2724,345835,690424,d__Bacteria;p__Pseudomonadota;c__Gammaproteobacteria;o__Enterobacterales;f__Enterobacteriaceae;g__Klebsiella;s__Klebsiella oxytoca
1587000,0.03045831414094887,0.39321110009910804,0.03045831414094887,0.00481877802625633,2.09640831758034,2.0,1.294710660591939,/tmp/nxf.XXXX901MdZ/sourmash_database/gtdb-rs214-reps.k51.zip,"GCF_000949455.1 Ruthenibacterium lactatiformans strain=585-1, ASM94945v1",1562c71162861a5c6e3bb1e6d2a266f2,0.39321110009910804,1587000,3,5590000,SRR6915096_2.fastq.gz,SRR6915096,3ab69061,52104000,51,DNA,1000,52104,True,0.9338319793344003,0.9818643362723546,0.9578481578033775,0.9818643362723546,False,3327,349162,690424,d__Bacteria;p__Bacillota_A;c__Clostridia;o__Oscillospirales;f__Ruminococcaceae;g__Ruthenibacterium;s__Ruthenibacterium lactatiformans
1532000,0.029402732995547368,0.6508071367884452,0.029402732995547368,0.07663551672595391,34.537206266318535,33.0,14.529228649362075,/tmp/nxf.XXXX901MdZ/sourmash_database/gtdb-rs214-reps.k51.zip,"GCF_000196555.1 Bifidobacterium longum subsp. longum JCM 1217 strain=JCM 1217, ASM19655v1",4e5724ba16e37517faabf3d6eac4a812,0.6508071367884452,1532000,4,4058000,SRR6915096_2.fastq.gz,SRR6915096,3ab69061,52104000,51,DNA,1000,52104,True,0.9331863686212194,0.9916129780359999,0.9623996733286097,0.9916129780359999,False,52911,402073,690424,d__Bacteria;p__Actinomycetota;c__Actinomycetia;o__Actinomycetales;f__Bifidobacteriaceae;g__Bifidobacterium;s__Bifidobacterium longum
782000,0.015008444649163212,0.2808664259927798,0.01493167511131583,0.0017322688666674391,1.5372750642673523,1.0,0.8479667373067904,/tmp/nxf.XXXX901MdZ/sourmash_database/gtdb-rs214-reps.k51.zip,"GCF_001042595.1 Bifidobacterium dentium JCM 1195 = DSM 20436 strain=JCM 1195, ASM104259v1",81541f80540e662b03fadfbeb774a2a0,0.28231046931407944,778000,5,3280000,SRR6915096_2.fastq.gz,SRR6915096,3ab69061,52104000,51,DNA,1000,52104,True,0.9209623502785032,0.9755059908552347,0.9482341705668689,0.9755059908552347,False,1196,403269,690424,d__Bacteria;p__Actinomycetota;c__Actinomycetia;o__Actinomycetales;f__Bifidobacteriaceae;g__Bifidobacterium;s__Bifidobacterium dentium
519000,0.009960847535697835,0.2476145038167939,0.009960847535697835,0.0014701111201232866,1.9556840077071291,1.0,1.5444479045346005,/tmp/nxf.XXXX901MdZ/sourmash_database/gtdb-rs214-reps.k51.zip,"GCF_902810435.1 Veillonella parvula strain=SKV38, SKV38",67bbd99ec027fb9f3b058c8a204b14b5,0.2476145038167939,519000,6,2761000,SRR6915096_2.fastq.gz,SRR6915096,3ab69061,52104000,51,DNA,1000,52104,True,0.9135890964647398,0.9730009324459534,0.9432950144553467,0.9730009324459534,False,1015,404284,690424,d__Bacteria;p__Bacillota_C;c__Negativicutes;o__Veillonellales;f__Veillonellaceae;g__Veillonella;s__Veillonella parvula_A
502000,0.009634576999846461,0.1657312644437108,0.009634576999846461,0.0011268437945378491,1.549800796812749,1.0,1.2354773744541863,/tmp/nxf.XXXX901MdZ/sourmash_database/gtdb-rs214-reps.k51.zip,"GCF_002222595.2 Blautia hansenii DSM 20583 strain=DSM 20583, ASM222259v2",c1156247325572f938d66eef920685a8,0.1657312644437108,502000,7,2259000,SRR6915096_2.fastq.gz,SRR6915096,3ab69061,52104000,51,DNA,1000,52104,True,0.9129927038560891,0.9653709031349861,0.9391818034955376,0.9653709031349861,False,778,405062,690424,d__Bacteria;p__Bacillota_A;c__Clostridia;o__Lachnospirales;f__Lachnospiraceae;g__Blautia;s__Blautia hansenii
658000,0.012628588975894365,0.054385210662080824,0.004855673268846922,0.00264330324554187,7.213438735177865,7.0,6.728052977701094,/tmp/nxf.XXXX901MdZ/sourmash_database/gtdb-rs214-reps.k51.zip,"GCF_004211955.1 Escherichia sp. E1V33 strain=E1V33, ASM421195v1",e9fb153d1248b2562fc0e641351fabc1,0.1414445399828031,253000,8,2006000,SRR6915096_2.fastq.gz,SRR6915096,3ab69061,52104000,51,DNA,1000,52104,True,0.9178498965489245,0.9623760959432136,0.940112996246069,0.9623760959432136,False,1825,406887,690424,d__Bacteria;p__Pseudomonadota;c__Gammaproteobacteria;o__Enterobacterales;f__Enterobacteriaceae;g__Escherichia;s__Escherichia sp004211955
437000,0.008387072009826501,0.09699170124481328,0.0035889758943651157,0.0005228671077482822,1.9304812834224598,1.0,1.6155928973839595,/tmp/nxf.XXXX901MdZ/sourmash_database/gtdb-rs214-reps.k51.zip,"GCA_915066865.1 uncultured Veillonella sp., SRR1044034_bin.2_metaWRAP_v1.1_MAG",663bf18a7293452400a08297b32a77ae,0.2266597510373444,187000,9,1819000,SRR6915096_2.fastq.gz,SRR6915096,3ab69061,52104000,51,DNA,1000,52104,True,0.9105136855499802,0.9713154180279991,0.9409145517889896,0.9713154180279991,False,361,407248,690424,d__Bacteria;p__Bacillota_C;c__Negativicutes;o__Veillonellales;f__Veillonellaceae;g__Veillonella;s__Veillonella sp915066865
667000,0.012801320436050975,0.03989302429240027,0.0034354368186703516,0.0014194176332224836,5.4748603351955305,4.0,5.5494913308133995,/tmp/nxf.XXXX901MdZ/sourmash_database/gtdb-rs214-reps.k51.zip,"GCF_002965065.1 Escherichia sp. MOD1-EC7003 strain=MOD1-EC7003, ASM296506v1",10464a15002925b3d236f1c4c1df1115,0.14865166035212837,179000,10,1640000,SRR6915096_2.fastq.gz,SRR6915096,3ab69061,52104000,51,DNA,1000,52104,True,0.9180944211939291,0.9633143606450806,0.9407043909195049,0.9633143606450806,False,980,408228,690424,d__Bacteria;p__Pseudomonadota;c__Gammaproteobacteria;o__Enterobacterales;f__Enterobacteriaceae;g__Escherichia;s__Escherichia sp002965065
179000,0.0034354368186703516,0.09894385769872151,0.003416244434208506,0.0002882286826645655,1.1179775280898876,1.0,0.371169363127167,/tmp/nxf.XXXX901MdZ/sourmash_database/gtdb-rs214-reps.k51.zip,"GCF_013394085.1 Lactobacillus fermentum strain=DSM 20052, ASM1339408v1",aad8ebed8772d7e930f30281c5f959c6,0.09949972206781545,178000,11,1462000,SRR6915096_2.fastq.gz,SRR6915096,3ab69061,52104000,51,DNA,1000,52104,True,0.8947174773365053,0.9557613153706993,0.9252393963536023,0.9557613153706993,False,199,408427,690424,d__Bacteria;p__Bacillota;c__Bacilli;o__Lactobacillales;f__Lactobacillaceae;g__Limosilactobacillus;s__Limosilactobacillus fermentum
276000,0.0052970981114693685,0.04450784593437946,0.0029940119760479044,0.003324044355352653,14.711538461538462,11.0,12.717850172798526,/tmp/nxf.XXXX901MdZ/sourmash_database/gtdb-rs214-reps.k51.zip,"GCA_022728415.1 Collinsella sp., ASM2272841v1",f6aa1a5c3b6ba84a8235617fbaa0eb23,0.07874465049928674,156000,12,1306000,SRR6915096_2.fastq.gz,SRR6915096,3ab69061,52104000,51,DNA,1000,52104,True,0.9023464092169144,0.951387137726618,0.9268667734717662,0.951387137726618,False,2295,410722,690424,d__Bacteria;p__Actinomycetota;c__Coriobacteriia;o__Coriobacteriales;f__Coriobacteriaceae;g__Collinsella;s__Collinsella sp022728415
588000,0.011285122063565177,0.03209242618741977,0.002878857669276831,0.001155811501338308,5.32,5.0,3.451222005802196,/tmp/nxf.XXXX901MdZ/sourmash_database/gtdb-rs214-reps.k51.zip,"GCF_000026225.1 Escherichia fergusonii ATCC 35469 strain=ATCC 35469T, ASM2622v1",7dbe6010890b58df30d52f7c51938181,0.1258023106546855,150000,13,1156000,SRR6915096_2.fastq.gz,SRR6915096,3ab69061,52104000,51,DNA,1000,52104,True,0.9158278544696162,0.9601671327273135,0.9379974935984648,0.9601671327273135,False,798,411520,690424,d__Bacteria;p__Pseudomonadota;c__Gammaproteobacteria;o__Enterobacterales;f__Enterobacteriaceae;g__Escherichia;s__Escherichia fergusonii
544000,0.010440657147243973,0.02548930359581247,0.0021495470597267005,0.0009993858846158302,6.160714285714286,4.5,9.498640477371872,/tmp/nxf.XXXX901MdZ/sourmash_database/gtdb-rs214-reps.k51.zip,"GCA_021307345.1 Escherichia coli strain=E69, ASM2130734v1",16da23244605ebeb4b38a016ebcc0853,0.12380518889394629,112000,14,1044000,SRR6915096_2.fastq.gz,SRR6915096,3ab69061,52104000,51,DNA,1000,52104,True,0.9144322329566761,0.9598659051675036,0.9371490690620898,0.9598659051675036,False,690,412210,690424,d__Bacteria;p__Pseudomonadota;c__Gammaproteobacteria;o__Enterobacterales;f__Enterobacteriaceae;g__Escherichia;s__Escherichia ruysiae
406000,0.007792108091509289,0.04976958525345622,0.0020727775218793184,0.0003447157109254603,2.2037037037037037,2.0,1.7730453988216373,/tmp/nxf.XXXX901MdZ/sourmash_database/gtdb-rs214-reps.k51.zip,"GCF_000024945.1 Veillonella parvula DSM 2008 strain=DSM 2008, ASM2494v1",e0f8fd6bf8a6f676ff9f4dba05931b1b,0.1870967741935484,108000,15,936000,SRR6915096_2.fastq.gz,SRR6915096,3ab69061,52104000,51,DNA,1000,52104,True,0.9092009929283547,0.9676689150327925,0.9384349539805736,0.9676689150327925,False,238,412448,690424,d__Bacteria;p__Bacillota_C;c__Negativicutes;o__Veillonellales;f__Veillonellaceae;g__Veillonella;s__Veillonella parvula
103000,0.0019768155995700904,0.04553492484526967,0.0019768155995700904,0.00016077077274254662,1.0776699029126213,1.0,0.26765143207942177,/tmp/nxf.XXXX901MdZ/sourmash_database/gtdb-rs214-reps.k51.zip,"GCF_900187105.1 Eikenella corrodens strain=NCTC10596, 50618_F01",e06b18d3c696cf72038832edccaeba4c,0.04553492484526967,103000,16,833000,SRR6915096_2.fastq.gz,SRR6915096,3ab69061,52104000,51,DNA,1000,52104,True,0.8850742966245192,0.9412240850648933,0.9131491908447062,0.9412240850648933,False,111,412559,690424,d__Bacteria;p__Pseudomonadota;c__Gammaproteobacteria;o__Burkholderiales;f__Neisseriaceae;g__Eikenella;s__Eikenella corrodens
496000,0.009519422693075388,0.028800583302952973,0.0015161983724857977,0.003726695479879031,32.56962025316456,31.0,11.890516957924008,/tmp/nxf.XXXX901MdZ/sourmash_database/gtdb-rs214-reps.k51.zip,"GCF_000269965.1 Bifidobacterium longum subsp. infantis ATCC 15697 = JCM 1222 = DSM 20088 strain=JCM 1222, ASM26996v1",9e122949c1d8c7291ae948248c84e820,0.18082391542107182,79000,17,754000,SRR6915096_2.fastq.gz,SRR6915096,3ab69061,52104000,51,DNA,1000,52104,True,0.9127774743185038,0.9670220781088639,0.9398997762136838,0.9670220781088639,False,2573,415132,690424,d__Bacteria;p__Actinomycetota;c__Actinomycetia;o__Actinomycetales;f__Bifidobacteriaceae;g__Bifidobacterium;s__Bifidobacterium infantis
581000,0.011150775372332259,0.01455052820410604,0.0014010440657147244,0.0007097088166112418,6.712328767123288,6.0,4.8014822256408545,/tmp/nxf.XXXX901MdZ/sourmash_database/gtdb-rs214-reps.k51.zip,"GCF_005843885.1 Escherichia sp. E4742 strain=E4742, ASM584388v1",440a1d2d5bc0973705d09cae59de539f,0.1158062587203508,73000,18,681000,SRR6915096_2.fastq.gz,SRR6915096,3ab69061,52104000,51,DNA,1000,52104,True,0.9156128183589523,0.9586096675758852,0.9371112429674187,0.9586096675758852,False,490,415622,690424,d__Bacteria;p__Pseudomonadota;c__Gammaproteobacteria;o__Enterobacterales;f__Enterobacteriaceae;g__Escherichia;s__Escherichia sp005843885
243000,0.004663749424228466,0.01335113484646195,0.0011515430677107323,0.0004881058595877316,5.616666666666666,2.0,18.659306584710542,/tmp/nxf.XXXX901MdZ/sourmash_database/gtdb-rs214-reps.k51.zip,"GCA_019415335.1 Citrobacter sp., ASM1941533v1",97052f3ccc2b5e4740a4368469a5a05a,0.0540720961281709,60000,19,621000,SRR6915096_2.fastq.gz,SRR6915096,3ab69061,52104000,51,DNA,1000,52104,True,0.9000961946991896,0.9444007805729401,0.9222484876360648,0.9444007805729401,False,337,415959,690424,d__Bacteria;p__Pseudomonadota;c__Gammaproteobacteria;o__Enterobacterales;f__Enterobacteriaceae;g__Citrobacter_A;s__Citrobacter_A sp019415335
