intersect_bp,f_orig_query,f_match,f_unique_to_query,f_unique_weighted,average_abund,median_abund,std_abund,filename,name,md5,f_match_orig,unique_intersect_bp,gather_result_rank,remaining_bp,query_filename,query_name,query_md5,query_bp,ksize,moltype,scaled,query_n_hashes,query_abundance,query_containment_ani,match_containment_ani,average_containment_ani,max_containment_ani,potential_false_negative,n_unique_weighted_found,sum_weighted_found,total_weighted_hashes,lineage
1864000,0.23476070528967255,0.567427701674277,0.23476070528967255,0.35613757106906513,2.049892703862661,1.0,2.179739911757396,/tmp/nxf.XXXXzNFIjL/sourmash_database/genbank-2022.03-bacteria-k51.zip,"GCA_905203725.1 Prevotella copri, ERR748090-mag-bin.1",0ba2029263284fec5e40d118d2cb01be,0.567427701674277,1864000,0,4563000,ERR481070.fastq.gz,ERR481070,412333ce,7940000,51,DNA,1000,7940,True,0.9719844603525697,0.9889508688572866,0.9804676646049282,0.9889508688572866,False,3821,3821,10729,Bacteria;Bacteroidetes;Bacteroidia;Bacteroidales;Prevotellaceae;Prevotella;Prevotella copri
501000,0.06309823677581863,0.11440968257593058,0.06309823677581863,0.058253332090595585,1.2475049900199602,1.0,0.6911319957894021,/tmp/nxf.XXXXzNFIjL/sourmash_database/genbank-2022.03-bacteria-k51.zip,"GCA_900217715.1 Bacteroides sp. AR29 strain=AR29, IMG-taxon 2596583541 annotated assembly",6db8cdaab1e0d3ce287230258506ec57,0.11440968257593058,501000,1,4062000,ERR481070.fastq.gz,ERR481070,412333ce,7940000,51,DNA,1000,7940,True,0.9472637673590811,0.9583816414967522,0.9528227044279167,0.9583816414967522,False,625,4446,10729,Bacteria;Bacteroidetes;Bacteroidia;Bacteroidales;Bacteroidaceae;Bacteroides;Bacteroides sp. AR29
322000,0.04055415617128463,0.07532281205164992,0.039672544080604534,0.03243545530804362,1.1047619047619048,1.0,0.38849672484516456,/tmp/nxf.XXXXzNFIjL/sourmash_database/genbank-2022.03-bacteria-k51.zip,"GCA_009024815.1 Bacteroides stercoris strain=BIOML-A18, ASM902481v1",049c6b37e43a4f11126fcb363a7f04d8,0.07699665231946437,315000,2,3747000,ERR481070.fastq.gz,ERR481070,412333ce,7940000,51,DNA,1000,7940,True,0.9390886159499208,0.9509684628237598,0.9450285393868403,0.9509684628237598,False,348,4794,10729,Bacteria;Bacteroidetes;Bacteroidia;Bacteroidales;Bacteroidaceae;Bacteroides;Bacteroides stercoris
323000,0.040680100755667505,0.041289291422482687,0.03904282115869018,0.03215583931400876,1.1129032258064515,1.0,0.3977695357087836,/tmp/nxf.XXXXzNFIjL/sourmash_database/genbank-2022.03-bacteria-k51.zip,"GCA_015554165.1 Bacteroides ovatus strain=1001095H_141210_D4, ASM1555416v1",725d5f8f1c5aea487540ac989208c1be,0.043020777836973896,310000,3,3437000,ERR481070.fastq.gz,ERR481070,412333ce,7940000,51,DNA,1000,7940,True,0.9391457138624953,0.9401764695866882,0.9396610917245918,0.9401764695866882,False,345,5139,10729,Bacteria;Bacteroidetes;Bacteroidia;Bacteroidales;Bacteroidaceae;Bacteroides;Bacteroides ovatus
256000,0.03224181360201511,0.12415130940834142,0.03224181360201511,0.02796159940348588,1.171875,1.0,0.43498159084609545,/tmp/nxf.XXXXzNFIjL/sourmash_database/genbank-2022.03-bacteria-k51.zip,"GCA_905203675.1 uncultured Collinsella sp., ERR748102-mag-bin.4",cd7dea0bad5f635f5c723230835edcce,0.12415130940834142,256000,4,3181000,ERR481070.fastq.gz,ERR481070,412333ce,7940000,51,DNA,1000,7940,True,0.9348745190385379,0.9599184505309267,0.9473964847847323,0.9599184505309267,False,300,5439,10729,Bacteria;Actinobacteria;Coriobacteriia;Coriobacteriales;Coriobacteriaceae;Collinsella;uncultured Collinsella sp.
245000,0.030856423173803528,0.04052311659605821,0.027707808564231738,0.022462484854133657,1.0954545454545455,1.0,0.3988361166367513,/tmp/nxf.XXXXzNFIjL/sourmash_database/genbank-2022.03-bacteria-k51.zip,"GCA_021410585.1 Phocaeicola vulgatus strain=BJH_35, ASM2141058v1",4fe036ec5311e3a34d26bad5f00e05a3,0.04512801620924664,220000,5,2961000,ERR481070.fastq.gz,ERR481070,412333ce,7940000,51,DNA,1000,7940,True,0.9340697876939705,0.9410584376538219,0.9375641126738963,0.9410584376538219,False,241,5680,10729,Bacteria;Bacteroidetes;Bacteroidia;Bacteroidales;Bacteroidaceae;Phocaeicola;Phocaeicola vulgatus
209000,0.02632241813602015,0.06259359089547768,0.02632241813602015,0.024699412806412527,1.2679425837320575,1.0,0.6812429370548396,/tmp/nxf.XXXXzNFIjL/sourmash_database/genbank-2022.03-bacteria-k51.zip,"GCA_018368555.1 Subdoligranulum variabile, ASM1836855v1",d177dfb91ee4f638aad83c893fb5bf0f,0.06259359089547768,209000,6,2752000,ERR481070.fastq.gz,ERR481070,412333ce,7940000,51,DNA,1000,7940,True,0.9311636108753014,0.9471146327017256,0.9391391217885134,0.9471146327017256,False,265,5945,10729,Bacteria;Firmicutes;Clostridia;Eubacteriales;Oscillospiraceae;Subdoligranulum;Subdoligranulum variabile
202000,0.02544080604534005,0.08784965034965035,0.02531486146095718,0.022369279522788704,1.1940298507462686,1.0,0.4648481045491772,/tmp/nxf.XXXXzNFIjL/sourmash_database/genbank-2022.03-bacteria-k51.zip,"GCA_008671395.1 Faecalibacterium prausnitzii, ASM867139v1",2a968130669b67efeec5f59c2af7046a,0.08828671328671328,201000,7,2551000,ERR481070.fastq.gz,ERR481070,412333ce,7940000,51,DNA,1000,7940,True,0.930541827664074,0.9535232375628754,0.9420325326134746,0.9535232375628754,False,240,6185,10729,Bacteria;Firmicutes;Clostridia;Eubacteriales;Oscillospiraceae;Faecalibacterium;Faecalibacterium prausnitzii
158000,0.019899244332493703,0.05924259467566554,0.019899244332493703,0.01714978096747134,1.1645569620253164,1.0,0.583103433229419,/tmp/nxf.XXXXzNFIjL/sourmash_database/genbank-2022.03-bacteria-k51.zip,"GCA_009159425.1 Bifidobacterium longum strain=BIOML-A7, ASM915942v1",a5076f48e883ccc3620d6384a372aced,0.05924259467566554,158000,8,2393000,ERR481070.fastq.gz,ERR481070,412333ce,7940000,51,DNA,1000,7940,True,0.9260700834199168,0.9460933750915792,0.936081729255748,0.9460933750915792,False,184,6369,10729,Bacteria;Actinobacteria;Actinomycetia;Bifidobacteriales;Bifidobacteriaceae;Bifidobacterium;Bifidobacterium longum
156000,0.01964735516372796,0.03288201160541586,0.01712846347607053,0.013141951719638363,1.036764705882353,1.0,0.18818358664808424,/tmp/nxf.XXXXzNFIjL/sourmash_database/genbank-2022.03-bacteria-k51.zip,"GCA_003435895.1 Bacteroides sp. AM16-15 strain=AM16-15, ASM343589v1",ee5a70ee5c7061d921babb33f251d66e,0.037717601547388784,136000,9,2257000,ERR481070.fastq.gz,ERR481070,412333ce,7940000,51,DNA,1000,7940,True,0.9258387940590834,0.9377543758475316,0.9317965849533075,0.9377543758475316,False,141,6510,10729,Bacteria;Bacteroidetes;Bacteroidia;Bacteroidales;Bacteroidaceae;Bacteroides;Bacteroides sp. AM16-15
138000,0.017380352644836273,0.04539106145251397,0.0163727959697733,0.013514773045018176,1.1153846153846154,1.0,0.3644725458609887,/tmp/nxf.XXXXzNFIjL/sourmash_database/genbank-2022.03-bacteria-k51.zip,"GCA_003312465.1 Faecalibacterium prausnitzii strain=APC918/95b, ASM331246v1",84bf13206bbdb7a0b77ee18cde9271c9,0.04818435754189944,130000,10,2127000,ERR481070.fastq.gz,ERR481070,412333ce,7940000,51,DNA,1000,7940,True,0.9236157811539208,0.9422684044590444,0.9329420928064827,0.9422684044590444,False,145,6655,10729,Bacteria;Firmicutes;Clostridia;Eubacteriales;Oscillospiraceae;Faecalibacterium;Faecalibacterium prausnitzii
130000,0.0163727959697733,0.04065040650406504,0.015743073047858942,0.013514773045018176,1.16,1.0,0.5276362383309168,/tmp/nxf.XXXXzNFIjL/sourmash_database/genbank-2022.03-bacteria-k51.zip,"GCA_003460195.1 Lachnospira eligens strain=AF18-47, ASM346019v1",5ceccb9d16e4d8b88b71642f86fb4790,0.04227642276422764,125000,11,2002000,ERR481070.fastq.gz,ERR481070,412333ce,7940000,51,DNA,1000,7940,True,0.9225348920093367,0.9398547694211877,0.9311948307152622,0.9398547694211877,False,145,6800,10729,Bacteria;Firmicutes;Clostridia;Eubacteriales;Lachnospiraceae;Lachnospira;Lachnospira eligens
126000,0.015869017632241814,0.03802910052910053,0.014483627204030227,0.013421567713673222,1.2521739130434784,1.0,0.6302998356320043,/tmp/nxf.XXXXzNFIjL/sourmash_database/genbank-2022.03-bacteria-k51.zip,"GCA_002734145.1 Faecalibacterium prausnitzii strain=A2165, ASM273414v1",9f35d6d01fc2840d92fb17c34aec8d27,0.041666666666666664,115000,12,1887000,ERR481070.fastq.gz,ERR481070,412333ce,7940000,51,DNA,1000,7940,True,0.9219697404459501,0.9395870760883538,0.930778408267152,0.9395870760883538,False,144,6944,10729,Bacteria;Firmicutes;Clostridia;Eubacteriales;Oscillospiraceae;Faecalibacterium;Faecalibacterium prausnitzii
125000,0.015743073047858942,0.01595336708084062,0.01309823677581864,0.010066175785254917,1.0384615384615385,1.0,0.23709284626803756,/tmp/nxf.XXXXzNFIjL/sourmash_database/genbank-2022.03-bacteria-k51.zip,"GCA_021412325.1 Bacteroides thetaiotaomicron strain=BJH_126, ASM2141232v1",82c642c284dfa802294c4606a0a34162,0.019174720049087282,104000,13,1783000,ERR481070.fastq.gz,ERR481070,412333ce,7940000,51,DNA,1000,7940,True,0.9218257044177819,0.9253968572081066,0.9236112808129442,0.9253968572081066,False,108,7052,10729,Bacteria;Bacteroidetes;Bacteroidia;Bacteroidales;Bacteroidaceae;Bacteroides;Bacteroides thetaiotaomicron
447000,0.056297229219143576,0.017490339637990644,0.010831234256926952,0.00857489048373567,1.069767441860465,1.0,0.29691035662334203,/tmp/nxf.XXXXzNFIjL/sourmash_database/genbank-2022.03-bacteria-k51.zip,"GCA_003436255.1 Bacteroides sp. D20 strain=TM09-11, ASM343625v1",ba244ed62b3cbcd5cca6af735cc62744,0.09090909090909091,86000,14,1697000,ERR481070.fastq.gz,ERR481070,412333ce,7940000,51,DNA,1000,7940,True,0.9451478385852023,0.9540706493355244,0.9496092439603634,0.9540706493355244,False,92,7144,10729,Bacteria;Bacteroidetes;Bacteroidia;Bacteroidales;Bacteroidaceae;Bacteroides;Bacteroides sp. D20
82000,0.010327455919395465,0.028005464480874317,0.010327455919395465,0.007922453164320999,1.0365853658536586,1.0,0.18774151607732506,/tmp/nxf.XXXXzNFIjL/sourmash_database/genbank-2022.03-bacteria-k51.zip,"GCA_011320265.1 Sutterella wadsworthensis strain=2733h, ASM1132026v1",cfe0b5dd639e28ef6f5cba52edbe7479,0.028005464480874317,82000,15,1615000,ERR481070.fastq.gz,ERR481070,412333ce,7940000,51,DNA,1000,7940,True,0.9142367885126522,0.9322959122178094,0.9232663503652307,0.9322959122178094,False,85,7229,10729,Bacteria;Proteobacteria;Betaproteobacteria;Burkholderiales;Sutterellaceae;Sutterella;Sutterella wadsworthensis
153000,0.019269521410579346,0.04145408163265306,0.00818639798488665,0.0074564265075962345,1.2307692307692308,1.0,0.5482624517293988,/tmp/nxf.XXXXzNFIjL/sourmash_database/genbank-2022.03-bacteria-k51.zip,"GCA_003525645.1 Subdoligranulum sp., ASM352564v1",3d2512bfe3ad015f3bc736db8690a85d,0.0975765306122449,65000,16,1550000,ERR481070.fastq.gz,ERR481070,412333ce,7940000,51,DNA,1000,7940,True,0.9254863510180812,0.9553956126600751,0.9404409818390782,0.9553956126600751,False,80,7309,10729,Bacteria;Firmicutes;Clostridia;Eubacteriales;Oscillospiraceae;Subdoligranulum;Subdoligranulum sp.
68000,0.008564231738035265,0.020151133501259445,0.008060453400503778,0.006151551868766893,1.03125,1.0,0.17399263633843817,/tmp/nxf.XXXXzNFIjL/sourmash_database/genbank-2022.03-bacteria-k51.zip,"GCA_018784765.1 Eubacterium ramulus strain=MCC545, ASM1878476v1",1f696ed993a94a65b546535972891e47,0.021410579345088162,64000,17,1486000,ERR481070.fastq.gz,ERR481070,412333ce,7940000,51,DNA,1000,7940,True,0.9108869468917916,0.9274002826037844,0.919143614747788,0.9274002826037844,False,66,7375,10729,Bacteria;Firmicutes;Clostridia;Eubacteriales;Eubacteriaceae;Eubacterium;Eubacterium ramulus
66000,0.00831234256926952,0.018862184362640706,0.0078085642317380355,0.005871935874732035,1.0161290322580645,1.0,0.12597176896623638,/tmp/nxf.XXXXzNFIjL/sourmash_database/genbank-2022.03-bacteria-k51.zip,"GCA_018785515.1 Butyricicoccus faecihominis strain=MCC316, ASM1878551v1",d779d680c628a6f55f2beaf6c3d1de38,0.020079099482811075,62000,18,1424000,ERR481070.fastq.gz,ERR481070,412333ce,7940000,51,DNA,1000,7940,True,0.910353913217957,0.9262334800122877,0.9182936966151223,0.9262334800122877,False,63,7438,10729,Bacteria;Firmicutes;Clostridia;Eubacteriales;Clostridiaceae;Butyricicoccus;Butyricicoccus faecihominis
67000,0.008438287153652394,0.0078397212543554,0.006801007556675063,0.005312703886662317,1.0555555555555556,1.0,0.22906142364542553,/tmp/nxf.XXXXzNFIjL/sourmash_database/genbank-2022.03-bacteria-k51.zip,"GCA_013304615.1 Blautia sp. MSK.20.9 strain=MSK.20.9, ASM1330461v1",b45fc76a3c9e319d7d0cdc5a958f0c0b,0.009727061556329849,54000,19,1370000,ERR481070.fastq.gz,ERR481070,412333ce,7940000,51,DNA,1000,7940,True,0.9106223800609341,0.9131637440643093,0.9118930620626218,0.9131637440643093,False,57,7495,10729,Bacteria;Firmicutes;Clostridia;Eubacteriales;Lachnospiraceae;Blautia;Blautia sp. MSK.20.9
52000,0.00654911838790932,0.020841683366733466,0.00654911838790932,0.005033087892627458,1.0384615384615385,1.0,0.19230769230769232,/tmp/nxf.XXXXzNFIjL/sourmash_database/genbank-2022.03-bacteria-k51.zip,"GCA_905213185.1 uncultured Phascolarctobacterium sp., ERR748104-mag-bin.3",a0a39038cb8b2ac4e6dad14f6c44e835,0.020841683366733466,52000,20,1318000,ERR481070.fastq.gz,ERR481070,412333ce,7940000,51,DNA,1000,7940,True,0.9061081896850657,0.9269107050209978,0.9165094473530317,0.9269107050209978,False,54,7549,10729,Bacteria;Firmicutes;Negativicutes;Acidaminococcales;Acidaminococcaceae;Phascolarctobacterium;uncultured Phascolarctobacterium sp.
74000,0.009319899244332493,0.018085106382978722,0.006423173803526448,0.0051262932239724114,1.0784313725490196,1.0,0.2688492000157272,/tmp/nxf.XXXXzNFIjL/sourmash_database/gtdb-rs214-reps.k51.zip,"GCF_023347275.1 Faecalibacterium sp. I3389 strain=I3389, ASM2334727v1",105d513d0b8d24a4f97fa1ab6cc3e404,0.02624113475177305,51000,21,1267000,ERR481070.fastq.gz,ERR481070,412333ce,7940000,51,DNA,1000,7940,True,0.9123984391913958,0.9311071444808037,0.9217527918360997,0.9311071444808037,False,55,7604,10729,d__Bacteria;p__Bacillota_A;c__Clostridia;o__Oscillospirales;f__Ruminococcaceae;g__Faecalibacterium;s__Faecalibacterium sp900758465
54000,0.006801007556675063,0.017642907551164433,0.006297229219143577,0.004939882561282505,1.06,1.0,0.23748684174075838,/tmp/nxf.XXXXzNFIjL/sourmash_database/genbank-2022.03-bacteria-k51.zip,"GCA_018786145.1 Anaerostipes hadrus strain=MCC006, ASM1878614v1",f3c07eb3203df63f2caa09e1110f55d4,0.019054340155257588,50000,22,1217000,ERR481070.fastq.gz,ERR481070,412333ce,7940000,51,DNA,1000,7940,True,0.9067789637305907,0.9252825896899394,0.9160307767102651,0.9252825896899394,False,53,7657,10729,Bacteria;Firmicutes;Clostridia;Eubacteriales;Lachnospiraceae;Anaerostipes;Anaerostipes hadrus
