intersect_bp,f_orig_query,f_match,f_unique_to_query,f_unique_weighted,average_abund,median_abund,std_abund,filename,name,md5,f_match_orig,unique_intersect_bp,gather_result_rank,remaining_bp,query_filename,query_name,query_md5,query_bp,ksize,moltype,scaled,query_n_hashes,query_abundance,query_containment_ani,match_containment_ani,average_containment_ani,max_containment_ani,potential_false_negative,n_unique_weighted_found,sum_weighted_found,total_weighted_hashes,lineage
1717000,0.23344663494221618,0.5226788432267885,0.23344663494221618,0.34556701030927833,1.9522422830518347,1.0,1.9321761109459215,/tmp/nxf.XXXXAyiaDO/sourmash_database/genbank-2022.03-bacteria-k51.zip,"GCA_905203725.1 Prevotella copri, ERR748090-mag-bin.1",0ba2029263284fec5e40d118d2cb01be,0.5226788432267885,1717000,0,3995000,ERR481068.fastq.gz,ERR481068,ac15ab20,7355000,51,DNA,1000,7355,True,0.9718774867112236,0.9873592394399275,0.9796183630755756,0.9873592394399275,False,3352,3352,9700,Bacteria;Bacteroidetes;Bacteroidia;Bacteroidales;Prevotellaceae;Prevotella;Prevotella copri
445000,0.060503059143439834,0.10162137474309203,0.060503059143439834,0.056288659793814436,1.2269662921348314,1.0,0.6396565168416071,/tmp/nxf.XXXXAyiaDO/sourmash_database/genbank-2022.03-bacteria-k51.zip,"GCA_900217715.1 Bacteroides sp. AR29 strain=AR29, IMG-taxon 2596583541 annotated assembly",6db8cdaab1e0d3ce287230258506ec57,0.10162137474309203,445000,1,3550000,ERR481068.fastq.gz,ERR481068,ac15ab20,7355000,51,DNA,1000,7355,True,0.9464840093720784,0.95615680206584,0.9513204057189593,0.95615680206584,False,546,3898,9700,Bacteria;Bacteroidetes;Bacteroidia;Bacteroidales;Bacteroidaceae;Bacteroides;Bacteroides sp. AR29
292000,0.039700883752549286,0.037959509856153435,0.03874915023793338,0.03237113402061856,1.1017543859649124,1.0,0.38411037707800727,/tmp/nxf.XXXXAyiaDO/sourmash_database/genbank-2022.03-bacteria-k51.zip,"GCA_015554165.1 Bacteroides ovatus strain=1001095H_141210_D4, ASM1555416v1",725d5f8f1c5aea487540ac989208c1be,0.038891848694725624,285000,2,3265000,ERR481068.fastq.gz,ERR481068,ac15ab20,7355000,51,DNA,1000,7355,True,0.9386971377209032,0.9383182609777411,0.9385076993493222,0.9386971377209032,False,314,4212,9700,Bacteria;Bacteroidetes;Bacteroidia;Bacteroidales;Bacteroidaceae;Bacteroides;Bacteroides ovatus
277000,0.037661454792658054,0.13433559650824442,0.037661454792658054,0.033814432989690724,1.184115523465704,1.0,0.4940443435250831,/tmp/nxf.XXXXAyiaDO/sourmash_database/genbank-2022.03-bacteria-k51.zip,"GCA_905203675.1 uncultured Collinsella sp., ERR748102-mag-bin.4",cd7dea0bad5f635f5c723230835edcce,0.13433559650824442,277000,3,2988000,ERR481068.fastq.gz,ERR481068,ac15ab20,7355000,51,DNA,1000,7355,True,0.9377269842968367,0.9614035202620219,0.9495652522794293,0.9614035202620219,False,328,4540,9700,Bacteria;Actinobacteria;Coriobacteriia;Coriobacteriales;Coriobacteriaceae;Collinsella;uncultured Collinsella sp.
274000,0.03725356900067981,0.06373793803961401,0.034126444595513256,0.029896907216494847,1.155378486055777,1.0,0.4592573211470777,/tmp/nxf.XXXXAyiaDO/sourmash_database/genbank-2022.03-bacteria-k51.zip,"GCA_003462745.1 Bacteroides stercoris strain=AF16-30, ASM346274v1",f8c159f4e39cfec3e7fe225b382cac4a,0.06957846622651091,251000,4,2737000,ERR481068.fastq.gz,ERR481068,ac15ab20,7355000,51,DNA,1000,7355,True,0.9375267844151208,0.9490813262005137,0.9433040553078172,0.9490813262005137,False,290,4830,9700,Bacteria;Bacteroidetes;Bacteroidia;Bacteroidales;Bacteroidaceae;Bacteroides;Bacteroides stercoris
212000,0.028823929299796058,0.09426411738550466,0.028823929299796058,0.025051546391752576,1.1462264150943395,1.0,0.41474577989866546,/tmp/nxf.XXXXAyiaDO/sourmash_database/genbank-2022.03-bacteria-k51.zip,"GCA_008671525.1 Faecalibacterium prausnitzii, ASM867152v1",453942ddfb6ef1ec13f8a2909ecd3e85,0.09426411738550466,212000,5,2525000,ERR481068.fastq.gz,ERR481068,ac15ab20,7355000,51,DNA,1000,7355,True,0.9328226485550233,0.9547488527920865,0.943785750673555,0.9547488527920865,False,243,5073,9700,Bacteria;Firmicutes;Clostridia;Eubacteriales;Oscillospiraceae;Faecalibacterium;Faecalibacterium prausnitzii
210000,0.028552005438477225,0.04286909242994563,0.02787219578518015,0.023402061855670103,1.1073170731707318,1.0,0.38023756624205024,/tmp/nxf.XXXXAyiaDO/sourmash_database/genbank-2022.03-bacteria-k51.zip,"GCA_021412905.1 Phocaeicola vulgatus strain=BJH_118, ASM2141290v1",e0c3fb74a6f9468f85f4bf2baf11699a,0.043914680050188205,205000,6,2320000,ERR481068.fastq.gz,ERR481068,ac15ab20,7355000,51,DNA,1000,7355,True,0.9326492923704005,0.9405556667994266,0.9366024795849135,0.9405556667994266,False,227,5300,9700,Bacteria;Bacteroidetes;Bacteroidia;Bacteroidales;Bacteroidaceae;Phocaeicola;Phocaeicola vulgatus
188000,0.025560842963970088,0.05630428271937706,0.025560842963970088,0.02422680412371134,1.25,1.0,0.624201617728173,/tmp/nxf.XXXXAyiaDO/sourmash_database/genbank-2022.03-bacteria-k51.zip,"GCA_018368555.1 Subdoligranulum variabile, ASM1836855v1",d177dfb91ee4f638aad83c893fb5bf0f,0.05630428271937706,188000,7,2132000,ERR481068.fastq.gz,ERR481068,ac15ab20,7355000,51,DNA,1000,7355,True,0.9306277185700166,0.9451501603625095,0.9378889394662631,0.9451501603625095,False,235,5535,9700,Bacteria;Firmicutes;Clostridia;Eubacteriales;Oscillospiraceae;Subdoligranulum;Subdoligranulum variabile
164000,0.02229775662814412,0.0614923134608174,0.02229775662814412,0.019278350515463918,1.1402439024390243,1.0,0.4401661981286328,/tmp/nxf.XXXXAyiaDO/sourmash_database/genbank-2022.03-bacteria-k51.zip,"GCA_009159425.1 Bifidobacterium longum strain=BIOML-A7, ASM915942v1",a5076f48e883ccc3620d6384a372aced,0.0614923134608174,164000,8,1968000,ERR481068.fastq.gz,ERR481068,ac15ab20,7355000,51,DNA,1000,7355,True,0.9281388765066754,0.9467850438731126,0.9374619601898939,0.9467850438731126,False,187,5722,9700,Bacteria;Actinobacteria;Actinomycetia;Bifidobacteriales;Bifidobacteriaceae;Bifidobacterium;Bifidobacterium longum
128000,0.017403127124405168,0.03970775095298602,0.01699524133242692,0.014845360824742268,1.152,1.0,0.490811572805695,/tmp/nxf.XXXXAyiaDO/sourmash_database/genbank-2022.03-bacteria-k51.zip,"GCA_003467705.1 Lachnospira eligens strain=AM37-3BH, ASM346770v1",34b48c9d547e55563adc01cbd8040ddb,0.04066073697585769,125000,9,1843000,ERR481068.fastq.gz,ERR481068,ac15ab20,7355000,51,DNA,1000,7355,True,0.9236394966512458,0.9391369464331238,0.9313882215421848,0.9391369464331238,False,144,5866,9700,Bacteria;Firmicutes;Clostridia;Eubacteriales;Lachnospiraceae;Lachnospira;Lachnospira eligens
122000,0.016587355540448673,0.02641599238457877,0.015091774303195105,0.012164948453608248,1.063063063063063,1.0,0.2430763524906674,/tmp/nxf.XXXXAyiaDO/sourmash_database/genbank-2022.03-bacteria-k51.zip,"GCA_015549385.1 Phocaeicola massiliensis strain=D40t1_170626_A9, ASM1554938v1",efc17b1868b2b7c1ae79f97fb7a7fe56,0.029033793431699192,111000,10,1732000,ERR481068.fastq.gz,ERR481068,ac15ab20,7355000,51,DNA,1000,7355,True,0.922770431039674,0.9329553478385935,0.9278628894391338,0.9329553478385935,False,118,5984,9700,Bacteria;Bacteroidetes;Bacteroidia;Bacteroidales;Bacteroidaceae;Phocaeicola;Phocaeicola massiliensis
116000,0.015771583956492183,0.03820771101076763,0.01495581237253569,0.012577319587628866,1.1090909090909091,1.0,0.4122103290456231,/tmp/nxf.XXXXAyiaDO/sourmash_database/genbank-2022.03-bacteria-k51.zip,"GCA_017377595.1 Faecalibacterium sp. Marseille-Q0746 strain=Marseille-Q0746, ASM1737759v1",49174174b6881f2ce04776129d7ba49d,0.040291767974991316,110000,11,1622000,ERR481068.fastq.gz,ERR481068,ac15ab20,7355000,51,DNA,1000,7355,True,0.9218584094762242,0.9389690998404958,0.93041375465836,0.9389690998404958,False,122,6106,9700,Bacteria;Firmicutes;Clostridia;Eubacteriales;Oscillospiraceae;Faecalibacterium;Faecalibacterium sp. Marseille-Q0746
106000,0.014411964649898029,0.03270564915758176,0.01346023113528212,0.012268041237113402,1.202020202020202,1.0,0.5681762064818275,/tmp/nxf.XXXXAyiaDO/sourmash_database/genbank-2022.03-bacteria-k51.zip,"GCA_000154385.1 Faecalibacterium prausnitzii M21/2 strain=M21/2, ASM15438v1",d5ef05d827427ee286b4fc89524d1962,0.03501816980508755,99000,12,1523000,ERR481068.fastq.gz,ERR481068,ac15ab20,7355000,51,DNA,1000,7355,True,0.9202303087363608,0.9363899291038248,0.9283101189200929,0.9363899291038248,False,119,6225,9700,Bacteria;Firmicutes;Clostridia;Eubacteriales;Oscillospiraceae;Faecalibacterium;Faecalibacterium prausnitzii;Faecalibacterium prausnitzii M21/2
87000,0.011828687967369137,0.02971311475409836,0.011828687967369137,0.009381443298969071,1.0459770114942528,1.0,0.2094352546929724,/tmp/nxf.XXXXAyiaDO/sourmash_database/genbank-2022.03-bacteria-k51.zip,"GCA_011320265.1 Sutterella wadsworthensis strain=2733h, ASM1132026v1",cfe0b5dd639e28ef6f5cba52edbe7479,0.02971311475409836,87000,13,1436000,ERR481068.fastq.gz,ERR481068,ac15ab20,7355000,51,DNA,1000,7355,True,0.9166730062849806,0.9333785313580288,0.9250257688215047,0.9333785313580288,False,91,6316,9700,Bacteria;Proteobacteria;Betaproteobacteria;Burkholderiales;Sutterellaceae;Sutterella;Sutterella wadsworthensis
123000,0.016723317471108088,0.011961722488038277,0.011556764106050306,0.009278350515463918,1.0588235294117647,1.0,0.32003460020553987,/tmp/nxf.XXXXAyiaDO/sourmash_database/genbank-2022.03-bacteria-k51.zip,"GCA_015554035.1 Bacteroides thetaiotaomicron strain=BSD2780120875_150330_C9, ASM1555403v1",182f83e7039af61fc2c505e64f26d437,0.01730931607092598,85000,14,1351000,ERR481068.fastq.gz,ERR481068,ac15ab20,7355000,51,DNA,1000,7355,True,0.9229181460314937,0.9235416132187553,0.9232298796251245,0.9235416132187553,False,90,6406,9700,Bacteria;Bacteroidetes;Bacteroidia;Bacteroidales;Bacteroidaceae;Bacteroides;Bacteroides thetaiotaomicron
379000,0.05152957171991842,0.017477876106194692,0.010740992522093814,0.008762886597938144,1.0759493670886076,1.0,0.2649170827399538,/tmp/nxf.XXXXAyiaDO/sourmash_database/genbank-2022.03-bacteria-k51.zip,"GCA_902374035.1 Bacteroides uniformis, MGYG-HGUT-01346",f1e2eef2c03ec356d52de7abfd040315,0.08384955752212389,79000,15,1272000,ERR481068.fastq.gz,ERR481068,ac15ab20,7355000,51,DNA,1000,7355,True,0.9435093461518854,0.9525596302957763,0.9480344882238309,0.9525596302957763,False,85,6491,9700,Bacteria;Bacteroidetes;Bacteroidia;Bacteroidales;Bacteroidaceae;Bacteroides;Bacteroides uniformis
61000,0.008293677770224337,0.008275261324041812,0.007749830047586676,0.005979381443298969,1.0175438596491229,1.0,0.13128622409733126,/tmp/nxf.XXXXAyiaDO/sourmash_database/genbank-2022.03-bacteria-k51.zip,"GCA_013304615.1 Blautia sp. MSK.20.9 strain=MSK.20.9, ASM1330461v1",b45fc76a3c9e319d7d0cdc5a958f0c0b,0.008855981416957027,57000,16,1215000,ERR481068.fastq.gz,ERR481068,ac15ab20,7355000,51,DNA,1000,7355,True,0.9103137879036344,0.9114854473234327,0.9108996176135336,0.9114854473234327,False,58,6549,9700,Bacteria;Firmicutes;Clostridia;Eubacteriales;Lachnospiraceae;Blautia;Blautia sp. MSK.20.9
55000,0.007477906186267845,0.014334862385321102,0.006798096532970768,0.005670103092783505,1.1,1.0,0.3,/tmp/nxf.XXXXAyiaDO/sourmash_database/genbank-2022.03-bacteria-k51.zip,"GCA_015552745.1 Agathobaculum butyriciproducens strain=1001099B_141217_D10, ASM1555274v1",25068f91040a0e9512140d93fa529bc4,0.01576834862385321,50000,17,1165000,ERR481068.fastq.gz,ERR481068,ac15ab20,7355000,51,DNA,1000,7355,True,0.9084675350767415,0.9218547011208366,0.9151611180987891,0.9218547011208366,False,55,6604,9700,Bacteria;Firmicutes;Clostridia;Eubacteriales;Oscillospiraceae;Agathobaculum;Agathobaculum butyriciproducens
